# YYYYMMDD	N_correlation	E_correlation	U_correlation
20120430	0.6987247745	-0.2203835035	-0.7233222882
20120501	0.6525427139	-0.121213484	-0.8461088988
20120502	0.6187713443	0.04691967222	-0.8594889729
20120503	0.5983797208	0.3122666517	-0.8411961505
20120504	0.5969223274	0.5623600645	-0.8031471202
20120505	0.6146656219	0.7576469644	-0.7590670161
20120506	0.652617746	0.8940109635	-0.7403780557
20120507	0.6958777723	0.9373836949	-0.72931867
20120508	0.7438856063	0.9597609655	-0.7420816737
20120509	0.7790398685	0.9584082545	-0.7482122678
20120510	0.8188133537	0.9497203421	-0.7489575292
20120511	0.8568675771	0.9304338689	-0.7381520507
20120512	0.8890583454	0.9128201507	-0.7144697197
20120513	0.9114765351	0.8952181739	-0.6717454153
20120514	0.9312159084	0.8855036056	-0.5982885994
20120515	0.9456989546	0.8890685719	-0.494644197
20120516	0.9589600344	0.9056497704	-0.3985567766
20120517	0.9657613132	0.9233090205	-0.3260923481
20120518	0.9686333159	0.9413831631	-0.3160941868
20120519	0.9690080658	0.9523776436	-0.3330039874
20120520	0.9687666264	0.9606048045	-0.3711567084
20120521	0.967953816	0.9645595069	-0.4116723295
20120522	0.9671636196	0.9668896043	-0.4305286936
20120523	0.966563286	0.9698776117	-0.4043980743
20120524	0.9665187144	0.9720189872	-0.3148567177
20120525	0.9669257394	0.97415468	-0.1574511982
20120526	0.9669482569	0.9757431227	0.04368248556
20120527	0.9628311724	0.9772112796	0.2625008941
20120528	0.9566362655	0.978284812	0.4219730409
20120529	0.9290255605	0.9790188004	0.5511385529
20120530	0.8741616618	0.9794497809	0.6394634375
20120531	0.784991762	0.9797071899	0.7033556053
20120601	0.6799682934	0.9797845479	0.7482528021
20120602	0.593513975	0.9798225931	0.7770173945
20120603	0.5424564852	0.9797225345	0.7916544913
20120604	0.522550017	0.9794177759	0.7931954161
20120605	0.5176487028	0.9784460769	0.7810742023
20120606	0.5282649309	0.9752211223	0.7626955154
20120607	0.5406576122	0.9704023352	0.7526726618
20120608	0.5673603668	0.9554022978	0.7497177652
20120609	0.5848004227	0.9392403237	0.7566552186
20120610	0.6062671922	0.9289160922	0.7710833351
20120611	0.6195432589	0.9302552429	0.792252803
20120612	0.6468293968	0.9425889008	0.8196752167
20120613	0.6697811887	0.9555472126	0.849408333
20120614	0.7150875053	0.9642593252	0.8776646451
20120615	0.7559911112	0.9668105206	0.9027655929
20120616	0.8147951646	0.969985442	0.9235997608
20120617	0.8580456696	0.9702344575	0.9384587884
20120618	0.896767302	0.9694440995	0.9486591903
20120619	0.8805656193	0.9661010268	0.9560027589
20120620	0.8290709552	0.9611684708	0.9600298631
20120621	0.7463468889	0.9552364544	0.9623193229
20120622	0.6766486706	0.9502329756	0.9623360061
20120623	0.6058444018	0.9465729929	0.9609634035
20120624	0.5348035941	0.9448783158	0.9578716825
20120625	0.4437536888	0.944142036	0.9535013565
20120626	0.368853477	0.9433423149	0.9474075836
20120627	0.3102491967	0.9396911527	0.9372129957
20120628	0.2858581611	0.9315109153	0.919919761
20120629	0.2878549736	0.9171330129	0.8863168131
20120630	0.307907339	0.8969645947	0.8381584394
20120701	0.3263633572	0.8701999391	0.7697595144
20120702	0.3226362849	0.8377724324	0.6759311596
20120703	0.2941733647	0.800926621	0.5505054407
20120704	0.2292284887	0.7636569059	0.3946532919
20120705	0.1396076699	0.7270579393	0.2243958655
20120706	0.03027275658	0.6927806437	0.08527900063
20120707	-0.06193911033	0.6646767749	0.0173766664
20120708	-0.1035166608	0.6520279629	0.005207924438
20120709	-0.07315355728	0.6587096968	0.008064272417
20120710	0.02629254832	0.6804605316	0.004248136934
20120711	0.1529537602	0.7093555152	-0.008313205449
20120712	0.2785365177	0.7350479967	-0.01235571908
20120713	0.3733238356	0.7553562306	-0.03076573514
20120714	0.4370233007	0.7644329457	-0.06972795524
20120715	0.4669207263	0.7705026972	-0.1234441979
20120716	0.4698211404	0.770582187	-0.1841250892
20120717	0.4490446377	0.7717359714	-0.2402188264
20120718	0.4176856469	0.7707580438	-0.2804269652
20120719	0.3947467879	0.772909367	-0.3106903124
20120720	0.3824259705	0.7771570906	-0.3381033522
20120721	0.3772451424	0.7844398061	-0.3520675404
20120722	0.3676436175	0.7959355712	-0.3303967547
20120723	0.3555829593	0.8097918401	-0.2464665713
20120724	0.3449806112	0.8219584758	-0.1142199674
20120725	0.3370768971	0.8258474489	0.04612082151
20120726	0.3292505717	0.8199115917	0.2127598795
20120727	0.3201710478	0.7922555688	0.3681635914
20120728	0.3087602658	0.7461893556	0.5005913661
20120729	0.292725598	0.6660275735	0.6180469834
20120730	0.2722086176	0.5605042654	0.7115663199
20120731	0.2439658587	0.420458884	0.7851182572
20120801	0.2153644198	0.2594332136	0.8422406114
20120802	0.1987546256	0.0921885333	0.8853005145
20120803	0.2003828051	-0.05879309291	0.9151358227
20120804	0.2098647911	-0.1646097232	0.9290490376
20120805	0.2279427417	-0.2338863822	0.9295499986
20120806	0.2312660511	-0.2755789355	0.9155425359
20120807	0.2279547336	-0.3014389827	0.8969171316
20120808	0.2090573608	-0.3128892568	0.8893121529
20120809	0.1812350201	-0.3166247665	0.8960417573
20120810	0.1461281697	-0.317847715	0.9107012411
20120811	0.1137483527	-0.3139527763	0.9253822472
20120812	0.09510700797	-0.3123083893	0.9387408
20120813	0.09428592547	-0.2966593417	0.9517822999
20120814	0.09827067519	-0.2758367727	0.9630881629
20120815	0.1408243048	-0.2138653036	0.9729878037
20120816	0.2239954808	-0.1234801817	0.9811521038
20120817	0.3267983272	0.02657776815	0.9878140434
20120818	0.4306307897	0.1972354921	0.9925574142
20120819	0.5247510814	0.3722492398	0.9954042781
20120820	0.6044838295	0.5144628791	0.996300976
20120821	0.6690147263	0.5938247169	0.9953338385
20120822	0.7217335314	0.6093228928	0.9926439581
20120823	0.7637858108	0.5802838094	0.9884277631
20120824	0.7992975711	0.5338249907	0.9828274213
20120825	0.828923735	0.4759621502	0.9760959868
20120826	0.85379968	0.4663038513	0.9685659231
20120827	0.8729542204	0.4827649552	0.9606192305
20120828	0.8870706492	0.5610744717	0.9538408233
20120829	0.8944941389	0.6336399696	0.9509136194
20120830	0.8942480072	0.7045667663	0.9529151756
20120831	0.8852540663	0.7643198482	0.9576336606
20120901	0.8788159904	0.8110507983	0.9634012046
20120902	0.8696361543	0.8433282206	0.9674238639
20120903	0.8572001677	0.8738483119	0.967136222
20120904	0.8360293374	0.890784711	0.9657975923
20120905	0.806245249	0.9018970389	0.9669562954
20120906	0.7642677011	0.9001930118	0.9678537421
20120907	0.7148849503	0.8924369273	0.9661440276
20120908	0.6591046097	0.8855145263	0.9584777201
20120909	0.6031431844	0.8591282089	0.9466121101
20120910	0.5462462354	0.8386945139	0.9294513782
20120911	0.4891634404	0.8405707919	0.9044490255
20120912	0.4292874319	0.8607180454	0.8666246651
20120913	0.3648717754	0.8800959881	0.8064947278
20120914	0.3144672819	0.895247185	0.7064824343
20120915	0.2912855759	0.9054279231	0.5399837018
20120916	0.2968453727	0.9113535781	0.2920287699
20120917	0.3271498839	0.9153791992	0.03463125787
20120918	0.3723077568	0.9165779647	-0.0840810616
20120919	0.4270027333	0.9190503695	-0.04264000203
20120920	0.4841081532	0.9214116536	0.1042740864
20120921	0.541015437	0.935878955	0.1999919692
20120922	0.5984465449	0.9529163931	0.2254890686
20120923	0.6511453744	0.9719870404	0.2033294024
20120924	0.6964619891	0.9827123054	0.1658269795
20120925	0.7335479271	0.9904005831	0.1531052692
20120926	0.764921118	0.9936406058	0.1950303838
20120927	0.7902811808	0.9957946725	0.2736862622
20120928	0.7972859104	0.996603098	0.3455979374
20120929	0.7352301122	0.9971727525	0.3994163335
20120930	0.641889286	0.9973625636	0.4399916525
20121001	0.5882622585	0.9974916386	0.4681779564
20121002	0.5850042884	0.9974117087	0.5057507189
20121003	0.5983384174	0.9973696242	0.5624439173
20121004	0.6592315037	0.9973029111	0.609172938
20121005	0.7144450159	0.9973855215	0.6213646031
20121006	0.7991009904	0.9974151249	0.6150204764
20121007	0.8695343225	0.9974508675	0.6089904659
20121008	0.9235623445	0.9973022351	0.62125216
20121009	0.9466679456	0.9969645786	0.6470975902
20121010	0.9584214202	0.9966297283	0.6834407433
20121011	0.9694587713	0.9966375892	0.7235802962
20121012	0.979683392	0.9963066606	0.7609307367
20121013	0.9853878124	0.9954232472	0.7898656927
20121014	0.9881647295	0.9937544709	0.8059445989
20121015	0.9893690774	0.9910197761	0.8059983885
20121016	0.9896743908	0.9879292657	0.7880937421
20121017	0.9887438501	0.9851645218	0.752507629
20121018	0.9867416611	0.9842496786	0.7037299221
20121019	0.9827909447	0.9861885073	0.6511074244
20121020	0.9765837415	0.9890238375	0.5603244771
20121021	0.9681704134	0.9916445524	0.4577520788
20121022	0.9604900209	0.9929569422	0.3647090727
20121023	0.9535029906	0.9936369337	0.2863968791
20121024	0.9491049749	0.9941738982	0.1930955263
20121025	0.9442320884	0.9946534609	0.06049664805
20121026	0.936855618	0.9951759916	-0.04346914501
20121027	0.927112774	0.9956992987	-0.1118461432
20121028	0.9171295162	0.9962408656	-0.1441856904
20121029	0.9045509926	0.9967694865	-0.1353695786
20121030	0.8901029169	0.9972260157	-0.09148569891
20121031	0.877750378	0.9975756971	-0.01849420939
20121101	0.8623717509	0.9977366928	0.06833323711
20121102	0.8407571298	0.9965784614	0.1538464695
20121103	0.8390296079	0.9942945734	0.2293380584
20121104	0.8392623018	0.9908832327	0.2940470086
20121105	0.8555179396	0.987131277	0.3466210355
20121106	0.8795049673	0.9820809907	0.3822254596
20121107	0.9042901423	0.9762961347	0.3937730016
20121108	0.9233065205	0.9683195899	0.4264869965
20121109	0.9331152983	0.9595785755	0.4794063532
20121110	0.9361504755	0.9500774999	0.5170198564
20121111	0.9366679649	0.9447000646	0.5389032878
20121112	0.936330328	0.9449440562	0.5434442027
20121113	0.9357524264	0.9510062492	0.5041863768
20121114	0.9311121467	0.9585557294	0.4492496912
20121115	0.9238005629	0.9650375058	0.3863463418
20121116	0.91170659	0.9704524556	0.3241023872
20121117	0.9072076856	0.9745071197	0.2842938418
20121118	0.8950283228	0.9780192124	0.2819958284
20121119	0.8689513938	0.9805922682	0.334717191
20121120	0.8300943038	0.9828230975	0.4255723292
20121121	0.7923788232	0.9845658542	0.5310990307
20121122	0.7814433319	0.9860129137	0.6258276854
20121123	0.8037158907	0.9870621404	0.7053693382
20121124	0.8394504969	0.9880464238	0.7705038829
20121125	0.8715868395	0.9889837338	0.8247300799
20121126	0.8950230331	0.9899060155	0.8689542285
20121127	0.9129109771	0.9911682179	0.9051492557
20121128	0.9255376066	0.9925427228	0.9331763351
20121129	0.9340644222	0.9943951767	0.9562523454
20121130	0.9392363637	0.9965023182	0.9730107855
20121201	0.942013766	0.9985011723	0.983474637
20121202	0.9442668904	0.9988968135	0.9876813616
20121203	0.9501686721	0.9986292468	0.9878901369
20121204	0.9561143183	0.9982260017	0.9874270673
20121205	0.9617858078	0.9973576359	0.9864526165
20121206	0.966254025	0.9962707531	0.9839886242
20121207	0.969147287	0.9942112966	0.9771125992
20121208	0.9695609653	0.9918550451	0.9656493081
20121209	0.9679024559	0.9877288412	0.9509499956
20121210	0.9633995538	0.9839867523	0.9366929021
20121211	0.9574932745	0.9789142993	0.9245456407
20121212	0.9499697578	0.9776360941	0.9160353567
20121213	0.9435744451	0.9770746757	0.9192346777
20121214	0.9387711326	0.977093975	0.9284258871
20121215	0.9381915382	0.9723326618	0.9403504894
20121216	0.9405554251	0.9648129496	0.9544438195
20121217	0.940281989	0.9580515104	0.9658892609
20121218	0.9405796778	0.9396731824	0.9742494175
20121219	0.9433116541	0.9235682487	0.977486461
20121220	0.9457272879	0.9042899871	0.9785471826
20121221	0.9506703115	0.8841289369	0.977886749
20121222	0.9562596689	0.8622348738	0.9767448783
20121223	0.961910189	0.8383082249	0.9750012498
20121224	0.9625115085	0.8138517961	0.9723134874
20121225	0.9593023108	0.7894762689	0.9678587762
20121226	0.9519029973	0.7705723017	0.9598719704
20121227	0.9422284037	0.7611691717	0.946960686
20121228	0.9296236064	0.7681302494	0.9246394508
20121229	0.9131230241	0.7763580118	0.9003005455
20121230	0.8986607339	0.7918173671	0.8595159888
20121231	0.8866060775	0.7735571845	0.8034409343
20130101	0.8886395414	0.7469993709	0.7297876516
20130102	0.8965923001	0.7294352769	0.6387891803
20130103	0.9108162239	0.7259289373	0.5421812343
20130104	0.922683152	0.7267739255	0.4457942023
20130105	0.9318320247	0.7316479248	0.3432343624
20130106	0.9309227164	0.7426942394	0.2439649046
20130107	0.926822115	0.7498316118	0.1651832578
20130108	0.9144791248	0.7574239263	0.1218784711
20130109	0.8964274885	0.7579229467	0.1194300726
20130110	0.8733880918	0.7536395391	0.162414564
20130111	0.8695062034	0.7396983729	0.2445381697
20130112	0.8612129614	0.7180416099	0.3458240706
20130113	0.8649282014	0.6851825339	0.4386355944
20130114	0.8572318631	0.6470649805	0.509768836
20130115	0.8577699197	0.6070899605	0.5599052112
20130116	0.8481288104	0.5719312575	0.585363635
20130117	0.8493648786	0.5375649738	0.6063705976
20130118	0.8465444263	0.4994577171	0.6123475433
20130119	0.8568293044	0.4508831864	0.598066045
20130120	0.8664953778	0.4051815597	0.5597802468
20130121	0.8866732792	0.3755146635	0.5104298696
20130122	0.9046840975	0.3565075263	0.4479240643
20130123	0.9260082047	0.3687851081	0.3693968286
20130124	0.9412588637	0.3963330218	0.2952393695
20130125	0.9539832164	0.4438790483	0.2495274378
20130126	0.9613676088	0.5109506142	0.2281650147
20130127	0.9662421796	0.6000264717	0.2314046047
20130128	0.9684698772	0.702026587	0.2443067029
20130129	0.9641137476	0.8024491511	0.2704508379
20130130	0.9585974936	0.8226550434	0.3040642965
20130131	0.9486554341	0.8018862123	0.3399188379
20130201	0.9383121206	0.767263961	0.3779946016
20130202	0.927029884	0.7257757154	0.4246900885
20130203	0.9154566017	0.6777481387	0.4803356274
20130204	0.8979851028	0.6177697396	0.544538714
20130205	0.8717919172	0.5495642207	0.6085433706
20130206	0.8393194161	0.4746565676	0.6632471736
20130207	0.8158458441	0.3781528617	0.68169773
20130208	0.8076538247	0.2435223095	0.6881278399
20130209	0.8206771052	0.08165881969	0.6880934483
20130210	0.8358968186	-0.08491244295	0.6823153763
20130211	0.8605409093	-0.1922812537	0.6820097501
20130212	0.8775081268	-0.2533215988	0.6916246437
20130213	0.8966946808	-0.257363616	0.7114514348
20130214	0.9086202473	-0.1962618441	0.7449359256
20130215	0.9225196651	-0.04621353887	0.7802120908
20130216	0.9301342013	0.1725971383	0.8127629362
20130217	0.9397051919	0.4081009822	0.8207005829
20130218	0.9441831213	0.5700297727	0.8118733801
20130219	0.9501368536	0.6788034185	0.7945613211
20130220	0.9513849805	0.732850306	0.7730570369
20130221	0.9532739067	0.7473501017	0.7526591639
20130222	0.9501539824	0.6825156784	0.731444507
20130223	0.9463988007	0.6522358294	0.7192669923
20130224	0.9363390635	0.6350301557	0.7077248649
20130225	0.9244444396	0.6343598339	0.7023677731
20130226	0.9045863372	0.6670183912	0.6995044279
20130227	0.8830973092	0.7046280028	0.6986161971
20130228	0.8604467133	0.7371024176	0.6869739668
20130301	0.8464329122	0.7709707326	0.645254134
20130302	0.8489999411	0.800107114	0.5670027717
20130303	0.8594235952	0.8231803033	0.4928030122
20130304	0.8732612715	0.84725055	0.4648607013
20130305	0.8854536256	0.8655586307	0.4818531584
20130306	0.8952788714	0.8834143614	0.5192021731
20130307	0.9001567745	0.8943223031	0.5547669352
20130308	0.8925841703	0.9043720878	0.5867974369
20130309	0.8865362879	0.9112940764	0.6215661161
20130310	0.8812443236	0.9187308246	0.6559565625
20130311	0.8782867187	0.9267669206	0.6886033901
20130312	0.8771554582	0.9339572011	0.7200321547
20130313	0.8894064048	0.9415188615	0.7480407728
20130314	0.9039623004	0.9482279268	0.7675502473
20130315	0.9198316041	0.9516735101	0.7751685552
20130316	0.9325773422	0.9542294762	0.7687278459
20130317	0.9456687159	0.9543940727	0.7492669178
20130318	0.9554771225	0.9533621428	0.7222800838
20130319	0.9652876797	0.9509592173	0.6840528652
20130320	0.9720371584	0.9438425594	0.6349324667
20130321	0.9785723183	0.9297331679	0.5838208819
20130322	0.9838996672	0.911454562	0.5330265358
20130323	0.9854367994	0.9074511088	0.4760814394
20130324	0.9868206612	0.9094696766	0.4117620052
20130325	0.9873824708	0.9197722418	0.3389358235
20130326	0.9877013908	0.9282047087	0.2612795229
20130327	0.9879778861	0.9358918869	0.1866310119
20130328	0.9884743287	0.941566744	0.1286101873
20130329	0.9881549454	0.9470942785	0.1034989433
20130330	0.9879368248	0.9491748722	0.1207766439
20130331	0.9851652591	0.9516727287	0.1820856464
20130401	0.9831470044	0.9514574089	0.2800048062
20130402	0.9788792968	0.9487780765	0.4007596008
20130403	0.9774688493	0.943631151	0.5217391294
20130404	0.9754110092	0.932819038	0.6259076085
20130405	0.9759876916	0.9071358988	0.7086782436
20130406	0.9685466963	0.8387915671	0.7731090487
20130407	0.9694716282	0.6986073103	0.8223149724
20130408	0.9720326178	0.5391715314	0.8597686925
20130409	0.9768116114	0.3810153038	0.8884213047
20130410	0.9805699138	0.2865142448	0.9106389056
20130411	0.9834876658	0.2471707429	0.9280640977
20130412	0.9845257821	0.2390011645	0.9419063615
20130413	0.9841095327	0.215126517	0.9531815009
20130414	0.9796682228	0.1991304957	0.9621682151
20130415	0.9782403423	0.1723189683	0.9674244989
20130416	0.9766954289	0.176896202	0.9718067728
20130417	0.9752965399	0.1991974899	0.9778796693
20130418	0.9738290051	0.2174912915	0.9806511645
20130419	0.9715041983	0.2651335467	0.9827074136
