# YYYYMMDD	N_correlation	E_correlation	U_correlation
20130130	0.7654650055	-0.178267613	0.3973066605
20130131	0.774209254	-0.1562719078	0.3926564326
20130201	0.8059041439	-0.1496059715	0.3623587463
20130202	0.7973281201	-0.09383718274	0.274720771
20130203	0.7320602747	-0.01706715058	0.1418861104
20130204	0.6861930283	0.02778607323	0.1605833788
20130205	0.6224504212	0.1580585073	0.2086179929
20130206	0.5891501721	0.3387299846	0.1861201723
20130207	0.5432745199	0.363440182	0.07090318619
20130208	0.5101566258	0.3681535188	0.01869956943
20130209	0.495626554	0.383097978	-0.02870875267
20130210	0.5227801872	0.3443105924	-0.0836188671
20130211	0.5501972589	0.269596196	-0.1368721944
20130212	0.5586348477	0.2178388108	-0.19366157
20130213	0.5816385189	0.1591271613	-0.2306374112
20130214	0.6350757782	0.1067015403	-0.2359425565
20130215	0.6555035424	-0.08329404832	-0.1996457882
20130216	0.6785576323	-0.04432785929	-0.1956922526
20130217	0.6643728776	-0.07371761106	-0.1764753201
20130218	0.6658426604	-0.07851708552	-0.2826178537
20130219	0.7262922516	-0.1176891473	-0.434892171
20130220	0.6952810235	-0.1259870706	-0.5080883705
20130221	0.6830014454	-0.1193254833	-0.4878694385
20130222	0.6823624877	-0.06207746769	-0.5190370424
20130223	0.677338834	-0.1024644257	-0.5040977977
20130224	0.6608073954	0.07838087403	-0.5079267448
20130225	0.6160269966	0.3102390136	-0.4792239044
20130226	0.5418735792	0.5171157691	-0.4351470752
20130227	0.540646237	0.6398015027	-0.3854751958
20130228	0.5412601617	0.6680793738	-0.3496039182
20130301	0.5074241283	0.6949219951	-0.3229266495
20130302	0.5575798756	0.7167988221	-0.0650735013
20130303	0.6009855005	0.7374648583	-0.05030075976
20130304	0.6602196328	0.7584900151	-0.01522387402
20130305	0.7142539737	0.7780180353	0.08827211306
20130306	0.7517247439	0.786521899	0.2389448715
20130307	0.7937244835	0.798698316	0.4011281531
20130308	0.8189845042	0.7973377078	0.5164898754
20130309	0.8450406694	0.7909984173	0.6313804431
20130310	0.8703309287	0.7874003727	0.704920128
20130311	0.8913256749	0.7845933126	0.770993374
20130312	0.881132022	0.7807204863	0.841053059
20130313	0.8065885125	0.773640105	0.8213857555
20130314	0.7546520088	0.7549570218	0.8452627592
20130315	0.7015518706	0.7398760435	0.8331331133
20130316	0.6349458194	0.644931417	0.7995973322
20130317	0.5421103085	0.6216768467	0.7673617152
20130318	0.4907215665	0.5981557605	0.7389710009
20130319	0.3991686237	0.5831595957	0.7115565254
20130320	0.3251467115	0.5326878725	0.6799499945
20130321	0.2691913171	0.5735907399	0.6922492737
20130322	0.2480474445	0.5540620231	0.6545683722
20130323	0.1001967823	0.5681480919	0.6439964866
20130324	0.02692928214	0.581716308	0.5979693232
20130325	-0.06842668161	0.5831308207	0.5492379547
20130326	-0.1417062114	0.6059992034	0.5473592376
20130327	-0.1748700468	0.6441373946	0.5683452232
20130328	-0.1794314511	0.6647998476	0.5915660345
20130329	-0.1433164022	0.6556387486	0.6152432208
20130330	-0.08449334388	0.5975559374	0.6663386873
20130331	-0.02191642124	0.5551491839	0.6855392314
20130401	0.1392670499	0.4996768692	0.7183231431
20130402	0.2667116233	0.4163276419	0.762977656
20130403	0.4240411947	0.3042603631	0.7835927663
20130404	0.5252237051	0.2401629105	0.8130956789
20130405	0.6330024187	0.03484807487	0.8356313975
20130406	0.6903636614	-0.06300366808	0.8483779421
20130407	0.7420592811	-0.2412725838	0.8720215346
20130408	0.791930906	-0.5108367487	0.9115959688
20130409	0.8421781582	-0.5873038479	0.9271807653
20130410	0.900809633	-0.6248618463	0.9383401044
20130411	0.9196385654	-0.7086444181	0.9377632808
20130412	0.9171110726	-0.7384431254	0.9338781194
20130413	0.9141236634	-0.7438026531	0.9265612322
20130414	0.9070115246	-0.74224908	0.9213267084
20130415	0.8972260151	-0.7652688279	0.9166861879
20130416	0.8907368922	-0.7659167393	0.8767567121
20130417	0.8877554184	-0.7602354179	0.8491679174
20130418	0.8794544915	-0.7541976239	0.795794493
20130419	0.8828200091	-0.7744815805	0.7243968274
20130420	0.8759236778	-0.7916519957	0.6149314229
20130421	0.8829154852	-0.8485168746	0.5218254955
20130422	0.8885279227	-0.876326648	0.4594648157
20130423	0.8906477344	-0.9019966626	0.4548562398
20130424	0.9009787231	-0.9173458653	0.5036665135
20130425	0.8952297254	-0.9133826878	0.5372072673
20130426	0.873414627	-0.9142925659	0.5621736175
20130427	0.8686930688	-0.9148603755	0.560809526
20130428	0.8521508179	-0.9174488354	0.5258231433
20130429	0.8291241198	-0.9163678389	0.4523081104
20130430	0.8039699745	-0.9164928724	0.3597943214
20130501	0.7888317848	-0.9156310679	0.290017928
20130502	0.7489404688	-0.9112727098	0.2291412655
20130503	0.7171026729	-0.9071361777	0.1780180668
20130504	0.6929684025	-0.9056841749	0.1608035803
20130505	0.6589935132	-0.8934483521	0.1682900184
20130506	0.6383626526	-0.87759164	0.1822287271
20130507	0.6036930445	-0.8652397836	0.1951362609
20130508	0.5722429316	-0.8414944964	0.1271956333
20130509	0.5331561065	-0.8165488163	0.1375587372
20130510	0.480030781	-0.7784808282	0.1523702485
20130511	0.421514774	-0.7348295112	0.1716400201
20130512	0.3646875415	-0.6608137362	0.2019107344
20130513	0.3105542019	-0.5845841344	0.2421465285
20130514	0.2998481326	-0.4979468961	0.3025958935
20130515	0.3149022338	-0.5529076679	0.3402834756
20130516	0.3257336859	-0.5227083281	0.2768066112
20130517	0.35786267	-0.5261351414	0.2762870967
20130518	0.410300531	-0.5093569484	0.1548001181
20130519	0.4554103386	-0.5182404536	0.1066884088
20130520	0.4528150835	-0.5424583914	0.1198727068
20130521	0.4531572471	-0.5654596031	0.09209246867
20130522	0.4347515008	-0.6377136852	0.03326996861
20130523	0.3913079604	-0.5489001078	0.003611163924
20130524	0.3350492923	-0.4598504565	-0.03190152515
20130525	0.1627674695	-0.2913135939	-0.07613694636
20130526	-0.009579571231	-0.08628275068	-0.1269699749
20130527	-0.2257486243	0.1371059028	-0.1764959982
20130528	-0.3849408291	0.2962184917	-0.1969802539
20130529	-0.5214569756	0.4675885045	-0.2242981713
20130530	-0.6220489302	0.5777386871	-0.1375912006
20130531	-0.6378329502	0.65492003	-0.03355107346
20130601	-0.6008332752	0.7009965869	0.08913317167
20130602	-0.5177206472	0.7439965082	0.1907815818
20130603	-0.4163602459	0.7816628385	0.2157214718
20130604	-0.2752125156	0.8057511609	0.2281977584
20130605	-0.09191742054	0.8310009948	0.1870874258
20130606	0.05285194314	0.8577981985	0.09273489495
20130607	0.1220845539	0.8718842769	-0.009420703376
20130608	0.07864652431	0.8829685005	-0.1035416214
20130609	0.02260103355	0.84952154	-0.1784040969
20130610	0.06791731532	0.8388928168	-0.2267555239
20130611	0.08710730411	0.8085503609	-0.2336593262
20130612	0.06148391036	0.7673407643	-0.2203645074
20130613	0.09326825359	0.6961924795	-0.1995651908
20130614	0.02494583991	0.5998233301	-0.1537208763
20130615	-0.02230054704	0.4545691155	-0.02235648617
20130616	-0.1017693744	0.2925717351	0.04134562044
20130617	-0.1220602227	0.1727480505	0.1536331966
20130618	-0.1512304148	-0.02065449162	0.2358392727
20130619	-0.158884537	-0.1175232329	0.2677520986
20130620	-0.1943249149	-0.2237070153	0.3345796702
20130621	-0.23088931	-0.3514016604	0.380622587
20130622	-0.2650511221	-0.3635227988	0.4238458762
20130623	-0.2526555969	-0.3756103966	0.3634520374
20130624	-0.2966806834	-0.3701771357	0.3835355774
20130625	-0.2329738729	-0.3558959265	0.3481596162
20130626	-0.2074609841	-0.343170836	0.3085667971
20130627	-0.2183009183	-0.2098319453	0.2841949219
20130628	-0.2565669785	-0.07384071376	0.2729474565
20130629	-0.3213040087	0.06812639794	0.3051009788
20130630	-0.4272179227	0.1582129051	0.3135133509
20130701	-0.4225584968	0.2118352623	0.3259926545
20130702	-0.3988266206	0.2592172678	0.3455347237
20130703	-0.342645421	0.2366641704	0.3119195332
20130704	-0.3218823528	0.2317970064	0.3421792541
20130705	-0.2493828953	0.2384365805	0.3686267178
20130706	-0.1772455283	0.235035651	0.3209915246
20130707	-0.05628717876	0.2228230133	0.3050564229
20130708	0.06187604071	0.2146694493	0.2957956528
20130709	0.1257552485	0.224726215	0.2951227442
20130710	0.2381095528	0.1530765102	0.3025092011
20130711	0.3304745408	0.07730660853	0.3278752447
20130712	0.3583351827	-0.01619798536	0.3607835043
20130713	0.4440176635	-0.1106165066	0.3955107372
20130714	0.5661134047	-0.2181142503	0.4020176512
20130715	0.6413417027	-0.3096994619	0.4439283902
20130716	0.80092921	-0.4197804147	0.4449564671
20130717	0.8515814179	-0.5792419522	0.4426805234
20130718	0.8382236049	-0.6203609844	0.4311935954
20130719	0.8389029994	-0.6515320411	0.414745263
20130720	0.7998084101	-0.662295384	0.3460496046
20130721	0.6970263437	-0.6903344418	0.2876658782
20130722	0.6568295389	-0.7090920728	0.1579668741
20130723	0.3799611826	-0.7175567791	0.07036637487
20130724	0.3237499581	-0.6435179196	-0.01060728651
20130725	0.3694414222	-0.5375685302	-0.0126937334
20130726	0.2823453086	-0.4049490676	-0.02512604191
20130727	0.2013595438	-0.3370601256	-0.02988725744
20130728	0.1229977863	-0.3273036578	-0.01925423998
20130729	0.05490383015	-0.2958858166	0.003924368802
20130730	-0.02815624179	-0.2782616754	0.0116597821
20130731	-0.08366331224	-0.2677514669	0.001331762638
20130801	-0.1294782181	-0.2555956226	0.01471135923
20130802	-0.1223782131	-0.2668148548	0.05594313863
20130803	-0.1060177593	-0.2745477959	0.07791384478
20130804	-0.06843687147	-0.2530780392	0.08641836346
20130805	-0.049408727	-0.2249327033	0.09959993159
20130806	-0.06682215614	-0.1393093827	0.03260254439
20130807	0.0139875155	-0.08544612418	0.02201225623
20130808	-0.03021286664	-0.1142726808	0.005788752356
20130809	-0.04381248556	-0.08381312591	-0.01479970492
20130810	-0.06315099348	0.01452483454	0.004563673967
20130811	-0.07718377119	0.1368020296	0.05784027464
20130812	-0.07167099928	0.253960021	0.04133273676
20130813	-0.07116075963	0.3584092913	0.003033224155
20130814	-0.03358237643	0.4246122011	-0.008907656709
20130815	0.02012431263	0.4393588297	-0.02151744001
20130816	0.07781201773	0.4627063636	-0.08086078745
20130817	0.1311560574	0.4545635799	-0.1061672864
20130818	0.220371983	0.3450703586	-0.121793805
20130819	0.1935127268	0.1534651147	-0.1251634425
20130820	0.2506455889	0.07074169304	-0.08167983619
20130821	0.2810391248	0.05524023584	-0.09538139379
20130822	0.3972997029	0.05350470769	-0.09827508838
20130823	0.4389864583	0.005988029256	-0.09888335098
20130824	0.4031162942	-0.06817262562	-0.1141120726
20130825	0.4891433471	-0.08500013678	-0.1284186099
20130826	0.5852516508	-0.2026234365	-0.1294271392
20130827	0.6310759532	-0.2092550909	-0.1615445624
20130828	0.6524048571	-0.3810462168	-0.2460215078
20130829	0.6677646518	-0.3638133085	-0.291174068
20130830	0.6793623521	-0.3887733817	-0.3222514638
20130831	0.7086175685	-0.4410783395	-0.3556431959
20130901	0.7416999448	-0.4314212618	-0.3926637555
20130902	0.7747191648	-0.4357874295	-0.4382243229
20130903	0.7896284544	-0.4484154911	-0.4105917383
20130904	0.8158620947	-0.472439059	-0.4216189344
20130905	0.8202623879	-0.4233462165	-0.4287961031
20130906	0.8688729822	-0.3619232717	-0.3580115562
20130907	0.8734107866	-0.3002347141	-0.3644160255
20130908	0.865473288	-0.1983630369	-0.3878817472
20130909	0.8687614397	-0.102395797	-0.3861588304
20130910	0.9002003373	0.03385685039	-0.4878911231
20130911	0.9033781803	0.1163337709	-0.4895002716
20130912	0.9013109923	0.1822963072	-0.4808907729
20130913	0.8985091355	0.2265688586	-0.4973178486
20130914	0.8931623166	0.3044599443	-0.5346423792
20130915	0.8845013565	0.4032775435	-0.4337478128
20130916	0.8769487978	0.4764266938	-0.3505945934
20130917	0.8563200316	0.4775761533	-0.2498487345
20130918	0.8520924731	0.4955053285	-0.1188870339
20130919	0.8147100313	0.5068417895	-0.0895460864
20130920	0.7275948782	0.5268601901	0.09471037555
20130921	0.6679306096	0.533205882	0.2809439832
20130922	0.5735019395	0.5258202557	0.4282280348
20130923	0.4622469697	0.517194141	0.534205274
20130924	0.4172004059	0.6764632893	0.5493060449
20130925	0.3398066883	0.6671285984	0.5595722086
20130926	0.3067843488	0.658616292	0.576434885
20130927	0.2913396067	0.7334401177	0.5845725277
20130928	0.2924273053	0.862968337	0.5923940723
20130929	0.2894094163	0.8520522478	0.5803360091
20130930	0.2485375884	0.8480334305	0.4928561217
20131001	0.1616881114	0.7942606402	0.4967941942
20131002	0.09517374333	0.7533718392	0.5247858555
20131003	0.1133219431	0.6750503244	0.5396167228
20131004	0.1186080703	0.6070560405	0.5388514671
20131005	0.09077965573	0.4717010971	0.6260601527
20131006	0.003464366519	0.3736054092	0.4634453382
20131007	-0.07527784178	0.2739262809	0.4482923487
20131008	-0.1134281877	0.1978830938	0.4297589388
20131009	-0.1888240398	0.1270244679	0.2712087457
20131010	-0.1665280852	0.1027634519	0.1797803058
20131011	-0.1451735992	0.09861374475	0.1479741535
20131012	-0.180936563	0.08017710574	0.07232206625
20131013	-0.1691065472	0.07275320871	-0.05657972694
20131014	-0.1295343061	0.07738226529	-0.06227763423
20131015	-0.07509188381	0.05740904603	-0.03032044561
20131016	0.0039573062	0.02074027039	0.06058329141
20131017	0.1472470565	0.003488968717	0.1925044752
20131018	0.2777671646	-0.01033125289	0.1725575198
20131019	0.3458067019	0.0009209731812	0.2700398437
20131020	0.4056347019	0.01852314236	0.3709486938
20131021	0.4370803066	-7.481181599e-05	0.4403622398
20131022	0.5561635849	-0.05157855937	0.5020359878
20131023	0.6043921438	-0.1452958202	0.5650976949
20131024	0.6265431265	-0.2290615319	0.6321572339
20131025	0.6367986468	-0.3087480653	0.7268162196
20131026	0.6723539795	-0.3902257577	0.7676801958
20131027	0.6961505682	-0.4345044517	0.782766609
20131028	0.6684987685	-0.4687024355	0.811058987
20131029	0.6983724952	-0.4786869827	0.8037963392
20131030	0.6893488341	-0.4010258451	0.8034133213
20131031	0.6736150715	-0.2822084883	0.8210162563
20131101	0.6641366564	-0.2055040567	0.7989048855
20131102	0.6550212445	-0.2526326648	0.7825875142
20131103	0.6390100332	-0.2947686569	0.7718154911
20131104	0.610668398	-0.3192465869	0.7851972821
20131105	0.5518418628	-0.3516897308	0.7676019665
20131106	0.4844074332	-0.3129316169	0.7548764038
20131107	0.4338150161	-0.3694349222	0.7433275102
20131108	0.3606290469	-0.2653047901	0.7292528461
20131109	0.138483909	-0.1850825675	0.7036168309
20131110	0.03941033623	-0.06476465186	0.6739460458
20131111	-0.07287063359	0.006887009102	0.6306540468
20131112	-0.2351891923	0.08242894167	0.5453490909
20131113	-0.3994744783	0.1769981906	0.4404273015
20131114	-0.4947749434	0.2827028456	0.3289446481
20131115	-0.4829809046	0.3351008487	0.2608073234
20131116	-0.4933896009	0.4068939153	0.1982244212
20131117	-0.5016632297	0.4257584836	0.1361129438
20131118	-0.516718042	0.4551799699	0.09322004612
20131119	-0.5241520712	0.4618079131	0.07534192003
20131120	-0.5322953314	0.4440717331	0.05883056647
20131121	-0.5391010959	0.4618177017	0.03604190567
20131122	-0.5269172712	0.4472721795	0.005994747046
20131123	-0.5266336681	0.4748155407	-0.05597623778
20131124	-0.4931728138	0.4874107182	-0.2017832309
20131125	-0.3667800916	0.4761095091	-0.3084443065
20131126	-0.2030753159	0.5039726683	-0.4191169321
20131127	0.05109520414	0.5190441216	-0.5026267619
20131128	0.2437097789	0.5590095827	-0.5816069635
20131129	0.4096581527	0.5515668174	-0.6190038477
20131130	0.5325551598	0.5197429187	-0.6457289111
20131201	0.6990522967	0.5393980554	-0.6283522148
20131202	0.744755918	0.4678976249	-0.5918733122
20131203	0.7831572538	0.4778059757	-0.5212413325
20131204	0.8037837987	0.5002142174	-0.4316198513
20131205	0.8194263417	0.4594103308	-0.1429524359
20131206	0.832070459	0.4981859746	0.02998014906
20131207	0.839114426	0.5107624374	0.2464505455
20131208	0.843841796	0.557749343	0.4157949655
20131209	0.8508988585	0.6351581778	0.5388349315
20131210	0.8561756061	0.6368643143	0.6405788571
20131211	0.8586603616	0.6205990562	0.7053498716
20131212	0.8452313306	0.5902051193	0.7401802629
20131213	0.8386225233	0.5455035729	0.7258608692
20131214	0.8162818514	0.4891382167	0.7086352785
20131215	0.7683015788	0.43054912	0.6847282008
20131216	0.7113055729	0.3287381476	0.6426733981
20131217	0.7065008868	0.2171687458	0.6108471745
20131218	0.6289248588	0.06793733723	0.6065512796
20131219	0.5272542963	-0.02586316815	0.6334033213
20131220	0.4087568773	-0.1023507282	0.6621910398
20131221	0.295107753	-0.1962610906	0.6963564412
20131222	0.1989065941	-0.2160742672	0.7117044864
20131223	0.07250585484	-0.2328991267	0.7211646306
20131224	-0.0202214682	-0.2545885464	0.7622095595
20131225	-0.01607020511	-0.2794352809	0.775892999
20131226	0.02992234965	-0.29443564	0.7908066898
20131227	0.09236812753	-0.2869132294	0.804293049
20131228	0.1489712832	-0.2469911682	0.8428220838
20131229	0.2228465461	-0.1942553107	0.8506316868
20131230	0.2605246266	-0.1341251721	0.8498916327
20131231	0.2169780812	-0.176157489	0.8532273977
20140101	0.2253991761	-0.1361937336	0.8549132169
20140102	0.224236881	-0.115629188	0.8567433804
20140103	0.2124135566	-0.0719137584	0.8501449032
20140104	0.1929651899	0.07037058014	0.6561956656
20140105	0.181738811	0.2028250784	0.4821310946
20140106	0.1723654327	0.2952811681	0.3064262818
20140107	0.2235447243	0.3803717725	0.1706695965
20140108	0.2352053552	0.5279043928	0.02103159344
20140109	0.2655397087	0.5873569416	-0.05275128038
20140110	0.3160754118	0.6130867907	-0.10603641
20140111	0.4211746276	0.6235539643	-0.1322667405
20140112	0.5129549079	0.6193526937	-0.1305715154
20140113	0.5998350932	0.6201430875	-0.08654650546
20140114	0.6661030231	0.6014080683	-0.05418873056
20140115	0.7255210316	0.5672212121	-0.0447697365
20140116	0.7326233101	0.5212320174	-0.05287185593
20140117	0.7735270525	0.464897531	-0.08234150795
20140118	0.8182511161	0.3982687739	-0.07354624686
20140119	0.8395317692	0.3470604436	-0.08538763128
20140120	0.8611522643	0.5358047176	-0.1178284949
20140121	0.869135592	0.3524030667	-0.1642242924
20140122	0.8666271731	0.2490475074	-0.1431528174
20140123	0.8716412748	0.1099641302	-0.2028956109
20140124	0.8793815728	-0.002600866721	-0.2510219557
20140125	0.886457992	-0.1131455517	-0.4758143497
20140126	0.8956977622	-0.178418365	-0.5444754603
20140127	0.9077820258	-0.2552903085	-0.5507653983
20140128	0.9212954637	-0.1658030706	-0.5523872125
20140129	0.9225910422	-0.1806173049	-0.4960850167
20140130	0.9182345421	-0.1972728652	-0.3942652815
20140131	0.8422096035	-0.2180475224	-0.2737924545
20140201	0.8089930133	-0.2796893133	-0.1427794644
20140202	0.7790634204	-0.3058298239	-0.0185927711
20140203	0.7586645011	-0.2958302116	-0.01427531278
20140204	0.7390179965	-0.2121174573	0.01896944147
20140205	0.7560574867	-0.2200631781	0.06341806786
20140206	0.7505168923	-0.2229375102	0.1036509263
20140207	0.7246811007	-0.2013524361	0.1374618862
20140208	0.7082058313	-0.1633368938	0.1637279799
20140209	0.676958055	-0.09694277271	0.200368193
20140210	0.6657452135	-0.06372247794	0.2353544168
20140211	0.5752674608	-0.02170389495	0.2305990073
20140212	0.4581432424	-0.06781291643	0.2278010265
20140213	0.3890698093	-0.1082926294	0.2589815946
20140214	0.3075429866	0.04840132942	0.1028002952
20140215	0.2014805675	0.1119626851	0.1642029575
20140216	0.2098473806	0.104105396	0.1970413364
20140217	0.08720911765	0.07479344104	0.2303437414
20140218	0.09575781511	0.000538313769	0.2650478277
20140219	0.03277842176	-0.07159613781	0.04259321411
20140220	0.01074517597	-0.1627445891	0.05512051471
20140221	-0.002027789853	-0.1927533131	0.06464178243
20140222	-0.02261945966	-0.1962160983	0.06119251983
20140223	-0.03008993349	-0.1793109023	0.06140003719
20140224	-0.05807878786	-0.1502244536	0.05963626295
20140225	-0.09872176927	-0.1084783755	0.02695535297
20140226	-0.1481855949	-0.06054526275	0.02383995796
20140227	-0.2605047274	-0.05088164588	0.02339097182
20140228	-0.3768263328	-0.03350597011	0.05377818924
20140301	-0.4261343384	-0.03184846394	0.09543256005
20140302	-0.4922277055	-0.0508674126	0.1179288715
20140303	-0.5211393774	-0.06022744968	0.1708364499
20140304	-0.4945228378	-0.03819488519	0.2567641867
20140305	-0.4500311766	-0.01557368188	0.3996332756
20140306	-0.3562855818	-0.1112451212	0.5274056263
20140307	0.05344592967	-0.09415450386	0.516782494
20140308	0.1434024442	-0.06533107277	0.5183270119
20140309	0.2156747593	-0.04761424317	0.5003783127
20140310	0.2270051903	-0.002261796022	0.4839045009
20140311	0.281255184	0.03343337993	0.4639240905
20140312	0.3648309575	0.08246423879	0.4043568278
20140313	0.4009764471	0.1365000984	0.2876769908
20140314	0.4302530754	0.2071050977	0.2153948005
20140315	0.4362792343	0.196530981	0.1687850453
20140316	0.4686171592	0.1255203049	0.1601004329
20140317	0.5072281663	0.004279220331	0.1155896101
20140318	0.5187111753	-0.1282797164	0.09275918298
20140319	0.527488964	-0.1404673833	0.07390813586
20140320	0.5206537944	-0.02819786466	0.0571151759
20140321	0.57619177	0.02594399829	0.2078379231
20140322	0.5961673005	0.1466280764	0.2117630989
20140323	0.6029845816	0.2979449554	0.2163275465
20140324	0.5756019214	0.4558076986	0.2595795653
20140325	0.5461082091	0.5094187567	0.3014671251
20140326	0.5301414709	0.4581031237	0.4469158479
20140327	0.5138779231	0.4525688195	0.4084428573
20140328	0.5063076424	0.4613484084	0.4114122094
20140329	0.5062853477	0.3980847798	0.4643589103
20140330	0.5281611628	0.3614738495	0.4603109456
20140331	0.4790389592	0.3281947215	0.4371112187
20140401	0.5277606347	0.3479126387	0.4733455286
20140402	0.582478044	0.3523164603	0.468970974
20140403	0.6234847978	0.3411018113	0.4491477567
20140404	0.6198302195	0.3212201305	0.3198038258
20140405	0.6190254692	0.3087271601	0.170792938
20140406	0.586197905	0.2935325048	0.06709192854
20140407	0.5804327622	0.272762065	0.001618018621
20140408	0.5640501067	0.2692222947	-0.1477657025
20140409	0.609601808	0.2329814519	-0.2575240367
20140410	0.585991499	0.2575742644	-0.3351150909
20140411	0.5653336905	0.2757737972	-0.3806416016
20140412	0.5353146009	0.2758720781	-0.4295068339
20140413	0.5045359633	0.2947698878	-0.4750936163
20140414	0.4691189002	0.3258022039	-0.3397079043
20140415	0.4655426304	0.3140713467	-0.3596527442
20140416	0.4893946539	0.2691164444	-0.3729539845
20140417	0.3924925915	0.2411523206	-0.3192303783
20140418	0.3549401581	0.217647321	-0.2496441124
20140419	0.2241433703	-0.003267350043	-0.1725921315
20140420	0.2818044436	-0.1086176295	-0.04058139115
20140421	0.2732399669	-0.1394022693	0.1030209959
20140422	0.2071622569	-0.1503641823	0.2184714662
20140423	0.07588455184	-0.09498967226	0.2932139938
20140424	-0.02421915058	-0.07290669514	0.3820183466
20140425	-0.134588617	-0.0198300332	0.3968213865
20140426	-0.1568450315	-0.0879572534	0.4132058763
20140427	-0.1781590606	-0.2016721893	0.4130056
20140428	-0.1905127526	-0.3386292049	0.4447516888
20140429	-0.1834940187	-0.4199100455	0.4663148549
20140430	-0.1446829371	-0.4696594409	0.4777215221
20140501	-0.1167839523	-0.4826899167	0.5370278685
20140502	-0.08605591586	-0.4609784437	0.5436121559
20140503	-0.0640356122	-0.3797439666	0.5664536124
20140504	-0.05571377725	-0.2821727959	0.5505100774
20140505	-0.06228110317	-0.1804831755	0.5566467104
20140506	-0.0776786065	-0.0411250695	0.55201538
20140507	-0.09092857633	0.1201282476	0.5342620725
20140508	-0.0948901604	0.2050005594	0.5383844891
20140509	-0.1338109726	0.2298020681	0.5607829392
20140510	-0.1119876435	0.2964898594	0.5907601142
20140511	-0.09690692449	0.3343447988	0.6129687826
20140512	-0.03584561474	0.3368319281	0.6831140612
20140513	0.008304237363	0.3466219857	0.6838037472
20140514	0.0130119367	0.3214420224	0.6997301557
20140515	0.03827482498	0.290930926	0.6647263739
20140516	-0.005691893332	0.2264166065	0.6064504165
20140517	-0.004587051211	0.1617183614	0.5503311041
20140518	-0.0518208966	0.09984309211	0.5232831664
20140519	-0.04049573481	0.06543115458	0.5040852778
20140520	-0.1216683967	0.05160426776	0.472268709
20140521	-0.1831203385	0.04831610888	0.429059575
20140522	-0.2184718849	0.05601119238	0.4637884511
20140523	-0.1960998642	0.01226794928	0.3573940304
20140524	-0.2188723204	0.0009439521471	0.2611747847
20140525	-0.1799482333	0.002943042642	0.2174482597
20140526	-0.2300736916	0.007473805151	0.1316021309
20140527	-0.2677729886	0.04684762239	0.03723338867
20140528	-0.2856698618	0.08423489445	-0.09102076055
20140529	-0.3334006409	0.1507181825	-0.2328343711
20140530	-0.3891358844	0.2151336506	-0.3860681983
20140531	-0.4464266305	0.2980831657	-0.4984083493
20140601	-0.5462010461	0.3754381866	-0.6078211048
20140602	-0.6051950919	0.4222071125	-0.6885096697
20140603	-0.6314217643	0.4357612759	-0.6669893773
20140604	-0.6371019829	0.4412955668	-0.8313369575
20140605	-0.6327937038	0.384766729	-0.7525780079
20140606	-0.6183381879	0.2938940383	-0.7436753429
20140607	-0.6239963083	0.1979050781	-0.7178975385
20140608	-0.5641521513	0.129414641	-0.6894215637
20140609	-0.5110765283	0.01009008034	-0.6551405688
20140610	-0.4219736876	-0.1331354821	-0.5619206426
20140611	-0.3130773921	-0.2520145444	-0.5054747079
20140612	-0.1178082656	-0.3315318602	-0.4520539751
20140613	0.1467387442	-0.4374141157	-0.3902671292
20140614	0.2395980359	-0.4816526021	-0.2943287301
20140615	0.2824227523	-0.5361960365	-0.1899514622
20140616	0.3365401138	-0.5341748785	-0.052747328
20140617	0.3538155848	-0.4213369941	0.1726839506
20140618	0.3894106399	-0.3710122537	0.3740224271
20140619	0.3093837367	-0.32246235	0.5578317533
20140620	0.2635602209	-0.3118973534	0.6062579163
20140621	0.1836465547	-0.335035071	0.6848385154
20140622	0.1404470305	-0.3822313702	0.6424634157
20140623	0.1418601383	-0.2094909169	0.6910808287
20140624	0.1603933293	-0.1282319235	0.7351677334
20140625	0.188411381	-0.3007903538	0.7622109305
20140626	0.2377527246	-0.3343741349	0.7844899312
20140627	0.2721860323	-0.3481440142	0.8004777832
20140628	0.2999143764	-0.3510275356	0.8041018494
20140629	0.2806867134	-0.3438840917	0.8089381089
20140630	0.2951515052	-0.3361057982	0.7874008771
20140701	0.3258915975	-0.3363233887	0.788261224
20140702	0.3469471224	-0.3180468738	0.7850989773
20140703	0.3548371449	-0.2860912762	0.7797643171
20140704	0.378171831	-0.2372144188	0.772229978
20140705	0.4072430805	-0.2503784953	0.8148084152
20140706	0.4372392079	-0.2238999516	0.8068660092
20140707	0.4581312045	-0.2086128818	0.7274409062
20140708	0.4853509201	-0.1868886965	0.6659587571
20140709	0.5179348354	-0.1876687926	0.5351797741
20140710	0.5335450309	-0.1338531435	0.4537320654
20140711	0.5388765169	-0.08059349181	0.443331649
20140712	0.5050746722	-0.08428446592	0.4640047987
20140713	0.3921349126	0.02498576126	0.5101284694
20140714	0.3313342714	0.192873703	0.5629090146
20140715	0.2335541048	0.3666240108	0.6390520766
20140716	0.1545600859	0.5643226565	0.697621872
20140717	0.02686789476	0.6124631891	0.7537412011
20140718	0.007132529241	0.6808860773	0.7501361537
20140719	-0.0269158244	0.7295152045	0.7655569344
20140720	-0.03289793819	0.7659457441	0.7588286087
20140721	0.009745775652	0.7866953974	0.7494510873
20140722	0.06594807855	0.8036005957	0.755573454
20140723	0.07909657242	0.8073684878	0.7437818126
20140724	0.1046182988	0.7998722894	0.73064642
20140725	0.09823816193	0.8203950545	0.7328235111
20140726	0.05932519652	0.806130807	0.7283831575
20140727	0.007220521966	0.6698435998	0.7171226475
20140728	-0.01272775166	0.6512325136	0.6238463257
20140729	-0.05332503865	0.6387591053	0.5748172452
20140730	-0.06773972994	0.6208761101	0.5977726235
20140731	-0.0493654291	0.6087247739	0.5162915841
20140801	0.006002171741	0.5896329072	0.4284409192
20140802	-0.01226060262	0.5948610083	0.1674483082
20140803	0.2202841674	0.6292018642	0.1000040311
20140804	0.2501382911	0.6649072835	0.06032665913
20140805	0.3699974583	0.681182389	0.05224603379
20140806	0.4417823641	0.6959948216	0.05075310418
20140807	0.4861510394	0.7102497703	0.03357359679
20140808	0.5117035863	0.7060070176	0.1901585315
20140809	0.5200658246	0.7169941423	0.1605227493
20140810	0.5280535375	0.7306458139	0.1324341157
20140811	0.5208049384	0.747840119	0.102732058
20140812	0.5110283407	0.7636075084	0.1362436956
20140813	0.5200384276	0.76280385	0.168977232
20140814	0.5157245447	0.7787736266	0.1603613515
20140815	0.5392292762	0.7797184581	0.1825308654
20140816	0.5272587635	0.7672751609	0.2136158228
20140817	0.531897627	0.7547061377	0.208335333
20140818	0.531282493	0.7292362944	0.2311297238
20140819	0.517380575	0.6974043314	0.246628827
20140820	0.4728425134	0.6548771843	0.253965543
20140821	0.430437265	0.6056177383	0.2328405152
20140822	0.3790663292	0.5442231363	0.2117765526
20140823	0.2511293382	0.48459982	0.1859628419
20140824	0.2353335778	0.400756382	0.1403991014
20140825	0.102792408	0.3323276664	0.1427484899
20140826	0.00670971624	0.4763665393	0.1376643162
20140827	-0.09243944503	0.4938954872	0.1469411684
20140828	-0.1823135461	0.4438349812	0.137146714
20140829	-0.01447324179	0.4161437779	0.09074682601
20140830	0.1717734706	0.4185577661	0.100626112
20140831	0.3550230861	0.4813535387	0.1127499543
20140901	0.4523250812	0.4863458689	0.2497863952
20140902	0.5354161488	0.4668857482	0.2768732559
20140903	0.6986204935	0.478309813	0.3212859791
20140904	0.7249191813	0.4870860665	0.4061361152
20140905	0.7220020116	0.4563687905	0.4563508186
20140906	0.7612389174	0.4202184518	0.4600596045
20140907	0.778820489	0.5357027004	0.5451348651
20140908	0.7788751365	0.590176866	0.582353266
20140909	0.7799402348	0.6404990754	0.6119990416
20140910	0.7756726464	0.6634489823	0.6407995036
20140911	0.7623265457	0.6613497825	0.6510959163
20140912	0.73200717	0.6553533563	0.6586062789
20140913	0.7271013732	0.6431531085	0.7237674865
20140914	0.7103705149	0.6455310523	0.729961028
20140915	0.6810032841	0.6494816012	0.8154007792
20140916	0.6619997459	0.6494402143	0.8135821871
20140917	0.6308290911	0.6216348572	0.854909671
20140918	0.6314260868	0.5935566555	0.8578009116
20140919	0.5924264469	0.5710949723	0.8552547332
20140920	0.5595008551	0.5600635539	0.8513073964
20140921	0.5470816635	0.5201916607	0.8384152033
20140922	0.588362464	0.4142885459	0.8312127307
20140923	0.5906294146	0.373495915	0.8114162035
20140924	0.5848544905	0.2599249652	0.7832530013
20140925	0.5551730545	0.2012419546	0.593111289
20140926	0.5543543724	0.247412319	0.472983138
20140927	0.5630593151	0.2427630767	0.3880786682
20140928	0.3495522887	0.2355815709	0.3144209317
20140929	0.3063240029	0.2332993683	0.364499527
20140930	0.2467821872	0.2673313727	0.4204632778
20141001	0.1313289969	0.2594859048	0.5093135786
20141002	0.03182633233	0.2542393084	0.5420334848
20141003	-0.1516548726	0.2762026601	0.5636761964
20141004	-0.1727945104	0.225111666	0.5629172128
20141005	-0.1523315207	0.1722837607	0.5483398163
20141006	-0.349439702	0.2140548535	0.5752718898
20141007	-0.3817229417	0.1712626644	0.5031172087
20141008	-0.4528739812	0.1562220787	0.4442610427
20141009	-0.4957690268	0.1333191665	0.3733565945
20141010	-0.4959088788	0.1376948808	0.3049729038
20141011	-0.5384013024	0.1141231555	0.2526336819
20141012	-0.5103297273	0.1037150438	0.2289896636
20141013	-0.5073393193	0.08356765486	0.1361755223
20141014	-0.483382635	0.1027153134	0.1052912015
20141015	-0.4516732496	0.1242399614	0.0986541433
20141016	-0.4401702153	0.07548105631	0.1311332899
20141017	-0.2737334466	0.04341829419	0.2008601474
20141018	-0.2168834453	0.05429493461	0.2717825992
20141019	-0.1742304744	0.06699679488	0.2985836544
20141020	-0.01208736236	0.05071008721	0.3346951828
20141021	0.08868980574	0.09109451732	0.3334736084
20141022	0.1575686094	0.1932688297	0.3478820137
20141023	0.1472053954	0.1479663551	0.3363492291
20141024	0.1064040237	0.1187096244	0.4156171937
20141025	0.07028712121	0.1368712301	0.4472118792
20141026	-0.01134477206	0.08482520199	0.4833822542
20141027	0.07225273043	-0.002258000834	0.4980765092
20141028	0.1770779077	-0.08679721987	0.5066585945
20141029	0.1183106069	-0.1932796652	0.4670225386
20141030	0.05836489501	-0.2775877668	0.4048005757
20141031	0.1013960605	-0.2916056637	0.3646060422
20141101	0.06136115916	-0.4031266838	0.3152092687
20141102	-0.01975105387	-0.4539873496	0.2988884378
20141103	-0.05024668192	-0.5266404109	0.3041999147
20141104	-0.1450850064	-0.4732321403	0.3233367693
20141105	-0.2136519177	-0.369174617	0.3403688826
20141106	-0.2272879128	-0.3143799887	0.4139661945
20141107	-0.2882538846	-0.2848389122	0.472145541
20141108	-0.2965080673	-0.2723240319	0.5261750711
20141109	-0.2872696844	-0.2544807522	0.5614719216
20141110	-0.2914744205	-0.3578189272	0.570342348
20141111	-0.2824311001	-0.2570547622	0.6143886313
20141112	-0.2645103564	-0.1857321979	0.5622609415
20141113	-0.08927425282	-0.1318107924	0.5198703673
20141114	-0.2621314556	-0.08095446888	0.4133957208
20141115	-0.305021664	-0.01229385998	0.4124049826
20141116	-0.3369835312	0.04881277268	0.4292352327
20141117	-0.3939115649	0.06301827488	0.2746939446
20141118	-0.4696218313	0.0632552057	0.2880542152
20141119	-0.4730880632	0.06985620583	0.2947082541
20141120	-0.4164903262	0.03738471855	0.3387572657
20141121	-0.3598712163	0.04892473108	0.4422969451
20141122	-0.2446527412	0.07826936588	0.5115477431
20141123	-0.1200930159	0.1032696391	0.6275366953
20141124	-0.002250727906	0.1425777804	0.7496282628
20141125	0.1582398618	0.1975822255	0.8289327601
20141126	0.2270506717	0.1877915968	0.8874051102
20141127	0.2649966726	0.2109742178	0.92050541
20141128	0.3308587737	0.2477904947	0.9432571681
20141129	0.335124472	0.2908663202	0.9578883707
20141130	0.3396280266	0.3192750024	0.9647139814
20141201	0.3294429071	0.3534437828	0.9690146558
20141202	0.336591414	0.4163592539	0.9579664991
20141203	0.3555978599	0.3355918037	0.9426356189
20141204	0.368055379	0.3603275375	0.9152717582
20141205	0.3784404732	0.3834284716	0.8925942442
20141206	0.3784783098	0.3913649485	0.8583510054
20141207	0.3705995866	0.3854613294	0.8075541716
20141208	0.3676619613	0.4094418397	0.7497003203
20141209	0.3692767952	0.3209323432	0.6954711569
20141210	0.3917238005	0.3577763062	0.6605447649
20141211	0.4488683757	0.3287830471	0.6250211347
20141212	0.5450218322	0.2477781072	0.6015667388
20141213	0.4401801328	0.2276055095	0.6147458945
20141214	0.490334794	0.164058385	0.6119269298
20141215	0.4126080444	0.1259319544	0.6384476889
20141216	0.4097458821	0.128044595	0.6522560518
20141217	0.3978221332	0.1211035689	0.7329232586
20141218	0.3879005982	0.1265087662	0.7456418411
20141219	0.3920900421	0.07057198861	0.7895514825
20141220	0.3542750359	0.01418770419	0.815585181
20141221	0.3487487941	0.03050373353	0.7809507193
20141222	0.3088513763	0.05042906822	0.7766704289
20141223	0.3196606134	0.0254223168	0.7191050995
20141224	0.3418060409	-0.02901368109	0.6205147617
20141225	0.403794395	-0.07521284174	0.527533935
20141226	0.335930557	-0.07981646099	0.4553126412
20141227	0.2332326258	-0.1045214072	0.4037216043
20141228	0.1557926961	-0.1140589177	0.3151175664
20141229	0.09172709031	-0.1124803406	0.2817166909
20141230	0.2365733418	-0.1259532828	0.2909991236
