20100101	5.21
20100102	4.86
20100103	3.93
20100104	4.19
20100105	2.36
20100106	2.61
20100107	2.73
20100108	3.31
20100109	6.23
20100110	7.03
20100111	6.81
20100112	6.01
20100113	3.89
20100114	6.10
20100115	5.71
20100116	4.84
20100117	5.00
20100118	6.13
20100119	8.92
20100120	10.20
20100121	8.18
20100122	7.14
20100123	6.47
20100124	8.28
20100125	8.46
20100126	8.61
20100127	10.48
20100128	11.17
20100129	10.20
20100130	11.12
20100131	12.61
20100201	13.31
20100202	14.57
20100203	15.50
20100204	16.79
20100205	17.13
20100206	16.53
20100207	18.05
20100208	20.67
20100209	22.89
20100210	23.93
20100211	23.82
20100212	22.96
20100213	23.38
20100214	24.68
20100215	24.75
20100216	24.97
20100217	25.70
20100218	26.40
20100219	28.21
20100220	30.92
20100221	34.31
20100222	35.19
20100223	36.56
20100224	39.74
20100225	40.54
20100226	39.74
20100227	39.98
20100228	40.79
20100301	38.07
20100302	39.87
20100303	40.59
20100304	42.59
20100305	45.07
20100306	45.04
20100307	46.62
20100308	47.22
20100309	44.42
20100310	43.78
20100311	45.70
20100312	48.82
20100313	48.99
20100314	49.75
20100315	49.90
20100316	50.80
20100317	52.55
20100318	51.90
20100319	54.50
20100320	55.58
20100321	55.79
20100322	57.81
20100323	56.38
20100324	57.77
20100325	57.48
20100326	57.67
20100327	62.15
20100328	61.11
20100329	60.59
20100330	61.36
20100331	63.99
20100401	64.48
20100402	64.92
20100403	65.30
20100404	67.40
20100405	69.26
20100406	68.58
20100407	65.42
20100408	66.06
20100409	68.95
20100410	68.44
20100411	68.01
20100412	67.32
20100413	65.46
20100414	64.58
20100415	65.40
20100416	68.43
20100417	68.78
20100418	69.52
20100419	71.20
20100420	70.38
20100421	68.16
20100422	66.00
20100423	64.28
20100424	64.84
20100425	66.32
20100426	65.98
20100427	67.50
20100428	69.41
20100429	70.20
20100430	70.14
20100501	70.14
20100502	71.51
20100503	72.22
20100504	72.29
20100505	72.97
20100506	71.27
20100507	71.74
20100508	72.42
20100509	72.11
20100510	72.13
20100511	72.47
20100512	71.53
20100513	72.31
20100514	71.47
20100515	71.46
20100516	71.75
20100517	71.34
20100518	70.58
20100519	70.23
20100520	70.22
20100521	71.21
20100522	71.09
20100523	71.88
20100524	73.66
20100525	75.23
20100526	75.26
20100527	74.57
20100528	74.84
20100529	76.27
20100530	77.02
20100531	76.65
20100601	75.24
20100602	73.73
20100603	73.21
20100604	72.50
20100605	71.75
20100606	72.08
20100607	71.79
20100608	71.96
20100609	72.35
20100610	72.99
20100611	73.21
20100612	73.06
20100613	72.77
20100614	71.47
20100615	70.12
20100616	68.30
20100617	66.85
20100618	66.27
20100619	64.38
20100620	63.29
20100621	62.20
20100622	62.71
20100623	62.49
20100624	61.21
20100625	60.26
20100626	6.27
20100627	53.08
20100628	51.93
20100629	51.07
20100630	49.77
20100701	47.87
20100702	47.16
20100703	45.87
20100704	45.02
20100705	43.72
20100706	42.96
20100707	42.44
20100708	41.78
20100709	40.18
20100710	36.56
20100711	35.54
20100712	35.25
20100713	34.20
20100714	31.80
20100715	29.94
20100716	30.46
20100717	30.22
20100718	28.51
20100719	29.63
20100720	29.88
20100721	31.44
20100722	31.61
20100723	30.79
20100724	30.18
20100725	28.31
20100726	27.18
20100727	26.16
20100728	23.33
20100729	20.70
20100730	17.55
20100731	14.23
20100801	10.09
20100802	6.53
20100803	4.67
20100804	4.15
20100805	4.08
20100806	3.36
20100807	3.09
20100808	2.67
20100809	0.51
20100810	-2.87
20100811	-5.09
20100812	-6.17
20100813	-7.25
20100814	-6.50
20100815	-4.36
20100816	-3.92
20100817	-1.74
20100818	-2.00
20100819	-5.43
20100820	-5.91
20100821	-7.15
20100822	-9.46
20100823	-12.25
20100824	-13.83
20100825	-14.08
20100826	-14.40
20100827	-15.60
20100828	-15.09
20100829	-14.39
20100830	-14.11
20100831	-13.08
20100901	-12.20
20100902	-12.24
20100903	-13.05
20100904	-13.85
20100905	-15.02
20100906	-16.07
20100907	-17.35
20100908	-18.21
20100909	-18.42
20100910	-17.80
20100911	-16.44
20100912	-16.26
20100913	-14.33
20100914	-13.17
20100915	-12.73
20100916	-11.49
20100917	-12.24
20100918	-12.04
20100919	-15.65
20100920	-18.40
20100921	-18.04
20100922	-19.74
20100923	-20.21
20100924	-20.34
20100925	-20.28
20100926	-19.47
20100927	-19.02
20100928	-18.93
20100929	-19.72
20100930	-20.56
20101001	-21.03
20101002	-22.11
20101003	-22.55
20101004	-23.31
20101005	-23.97
20101006	-24.00
20101007	-23.08
20101008	-20.87
20101009	-19.85
20101010	-18.73
20101011	-18.68
20101012	-18.50
20101013	-17.94
20101014	-17.81
20101015	-18.60
20101016	-17.61
20101017	-18.24
20101018	-19.07
20101019	-18.07
20101020	-19.12
20101021	-19.00
20101022	-18.32
20101023	-18.30
20101024	-16.67
20101025	-15.58
20101026	-14.12
20101027	-14.47
20101028	-13.75
20101029	-14.12
20101030	-15.00
20101031	-15.35
20101101	-15.39
20101102	-16.38
20101103	-15.90
20101104	-14.74
20101105	-13.68
20101106	-12.07
20101107	-10.81
20101108	-10.55
20101109	-10.58
20101110	-10.60
20101111	-11.70
20101112	-11.28
20101113	-10.72
20101114	-11.59
20101115	-14.21
20101116	-13.79
20101117	-12.83
20101118	-12.29
20101119	-12.47
20101120	-10.53
20101121	-9.53
20101122	-10.23
20101123	-9.83
20101124	-9.65
20101125	-10.79
20101126	-11.76
20101127	-11.59
20101128	-13.13
20101129	-13.09
20101130	-14.02
20101201	-13.48
20101202	-12.77
20101203	-12.92
20101204	-10.69
20101205	-8.07
20101206	-9.78
20101207	-11.54
20101208	-10.69
20101209	-11.64
20101210	-10.88
20101211	-12.65
20101212	-11.28
20101213	-11.49
20101214	-12.35
20101215	-13.61
20101216	-14.94
20101217	-13.02
20101218	-11.78
20101219	-11.10
20101220	-10.10
20101221	-10.14
20101222	-10.21
20101223	-10.03
20101224	-12.71
20101225	-15.27
20101226	-16.73
20101227	-16.05
20101228	-15.51
20101229	-14.85
20101230	-15.56
20101231	-14.58
20110101	-0.33
20110102	-1.44
20110103	-2.15
20110104	-2.38
20110105	-2.02
20110106	-3.60
20110107	-5.60
20110108	-4.12
20110109	-3.47
20110110	-2.90
20110111	-3.47
20110112	-3.88
20110113	-4.17
20110114	-4.03
20110115	-6.87
20110116	-7.67
20110117	-8.41
20110118	-9.13
20110119	-9.59
20110120	-10.84
20110121	-11.83
20110122	-12.31
20110123	-12.18
20110124	-12.20
20110125	-10.72
20110126	-10.59
20110127	-9.32
20110128	-8.82
20110129	-8.20
20110130	-7.46
20110131	-7.15
20110201	-6.30
20110202	-5.30
20110203	-5.04
20110204	-4.21
20110205	-4.03
20110206	-2.04
20110207	-0.76
20110208	2.11
20110209	2.35
20110210	2.86
20110211	4.04
20110212	3.69
20110213	4.71
20110214	3.70
20110215	3.71
20110216	4.05
20110217	4.46
20110218	3.53
20110219	3.61
20110220	4.24
20110221	4.95
20110222	6.12
20110223	9.24
20110224	14.17
20110225	15.56
20110226	16.04
20110227	16.92
20110228	16.42
20110301	14.99
20110302	16.10
20110303	18.45
20110304	19.00
20110305	21.13
20110306	23.39
20110307	23.76
20110308	25.17
20110309	24.63
20110310	26.50
20110311	36.95
20110312	27.74
20110313	31.55
20110314	30.69
20110315	27.84
20110316	26.82
20110317	26.75
20110318	27.51
20110319	28.40
20110320	29.34
20110321	30.29
20110322	29.51
20110323	30.46
20110324	31.71
20110325	33.34
20110326	34.20
20110327	34.33
20110328	34.86
20110329	34.80
20110330	35.22
20110331	35.65
20110401	36.89
20110402	36.07
20110403	35.60
20110404	35.56
20110405	35.59
20110406	36.14
20110407	37.99
20110408	37.52
20110409	37.39
20110410	39.29
20110411	37.33
20110412	36.70
20110413	37.57
20110414	38.12
20110415	38.76
20110416	36.46
20110417	39.37
20110418	39.73
20110419	39.34
20110420	40.42
20110421	42.64
20110422	40.40
20110423	39.64
20110424	38.14
20110425	38.89
20110426	40.06
20110427	41.13
20110428	42.31
20110429	44.26
20110430	44.79
20110501	45.15
20110502	45.21
20110503	45.74
20110504	45.47
20110505	47.30
20110506	48.91
20110507	49.36
20110508	48.08
20110509	47.00
20110510	43.90
20110511	42.76
20110512	41.79
20110513	41.81
20110514	42.64
20110515	44.60
20110516	43.59
20110517	45.69
20110518	47.64
20110519	48.25
20110520	47.34
20110521	46.68
20110522	45.94
20110523	45.72
20110524	45.97
20110525	45.73
20110526	45.71
20110527	46.26
20110528	46.01
20110529	45.91
20110530	46.90
20110531	46.59
20110601	46.39
20110602	45.67
20110603	45.89
20110604	44.53
20110605	42.75
20110606	40.79
20110607	39.49
20110608	40.58
20110609	39.21
20110610	38.32
20110611	38.96
20110612	38.37
20110613	37.91
20110614	38.42
20110615	38.28
20110616	38.06
20110617	37.80
20110618	36.10
20110619	34.56
20110620	33.39
20110621	31.84
20110622	31.85
20110623	34.31
20110624	35.21
20110625	33.87
20110626	34.03
20110627	35.07
20110628	43.91
20110629	42.08
20110630	39.02
20110701	37.70
20110702	36.71
20110703	34.19
20110704	31.48
20110705	30.04
20110706	29.09
20110707	28.38
20110708	29.23
20110709	29.96
20110710	31.31
20110711	31.91
20110712	32.79
20110713	32.85
20110714	32.46
20110715	32.04
20110716	30.76
20110717	29.04
20110718	27.15
20110719	26.46
20110720	25.41
20110721	25.66
20110722	26.05
20110723	26.23
20110724	27.04
20110725	27.73
20110726	28.06
20110727	29.03
20110728	29.58
20110729	30.77
20110730	34.23
20110731	36.01
20110801	37.05
20110802	38.50
20110803	39.62
20110804	43.23
20110805	46.10
20110806	44.49
20110807	46.19
20110808	47.41
20110809	49.17
20110810	50.59
20110811	51.12
20110812	50.89
20110813	50.78
20110814	51.12
20110815	51.13
20110816	52.07
20110817	52.59
20110818	51.98
20110819	52.01
20110820	52.59
20110821	52.41
20110822	53.46
20110823	53.71
20110824	53.67
20110825	54.48
20110826	54.22
20110827	54.29
20110828	54.07
20110829	54.02
20110830	53.83
20110831	54.81
20110901	56.28
20110902	55.82
20110903	57.61
20110904	59.12
20110905	59.91
20110906	59.19
20110907	59.28
20110908	59.65
20110909	60.41
20110910	58.82
20110911	58.66
20110912	58.12
20110913	58.72
20110914	59.64
20110915	60.56
20110916	61.94
20110917	59.64
20110918	57.53
20110919	57.02
20110920	56.78
20110921	56.45
20110922	56.40
20110923	55.09
20110924	54.79
20110925	54.70
20110926	54.46
20110927	55.39
20110928	56.00
20110929	57.81
20110930	59.84
20111001	61.40
20111002	60.82
20111003	60.16
20111004	60.05
20111005	60.55
20111006	999999
20111007	999999
20111008	61.94
20111009	63.00
20111010	63.94
20111011	65.04
20111012	66.43
20111013	67.74
20111014	67.97
20111015	69.27
20111016	71.24
20111017	71.94
20111018	73.48
20111019	75.74
20111020	76.86
20111021	76.84
20111022	77.81
20111023	78.26
20111024	78.30
20111025	78.34
20111026	79.08
20111027	80.72
20111028	82.29
20111029	83.99
20111030	85.36
20111031	85.88
20111101	86.76
20111102	87.00
20111103	87.38
20111104	88.00
20111105	88.89
20111106	89.78
20111107	90.35
20111108	90.78
20111109	91.72
20111110	92.92
20111111	94.38
20111112	95.32
20111113	96.52
20111114	97.33
20111115	97.83
20111116	98.28
20111117	97.68
20111118	97.79
20111119	96.88
20111120	96.81
20111121	97.87
20111122	99.30
20111123	99.66
20111124	101.14
20111125	102.24
20111126	103.27
20111127	103.62
20111128	104.64
20111129	103.82
20111130	101.76
20111201	100.06
20111202	100.91
20111203	100.78
20111204	101.06
20111205	101.70
20111206	102.56
20111207	105.35
20111208	107.74
20111209	107.69
20111210	108.09
20111211	109.27
20111212	109.40
20111213	109.35
20111214	109.82
20111215	108.64
20111216	107.07
20111217	107.38
20111218	107.93
20111219	109.25
20111220	110.71
20111221	112.22
20111222	111.94
20111223	112.12
20111224	110.09
20111225	108.62
20111226	107.09
20111227	106.25
20111228	105.73
20111229	105.11
20111230	104.48
20111231	105.77
20120101	-3.75
20120102	-2.52
20120103	-2.07
20120104	-1.74
20120105	-0.02
20120106	1.82
20120107	1.66
20120108	2.73
20120109	4.54
20120110	6.55
20120111	5.18
20120112	6.96
20120113	8.36
20120114	9.63
20120115	10.96
20120116	13.12
20120117	15.48
20120118	17.65
20120119	19.60
20120120	21.16
20120121	20.91
20120122	19.87
20120123	20.12
20120124	20.04
20120125	20.83
20120126	23.23
20120127	25.69
20120128	27.86
20120129	29.52
20120130	30.83
20120131	34.42
20120201	36.50
20120202	36.75
20120203	38.82
20120204	40.97
20120205	43.42
20120206	46.63
20120207	45.64
20120208	46.15
20120209	48.14
20120210	49.19
20120211	51.35
20120212	53.66
20120213	56.22
20120214	59.86
20120215	62.08
20120216	63.79
20120217	65.01
20120218	66.09
20120219	67.40
20120220	69.78
20120221	71.22
20120222	74.49
20120223	75.26
20120224	77.16
20120225	79.06
20120226	79.42
20120227	80.94
20120228	85.12
20120229	89.33
20120301	91.57
20120302	91.88
20120303	92.05
20120304	92.40
20120305	93.55
20120306	93.52
20120307	94.99
20120308	95.29
20120309	95.75
20120310	98.48
20120311	99.49
20120312	101.38
20120313	103.58
20120314	106.96
20120315	107.40
20120316	108.73
20120317	110.53
20120318	111.56
20120319	110.11
20120320	110.87
20120321	112.23
20120322	113.55
20120323	113.83
20120324	115.71
20120325	117.69
20120326	119.45
20120327	120.86
20120328	119.68
20120329	120.86
20120330	121.79
20120331	121.79
20120401	124.23
20120402	126.16
20120403	124.78
20120404	126.76
20120405	127.49
20120406	128.52
20120407	129.28
20120408	131.49
20120409	132.49
20120410	134.07
20120411	134.05
20120412	132.46
20120413	133.88
20120414	134.65
20120415	136.09
20120416	135.57
20120417	135.18
20120418	136.63
20120419	139.05
20120420	144.14
20120421	144.80
20120422	145.43
20120423	147.22
20120424	146.90
20120425	144.39
20120426	143.56
20120427	145.14
20120428	145.32
20120429	144.49
20120430	144.47
20120501	144.37
20120502	144.48
20120503	145.32
20120504	145.48
20120505	146.37
20120506	147.01
20120507	148.08
20120508	148.51
20120509	147.81
20120510	147.44
20120511	147.34
20120512	147.02
20120513	147.05
20120514	147.66
20120515	147.29
20120516	148.76
20120517	148.08
20120518	148.34
20120519	149.46
20120520	148.76
20120521	147.84
20120522	147.93
20120523	148.10
20120524	146.93
20120525	145.93
20120526	144.87
20120527	144.07
20120528	142.65
20120529	141.34
20120530	141.25
20120531	140.62
20120601	140.62
20120602	140.70
20120603	141.19
20120604	141.50
20120605	141.75
20120606	141.41
20120607	140.00
20120608	139.25
20120609	138.39
20120610	138.34
20120611	136.16
20120612	136.25
20120613	135.98
20120614	136.11
20120615	137.96
20120616	138.37
20120617	139.37
20120618	140.62
20120619	140.70
20120620	140.57
20120621	139.18
20120622	138.59
20120623	138.51
20120624	138.57
20120625	138.80
20120626	140.98
20120627	141.91
20120628	140.25
20120629	139.67
20120630	139.33
20120701	139.48
20120702	139.96
20120703	139.87
20120704	138.43
20120705	136.46
20120706	135.22
20120707	134.60
20120708	134.70
20120709	134.14
20120710	134.37
20120711	135.13
20120712	136.63
20120713	137.19
20120714	137.71
20120715	137.97
20120716	138.40
20120717	139.31
20120718	139.10
20120719	139.53
20120720	140.50
20120721	141.19
20120722	140.75
20120723	140.71
20120724	139.16
20120725	138.28
20120726	139.75
20120727	136.45
20120728	134.90
20120729	135.64
20120730	135.76
20120731	131.23
20120801	127.68
20120802	128.60
20120803	129.48
20120804	130.32
20120805	130.64
20120806	131.09
20120807	132.08
20120808	133.60
20120809	134.27
20120810	134.88
20120811	135.33
20120812	136.41
20120813	137.02
20120814	135.84
20120815	136.70
20120816	136.44
20120817	134.71
20120818	134.64
20120819	134.87
20120820	135.61
20120821	136.09
20120822	135.81
20120823	136.80
20120824	137.76
20120825	137.81
20120826	138.41
20120827	138.83
20120828	138.67
20120829	138.57
20120830	138.00
20120831	137.02
20120901	137.40
20120902	136.52
20120903	137.36
20120904	137.82
20120905	138.26
20120906	138.58
20120907	138.15
20120908	139.19
20120909	139.24
20120910	138.81
20120911	139.13
20120912	138.60
20120913	137.17
20120914	137.96
20120915	138.23
20120916	138.28
20120917	138.99
20120918	140.54
20120919	141.01
20120920	142.11
20120921	142.36
20120922	143.64
20120923	144.44
20120924	144.42
20120925	143.87
20120926	144.30
20120927	144.72
20120928	144.48
20120929	145.58
20120930	146.25
20121001	147.15
20121002	148.30
20121003	149.66
20121004	149.65
20121005	149.51
20121006	150.42
20121007	150.61
20121008	150.23
20121009	151.05
20121010	150.79
20121011	150.54
20121012	151.57
20121013	152.07
20121014	151.65
20121015	152.55
20121016	153.93
20121017	153.80
20121018	155.67
20121019	157.12
20121020	158.18
20121021	157.73
20121022	156.76
20121023	156.61
20121024	157.75
20121025	158.95
20121026	159.29
20121027	159.75
20121028	160.82
20121029	161.39
20121030	161.05
20121031	161.68
20121101	162.71
20121102	164.18
20121103	162.93
20121104	163.09
20121105	163.52
20121106	163.31
20121107	163.48
20121108	163.33
20121109	163.99
20121110	162.75
20121111	162.05
20121112	163.50
20121113	165.02
20121114	166.17
20121115	166.05
20121116	165.49
20121117	166.38
20121118	166.88
20121119	166.32
20121120	166.89
20121121	167.14
20121122	167.22
20121123	166.16
20121124	167.83
20121125	169.36
20121126	168.28
20121127	170.28
20121128	171.18
20121129	171.60
20121130	172.93
20121201	170.10
20121202	170.65
20121203	169.25
20121204	169.40
20121205	167.88
20121206	167.89
20121207	167.94
20121208	167.47
20121209	167.51
20121210	167.97
20121211	167.56
20121212	167.93
20121213	169.26
20121214	168.66
20121215	168.48
20121216	168.06
20121217	167.27
20121218	165.07
20121219	167.06
20121220	168.70
20121221	170.37
20121222	170.70
20121223	170.10
20121224	173.92
20121225	177.70
20121226	176.73
20121227	169.65
20121228	167.09
20121229	161.70
20121230	158.02
20121231	157.49
20130101	1.04
20130102	-0.97
20130103	-3.55
20130104	-4.32
20130105	-4.19
20130106	-3.20
20130107	-2.40
20130108	-2.15
20130109	-2.59
20130110	-2.05
20130111	-1.44
20130112	-1.27
20130113	-0.30
20130114	-0.13
20130115	0.47
20130116	1.91
20130117	1.99
20130118	3.58
20130119	6.90
20130120	8.07
20130121	9.43
20130122	9.92
20130123	11.77
20130124	15.87
20130125	21.67
20130126	24.37
20130127	25.15
20130128	27.08
20130129	27.54
20130130	28.39
20130131	29.47
20130201	30.79
20130202	31.12
20130203	33.65
20130204	36.25
20130205	38.28
20130206	41.32
20130207	42.69
20130208	42.81
20130209	44.77
20130210	47.72
20130211	47.89
20130212	48.70
20130213	51.89
20130214	54.79
20130215	55.72
20130216	58.49
20130217	61.61
20130218	61.69
20130219	60.24
20130220	60.67
20130221	60.93
20130222	61.44
20130223	62.30
20130224	63.88
20130225	64.09
20130226	65.06
20130227	65.97
20130228	68.56
20130301	67.53
20130302	67.55
20130303	69.27
20130304	70.71
20130305	71.72
20130306	73.43
20130307	73.57
20130308	75.43
20130309	78.24
20130310	77.56
20130311	79.54
20130312	82.82
20130313	83.89
20130314	83.15
20130315	84.47
20130316	85.70
20130317	84.73
20130318	84.75
20130319	85.60
20130320	83.19
20130321	82.35
20130322	82.43
20130323	81.35
20130324	79.64
20130325	77.14
20130326	75.40
20130327	75.63
20130328	75.73
20130329	74.50
20130330	73.93
20130331	71.92
20130401	71.87
20130402	69.55
20130403	70.65
20130404	69.56
20130405	67.47
20130406	63.99
20130407	63.36
20130408	63.14
20130409	61.52
20130410	61.50
20130411	62.89
20130412	64.77
20130413	66.90
20130414	67.86
20130415	70.16
20130416	73.24
20130417	72.12
20130418	71.61
20130419	69.15
20130420	68.07
20130421	66.66
20130422	66.86
20130423	67.10
20130424	67.83
20130425	68.99
20130426	70.35
20130427	73.23
20130428	73.24
20130429	72.82
20130430	73.40
20130501	74.01
20130502	74.49
20130503	74.56
20130504	74.80
20130505	77.95
20130506	81.60
20130507	85.91
20130508	88.16
20130509	90.00
20130510	90.29
20130511	90.98
20130512	92.26
20130513	92.18
20130514	92.39
20130515	90.26
20130516	87.24
20130517	84.18
20130518	84.20
20130519	84.04
20130520	83.11
20130521	83.27
20130522	83.45
20130523	83.55
20130524	84.98
20130525	84.56
20130526	86.14
20130527	87.27
20130528	86.90
20130529	86.29
20130530	87.27
20130531	88.58
20130601	90.17
20130602	90.25
20130603	91.81
20130604	93.05
20130605	94.30
20130606	94.09
20130607	94.49
20130608	93.93
20130609	90.84
20130610	88.25
20130611	86.28
20130612	84.56
20130613	83.61
20130614	82.93
20130615	81.54
20130616	80.28
20130617	79.41
20130618	79.24
20130619	79.65
20130620	78.48
20130621	75.41
20130622	72.16
20130623	70.66
20130624	69.82
20130625	67.44
20130626	66.58
20130627	66.96
20130628	66.24
20130629	65.75
20130630	65.50
20130701	66.49
20130702	67.48
20130703	67.18
20130704	67.69
20130705	68.13
20130706	66.42
20130707	66.10
20130708	65.67
20130709	64.66
20130710	59.95
20130711	56.61
20130712	55.41
20130713	53.42
20130714	52.34
20130715	51.58
20130716	51.81
20130717	51.85
20130718	51.56
20130719	51.47
20130720	51.34
20130721	50.42
20130722	47.61
20130723	46.45
20130724	45.98
20130725	45.36
20130726	45.50
20130727	46.32
20130728	45.86
20130729	46.01
20130730	46.54
20130731	48.79
20130801	49.51
20130802	48.75
20130803	48.23
20130804	48.50
20130805	49.03
20130806	49.05
20130807	48.00
20130808	46.61
20130809	46.94
20130810	46.75
20130811	46.92
20130812	46.29
20130813	47.43
20130814	48.66
20130815	49.14
20130816	49.85
20130817	50.99
20130818	51.25
20130819	50.32
20130820	49.29
20130821	49.53
20130822	49.96
20130823	50.25
20130824	50.37
20130825	49.30
20130826	50.78
20130827	51.77
20130828	52.16
20130829	53.97
20130830	54.70
20130831	54.33
20130901	54.22
20130902	53.99
20130903	53.64
20130904	52.71
20130905	52.87
20130906	52.73
20130907	52.31
20130908	52.63
20130909	53.40
20130910	54.70
20130911	54.27
20130912	53.98
20130913	54.23
20130914	55.71
20130915	55.38
20130916	50.96
20130917	48.53
20130918	47.88
20130919	47.62
20130920	48.79
20130921	46.13
20130922	44.63
20130923	44.77
20130924	46.10
20130925	42.77
20130926	42.82
20130927	43.17
20130928	45.77
20130929	44.18
20130930	43.76
20131001	44.05
20131002	43.54
20131003	43.35
20131004	43.28
20131005	44.07
20131006	44.58
20131007	46.10
20131008	47.12
20131009	48.69
20131010	49.97
20131011	50.48
20131012	51.96
20131013	51.90
20131014	50.66
20131015	49.16
20131016	49.63
20131017	49.89
20131018	51.13
20131019	55.59
20131020	57.13
20131021	59.26
20131022	60.88
20131023	62.44
20131024	63.49
20131025	63.25
20131026	62.65
20131027	63.49
20131028	64.82
20131029	64.46
20131030	64.16
20131031	63.91
20131101	63.43
20131102	64.11
20131103	65.00
20131104	65.16
20131105	65.81
20131106	66.84
20131107	67.15
20131108	68.16
20131109	68.90
20131110	67.43
20131111	67.71
20131112	68.19
20131113	67.95
20131114	68.04
20131115	68.52
20131116	69.43
20131117	69.46
20131118	69.37
20131119	70.42
20131120	70.54
20131121	70.09
20131122	69.09
20131123	68.36
20131124	67.20
20131125	65.90
20131126	65.64
20131127	62.14
20131128	60.47
20131129	59.93
20131130	61.35
20131201	61.46
20131202	62.38
20131203	62.80
20131204	62.84
20131205	61.73
20131206	60.53
20131207	60.63
20131208	62.08
20131209	61.08
20131210	62.59
20131211	62.58
20131212	63.39
20131213	63.30
20131214	62.40
20131215	60.93
20131216	59.93
20131217	62.40
20131218	65.22
20131219	59.29
20131220	56.75
20131221	55.58
20131222	55.55
20131223	55.65
20131224	54.77
20131225	55.30
20131226	47.44
20131227	39.67
20131228	35.35
20131229	32.17
20131230	30.63
20131231	29.84
20140101	5.76
20140102	5.18
20140103	4.08
20140104	2.63
20140105	2.92
20140106	2.79
20140107	3.86
20140108	2.60
20140109	2.37
20140110	3.84
20140111	4.90
20140112	5.42
20140113	5.75
20140114	6.64
20140115	6.50
20140116	7.28
20140117	7.73
20140118	7.53
20140119	8.54
20140120	9.57
20140121	9.65
20140122	11.09
20140123	13.55
20140124	17.01
20140125	17.57
20140126	16.82
20140127	19.94
20140128	19.72
20140129	20.44
20140130	21.73
20140131	22.68
20140201	23.44
20140202	25.62
20140203	26.03
20140204	26.41
20140205	27.48
20140206	29.06
20140207	30.07
20140208	32.55
20140209	32.94
20140210	33.08
20140211	35.23
20140212	37.13
20140213	37.37
20140214	37.87
20140215	39.67
20140216	41.38
20140217	41.64
20140218	41.20
20140219	42.24
20140220	43.02
20140221	44.66
20140222	46.22
20140223	47.37
20140224	48.72
20140225	50.27
20140226	52.14
20140227	52.54
20140228	54.00
20140301	54.87
20140302	55.96
20140303	57.90
20140304	60.22
20140305	61.30
20140306	63.75
20140307	64.92
20140308	65.58
20140309	66.91
20140310	67.44
20140311	71.30
20140312	76.36
20140313	77.75
20140314	80.57
20140315	83.57
20140316	86.66
20140317	89.77
20140318	91.31
20140319	92.95
20140320	92.68
20140321	92.78
20140322	94.96
20140323	96.34
20140324	97.17
20140325	98.27
20140326	99.15
20140327	99.24
20140328	99.21
20140329	99.00
20140330	98.63
20140331	97.65
20140401	97.80
20140402	98.57
20140403	99.58
20140404	99.34
20140405	100.26
20140406	99.10
20140407	99.80
20140408	99.37
20140409	99.41
20140410	98.86
20140411	96.25
20140412	93.86
20140413	93.30
20140414	93.17
20140415	92.60
20140416	91.10
20140417	91.22
20140418	90.66
20140419	88.36
20140420	87.23
20140421	85.28
20140422	83.35
20140423	83.17
20140424	83.85
20140425	82.97
20140426	82.49
20140427	82.68
20140428	81.98
20140429	81.70
20140430	82.48
20140501	82.31
20140502	80.32
20140503	80.04
20140504	79.42
20140505	77.29
20140506	78.12
20140507	80.79
20140508	80.46
20140509	80.96
20140510	78.11
20140511	76.34
20140512	76.86
20140513	79.41
20140514	79.79
20140515	79.32
20140516	80.53
20140517	80.76
20140518	80.70
20140519	81.22
20140520	82.42
20140521	83.13
20140522	83.28
20140523	83.73
20140524	82.59
20140525	83.31
20140526	84.42
20140527	87.66
20140528	88.24
20140529	89.68
20140530	90.70
20140531	90.05
20140601	89.30
20140602	88.64
20140603	87.83
20140604	86.48
20140605	85.56
20140606	84.58
20140607	84.94
20140608	87.87
20140609	89.76
20140610	91.20
20140611	92.01
20140612	91.64
20140613	90.80
20140614	87.86
20140615	86.84
20140616	86.68
20140617	86.13
20140618	86.71
20140619	85.35
20140620	83.62
20140621	83.32
20140622	84.05
20140623	84.79
20140624	85.96
20140625	82.98
20140626	82.48
20140627	82.58
20140628	81.67
20140629	80.21
20140630	80.16
20140701	79.49
20140702	81.06
20140703	82.28
20140704	83.22
20140705	83.61
20140706	85.27
20140707	87.22
20140708	89.48
20140709	87.84
20140710	84.95
20140711	84.41
20140712	83.10
20140713	81.00
20140714	79.91
20140715	79.36
20140716	79.78
20140717	80.50
20140718	81.71
20140719	82.33
20140720	82.99
20140721	85.82
20140722	86.66
20140723	86.92
20140724	89.76
20140725	79.18
20140726	79.91
20140727	80.09
20140728	79.44
20140729	78.26
20140730	77.82
20140731	77.39
20140801	77.12
20140802	76.60
20140803	76.54
20140804	75.18
20140805	72.19
20140806	70.30
20140807	70.18
20140808	70.07
20140809	70.02
20140810	70.71
20140811	71.47
20140812	71.26
20140813	71.04
20140814	70.15
20140815	71.32
20140816	73.69
20140817	74.79
20140818	75.64
20140819	76.85
20140820	77.85
20140821	78.82
20140822	79.67
20140823	80.32
20140824	81.12
20140825	81.37
20140826	81.40
20140827	79.82
20140828	73.20
20140829	72.58
20140830	72.81
20140831	73.34
20140901	73.52
20140902	74.59
20140903	74.82
20140904	75.70
20140905	76.59
20140906	76.33
20140907	75.77
20140908	76.27
20140909	76.41
20140910	76.98
20140911	77.38
20140912	77.00
20140913	77.78
20140914	78.95
20140915	77.48
20140916	76.67
20140917	74.20
20140918	73.14
20140919	72.24
20140920	72.57
20140921	72.69
20140922	72.87
20140923	72.60
20140924	73.23
20140925	73.33
20140926	74.01
20140927	74.82
20140928	74.95
20140929	76.10
20140930	75.46
20141001	75.21
20141002	76.08
20141003	75.76
20141004	75.39
20141005	75.55
20141006	74.81
20141007	75.82
20141008	76.62
20141009	80.80
20141010	80.69
20141011	81.88
20141012	82.81
20141013	78.90
20141014	86.36
20141015	86.81
20141016	86.51
20141017	87.34
20141018	88.03
20141019	88.46
20141020	89.00
20141021	88.06
20141022	87.76
20141023	88.29
20141024	89.50
20141025	90.82
20141026	92.68
20141027	90.80
20141028	91.04
20141029	91.21
20141030	91.54
20141031	91.41
20141101	91.09
20141102	90.25
20141103	91.16
20141104	92.54
20141105	94.93
20141106	96.67
20141107	96.51
20141108	97.23
20141109	98.23
20141110	98.93
20141111	99.90
20141112	99.59
20141113	99.11
20141114	99.57
20141115	99.46
20141116	99.04
20141117	98.26
20141118	98.14
20141119	98.62
20141120	99.90
20141121	101.47
20141122	102.91
20141123	102.71
20141124	102.08
20141125	100.48
20141126	101.05
20141127	102.70
20141128	99.05
20141129	100.93
20141130	99.79
20141201	96.76
20141202	95.81
20141203	95.06
20141204	93.67
20141205	93.75
20141206	93.15
20141207	91.80
20141208	91.30
20141209	88.60
20141210	87.37
20141211	85.38
20141212	83.43
20141213	82.76
20141214	82.83
20141215	81.87
20141216	78.91
20141217	78.78
20141218	79.27
20141219	78.80
20141220	79.08
20141221	78.77
20141222	80.20
20141223	81.56
20141224	82.49
20141225	80.41
20141226	81.02
20141227	81.10
20141228	80.53
20141229	81.78
20141230	84.74
20141231	85.00
20150101	-0.17
20150102	1.36
20150103	3.08
20150104	6.63
20150105	9.91
20150106	8.40
20150107	9.19
20150108	9.55
20150109	10.46
20150110	12.26
20150111	14.60
20150112	15.43
20150113	19.25
20150114	21.39
20150115	22.79
20150116	24.56
20150117	24.96
20150118	26.56
20150119	28.48
20150120	30.89
20150121	31.28
20150122	31.49
20150123	32.10
20150124	35.25
20150125	36.80
20150126	40.30
20150127	41.29
20150128	42.13
20150129	43.71
20150130	45.22
20150131	46.20
20150201	47.66
20150202	49.50
20150203	51.07
20150204	52.33
20150205	53.06
20150206	55.15
20150207	58.04
20150208	57.49
20150209	58.80
20150210	60.76
20150211	63.10
20150212	65.96
20150213	66.00
20150214	68.10
20150215	69.94
20150216	70.30
20150217	71.77
20150218	71.42
20150219	71.44
20150220	72.81
20150221	74.28
20150222	74.69
20150223	76.29
20150224	78.80
20150225	81.11
20150226	82.68
20150227	83.43
20150228	83.46
20150301	84.14
20150302	86.47
20150303	87.87
20150304	88.28
20150305	88.74
20150306	90.96
20150307	95.31
20150308	97.89
20150309	98.68
20150310	98.02
20150311	99.46
20150312	101.21
20150313	103.29
20150314	103.03
20150315	104.20
20150316	106.06
20150317	108.08
20150318	106.27
20150319	106.59
20150320	106.12
20150321	107.25
20150322	109.28
20150323	109.09
20150324	109.02
20150325	109.90
20150326	110.30
20150327	111.08
20150328	112.83
20150329	112.97
20150330	114.23
20150331	116.19
20150401	114.63
20150402	112.95
20150403	113.70
20150404	113.00
20150405	113.04
20150406	112.94
20150407	111.55
20150408	111.39
20150409	112.15
20150410	111.88
20150411	112.01
20150412	110.84
20150413	108.92
20150414	108.71
20150415	110.30
20150416	110.30
20150417	111.55
20150418	112.69
20150419	112.60
20150420	111.56
20150421	112.00
20150422	91.58
20150423	89.18
20150424	91.04
20150425	91.86
20150426	91.87
20150427	93.07
20150428	95.06
20150429	94.33
20150430	95.00
20150501	95.10
20150502	95.13
20150503	96.98
20150504	96.76
20150505	98.06
20150506	99.00
20150507	98.23
20150508	97.80
20150509	96.79
20150510	94.66
20150511	92.29
20150512	91.08
20150513	92.78
20150514	94.24
20150515	95.04
20150516	94.28
20150517	96.16
20150518	98.66
20150519	100.46
20150520	99.72
20150521	98.94
20150522	99.71
20150523	100.16
20150524	100.50
20150525	100.54
20150526	100.60
20150527	100.74
20150528	101.35
20150529	101.33
20150530	101.24
20150531	101.59
20150601	103.51
20150602	104.58
20150603	103.56
20150604	102.74
20150605	103.50
20150606	103.80
20150607	103.08
20150608	100.88
20150609	100.66
20150610	100.48
20150611	99.91
20150612	101.22
20150613	101.99
20150614	101.73
20150615	101.47
20150616	102.34
20150617	103.43
20150618	103.06
20150619	102.40
20150620	100.67
20150621	99.56
20150622	99.20
20150623	98.82
20150624	98.04
20150625	100.26
20150626	101.56
20150627	100.58
20150628	100.13
20150629	99.94
20150630	98.49
20150701	98.07
20150702	98.17
20150703	96.69
20150704	95.28
20150705	94.57
20150706	93.91
20150707	92.18
20150708	90.47
20150709	90.37
20150710	90.18
20150711	90.40
20150712	89.85
20150713	88.77
20150714	88.72
20150715	87.80
20150716	86.97
20150717	87.00
20150718	87.19
20150719	87.91
20150720	87.84
20150721	87.47
20150722	87.57
20150723	87.32
20150724	87.11
20150725	86.89
20150726	87.00
20150727	85.93
20150728	85.27
20150729	84.87
20150730	83.73
20150731	83.19
20150801	84.03
20150802	999999
20150803	77.36
20150804	74.17
20150805	74.64
20150806	75.46
20150807	76.17
20150808	77.16
20150809	78.04
20150810	78.68
20150811	78.97
20150812	79.48
20150813	79.99
20150814	80.30
20150815	81.54
20150816	83.72
20150817	83.96
20150818	84.41
20150819	82.79
20150820	79.70
20150821	79.58
20150822	80.19
20150823	80.41
20150824	80.25
20150825	80.41
20150826	80.30
20150827	80.88
20150828	82.16
20150829	82.89
20150830	81.30
20150831	79.53
20150901	79.07
20150902	79.38
20150903	80.15
20150904	79.79
20150905	79.33
20150906	79.53
20150907	79.02
20150908	78.57
20150909	77.36
20150910	73.38
20150911	68.69
20150912	66.49
20150913	65.52
20150914	65.89
20150915	65.91
20150916	65.72
20150917	65.94
20150918	66.24
20150919	66.27
20150920	65.81
20150921	65.80
20150922	65.49
20150923	65.35
20150924	65.67
20150925	65.47
20150926	64.87
20150927	65.00
20150928	65.76
20150929	65.64
20150930	65.58
20151001	64.67
20151002	65.71
20151003	66.55
20151004	66.33
20151005	63.34
20151006	61.19
20151007	59.15
20151008	56.74
20151009	54.65
20151010	53.96
20151011	52.19
20151012	51.41
20151013	50.76
20151014	50.33
20151015	50.20
20151016	52.28
20151017	58.14
20151018	60.52
20151019	61.83
20151020	64.90
20151021	67.51
20151022	65.74
20151023	65.39
20151024	65.68
20151025	64.16
20151026	62.98
20151027	63.32
20151028	65.36
20151029	66.11
20151030	65.41
20151031	64.98
20151101	65.03
20151102	65.60
20151103	66.63
20151104	68.70
20151105	70.36
20151106	68.85
20151107	67.05
20151108	66.42
20151109	66.29
20151110	66.86
20151111	66.76
20151112	66.84
20151113	66.90
20151114	71.09
20151115	68.85
20151116	67.97
20151117	68.08
20151118	67.01
20151119	67.31
20151120	67.11
20151121	67.45
20151122	66.65
20151123	66.67
20151124	64.17
20151125	62.22
20151126	60.22
20151127	59.41
20151128	58.47
20151129	57.95
20151130	57.06
20151201	56.98
20151202	55.45
20151203	54.77
20151204	54.05
20151205	53.96
20151206	53.06
20151207	52.93
20151208	51.99
20151209	49.18
20151210	47.85
20151211	56.47
20151212	58.23
20151213	58.27
20151214	56.45
20151215	55.00
20151216	54.42
20151217	53.50
20151218	53.41
20151219	52.53
20151220	52.80
20151221	53.99
20151222	55.09
20151223	56.43
20151224	56.96
20151225	57.09
20151226	61.21
20151227	59.80
20151228	58.62
20151229	58.95
20151230	59.39
20151231	59.24
20160101	60.25
20160102	61.98
20160103	63.33
20160104	64.74
20160105	65.02
20160106	66.05
20160107	66.47
20160108	67.20
20160109	68.50
20160110	70.75
20160111	71.12
20160112	75.98
20160113	81.81
20160114	86.83
20160115	92.45
20160116	98.16
20160117	102.11
20160118	105.01
20160119	108.89
20160120	113.27
20160121	118.01
20160122	120.43
20160123	121.24
20160124	122.97
20160125	125.83
20160126	130.75
20160127	133.42
20160128	136.65
20160129	138.39
20160130	140.57
20160131	142.65
20160201	144.85
20160202	147.70
20160203	151.04
20160204	153.60
20160205	154.92
20160206	155.89
20160207	157.41
20160208	160.08
20160209	162.26
20160210	164.17
20160211	166.15
20160212	168.28
20160213	169.25
20160214	168.48
20160215	169.70
20160216	172.28
20160217	174.27
20160218	177.08
20160219	179.96
20160220	183.91
20160221	184.55
20160222	185.49
20160223	185.12
20160224	184.52
20160225	185.04
20160226	185.44
20160227	187.61
20160228	188.44
20160229	187.94
20160301	188.88
20160302	189.31
20160303	190.85
20160304	192.52
20160305	191.05
20160306	191.01
20160307	192.16
20160308	191.91
20160309	190.52
20160310	188.98
20160311	188.72
20160312	190.74
20160313	191.92
20160314	191.88
20160315	192.44
20160316	193.45
20160317	193.80
20160318	195.44
20160319	197.08
20160320	198.52
20160321	198.60
20160322	199.83
20160323	199.24
20160324	199.39
20160325	200.58
20160326	200.41
20160327	199.14
20160328	200.18
20160329	200.45
20160330	200.18
20160331	199.93
20160401	201.98
20160402	202.33
20160403	198.96
20160404	197.62
20160405	197.02
20160406	196.30
20160407	196.73
20160408	196.41
20160409	196.69
20160410	197.91
20160411	197.19
20160412	197.75
20160413	198.43
20160414	199.05
20160415	198.23
20160416	197.27
20160417	195.14
20160418	194.91
20160419	194.80
20160420	195.44
20160421	195.19
20160422	196.47
20160423	196.01
20160424	194.95
20160425	195.74
20160426	196.09
20160427	195.08
20160428	194.43
20160429	192.89
20160430	192.50
20160501	192.37
20160502	191.62
20160503	189.13
20160504	189.13
20160505	190.08
20160506	189.99
20160507	189.38
20160508	189.45
20160509	190.19
20160510	190.11
20160511	191.41
20160512	192.98
20160513	191.45
20160514	190.33
20160515	189.91
20160516	189.31
20160517	189.90
20160518	190.55
20160519	191.39
20160520	192.83
20160521	193.92
20160522	194.29
20160523	194.00
20160524	194.45
20160525	194.75
20160526	194.29
20160527	193.34
20160528	193.36
20160529	192.90
20160530	192.18
20160531	192.49
20160601	191.91
20160602	191.23
20160603	190.78
20160604	191.98
20160605	192.23
20160606	191.52
20160607	190.18
20160608	188.24
20160609	187.09
20160610	186.80
20160611	185.52
20160612	185.23
20160613	184.71
20160614	183.42
20160615	185.03
20160616	184.66
20160617	186.16
20160618	187.61
20160619	187.88
20160620	186.67
20160621	186.27
20160622	185.96
20160623	184.38
20160624	182.78
20160625	181.36
20160626	179.57
20160627	179.73
20160628	180.50
20160629	181.33
20160701	187.31
20160702	187.95
20160703	188.56
20160704	190.06
20160705	190.78
20160706	190.97
20160707	191.33
20160708	191.40
20160709	189.80
20160710	188.80
20160711	188.77
20160712	189.59
20160713	189.43
20160714	184.77
20160715	181.06
20160716	179.94
20160717	180.35
20160718	178.86
20160719	173.29
20160720	162.89
20160721	158.37
20160722	156.68
20160723	155.73
20160724	155.11
20160725	154.27
20160726	154.53
20160727	154.56
20160728	155.29
20160729	155.95
20160730	156.19
20160731	155.92
20160801	156.16
20160802	156.37
20160803	155.71
20160804	155.37
20160805	155.19
20160806	155.25
20160807	156.08
20160808	156.01
20160809	155.96
20160810	156.47
20160811	157.26
20160812	158.16
20160813	158.86
20160814	158.96
20160815	158.69
20160816	156.41
20160817	156.28
20160818	156.51
20160819	157.28
20160820	156.37
20160821	156.87
20160822	157.06
20160823	157.34
20160824	158.38
20160825	160.01
20160826	160.43
20160827	162.03
20160828	163.26
20160829	164.34
20160830	164.62
20160831	165.50
20160901	166.40
20160902	167.11
20160903	167.51
20160904	168.27
20160905	168.97
20160906	169.37
20160907	170.31
20160908	171.88
20160909	172.78
20160910	173.37
20160911	174.78
20160912	175.23
20160913	175.51
20160914	176.45
20160915	176.72
20160916	177.17
20160917	177.45
20160918	177.13
20160919	176.86
20160920	177.23
20160921	178.44
20160922	181.23
20160923	184.68
20160924	186.59
20160925	187.96
20160926	187.60
20160927	188.91
20160928	188.96
20160929	189.50
20160930	190.94
20161001	192.28
20161002	193.49
20161003	195.49
20161004	196.78
20161005	197.80
20161006	198.92
20161007	199.36
20161008	199.29
20161009	199.03
20161010	199.50
20161011	200.79
20161012	200.10
20161013	200.56
20161014	201.42
20161015	201.88
20161016	202.85
20161017	204.78
20161018	206.74
20161019	208.91
20161020	210.25
20161021	210.21
20161022	211.51
20161023	209.74
20161024	209.04
20161025	208.81
20161026	210.13
20161027	210.21
20161028	209.34
20161029	207.87
20161030	209.46
20161031	209.41
20161101	207.95
20161102	208.18
20161103	208.64
20161104	209.87
20161105	212.44
20161106	212.26
20161107	211.95
20161108	210.65
20161109	208.98
20161110	208.53
20161111	210.31
20161112	211.51
20161113	211.45
20161114	214.34
20161115	214.44
20161116	216.47
20161117	217.14
20161118	218.12
20161119	219.83
20161120	219.49
20161121	220.41
20161122	216.24
20161123	215.29
20161124	217.01
20161125	218.48
20161126	219.18
20161127	221.29
20161128	221.66
20161129	221.64
20161130	221.70
20161201	222.58
20161202	222.26
20161203	222.15
20161204	222.93
20161205	222.73
20161206	220.31
20161207	220.65
20161208	221.08
20161209	222.31
20161210	219.27
20161211	219.14
20161212	220.36
20161213	219.85
20161214	218.31
20161215	217.70
20161216	216.08
20161217	216.40
20161218	215.78
20161219	215.25
20161220	215.23
20161221	213.83
20161222	213.13
20161223	212.84
20161224	213.23
20161225	214.92
20161226	214.40
20161227	214.33
20161228	213.70
20161229	211.76
20161230	211.11
20161231	210.69
20170101	210.92
20170102	210.05
20170103	210.42
20170104	211.63
20170105	212.18
20170106	212.83
20170107	214.17
20170108	214.98
20170109	215.91
20170110	217.28
20170111	218.02
20170112	219.13
20170113	220.66
20170114	221.26
20170115	221.32
20170116	222.92
20170117	224.36
20170118	225.93
20170119	227.14
20170120	228.66
20170121	233.97
20170122	238.73
20170123	237.79
20170124	239.86
20170125	241.14
20170126	243.97
20170127	244.61
20170128	247.49
20170129	249.50
20170130	247.97
20170131	249.57
20170201	251.19
20170202	252.45
20170203	255.38
20170204	258.95
20170205	262.22
20170206	265.11
20170207	266.71
20170208	269.03
20170209	269.50
20170210	270.72
20170211	271.99
20170212	274.31
20170213	277.23
20170214	278.76
20170215	280.78
20170216	285.33
20170217	285.19
20170218	286.06
20170219	290.41
20170220	291.93
20170221	290.60
20170222	291.53
20170223	292.03
20170224	293.11
20170225	294.61
20170226	295.32
20170227	296.45
20170228	298.45
20170301	302.72
20170302	309.68
20170303	314.93
20170304	318.46
20170305	321.17
20170306	321.96
20170307	323.68
20170308	323.94
20170309	324.96
20170310	326.37
20170311	327.79
20170312	329.44
20170313	328.98
20170314	329.24
20170315	329.95
20170316	330.70
20170317	332.16
20170318	333.56
20170319	334.17
20170320	334.61
20170321	334.38
20170322	334.25
20170323	334.45
20170324	333.86
20170325	333.85
20170326	333.17
20170327	333.87
20170328	334.64
20170329	334.37
20170330	335.65
20170331	335.90
20170401	335.96
20170402	337.04
20170403	337.63
20170404	337.64
20170405	337.56
20170406	338.31
20170407	338.03
20170408	338.29
20170409	336.58
20170410	335.82
20170411	336.61
20170412	335.48
20170413	335.02
20170414	338.06
20170415	342.88
20170416	344.16
20170417	345.32
20170418	347.45
20170419	347.42
20170420	347.18
20170421	347.06
20170422	346.46
20170423	347.18
20170424	348.53
20170425	348.59
20170426	348.48
20170427	348.32
20170428	349.41
20170429	350.59
20170430	351.92
20170501	352.56
20170502	352.45
20170503	352.17
20170504	352.04
20170505	351.84
20170506	351.81
20170507	352.65
20170508	354.14
20170509	355.49
20170510	356.61
20170511	357.65
20170512	357.79
20170513	359.77
20170514	359.68
20170515	358.82
20170516	358.37
20170517	358.90
20170518	356.95
20170519	357.86
20170520	357.95
20170521	357.65
20170522	357.04
20170523	356.26
20170524	356.26
20170525	357.52
20170526	358.17
20170527	358.66
20170528	359.76
20170529	359.43
20170530	358.29
20170531	358.40
20170601	359.44
20170602	359.49
20170603	359.51
20170604	359.41
20170605	359.42
20170606	361.77
20170607	362.44
20170608	362.48
20170609	362.31
20170610	362.03
20170611	361.40
20170612	360.71
20170613	359.80
20170614	358.87
20170615	357.87
20170616	356.96
20170617	355.98
20170618	355.48
20170619	355.36
20170620	355.43
20170621	354.67
20170622	353.59
20170623	352.80
20170624	351.94
20170625	350.82
20170626	352.18
20170627	356.71
20170628	354.51
20170629	352.39
20170630	350.35
20170701	349.59
20170702	348.48
20170703	348.03
20170704	348.08
20170705	347.67
20170706	346.63
20170707	346.02
20170708	346.64
20170709	346.57
20170710	345.05
20170711	342.79
20170712	340.89
20170713	339.80
20170714	339.13
20170715	337.60
20170716	336.70
20170717	335.46
20170718	354.93
20170719	335.31
20170720	335.52
20170721	335.83
20170722	334.53
20170723	334.23
20170724	333.86
20170725	334.16
20170726	330.74
20170727	321.23
20170728	314.39
20170729	311.32
20170730	310.49
20170731	310.63
20170801	310.29
20170802	310.55
20170803	310.21
20170804	310.10
20170805	308.88
20170806	308.47
20170807	307.69
20170808	306.60
20170809	305.65
20170810	305.09
20170811	305.04
20170812	304.89
20170813	303.87
20170814	304.27
20170815	305.56
20170816	306.54
20170817	307.30
20170818	307.48
20170819	307.96
20170820	307.72
20170821	308.02
20170822	308.02
20170823	308.34
20170824	309.02
20170825	309.14
20170826	309.28
20170827	309.87
20170828	309.07
20170829	307.97
20170830	308.30
20170831	309.16
20170901	309.10
20170902	308.86
20170903	308.70
20170904	308.67
20170905	308.22
20170906	307.14
20170907	307.19
20170908	309.87
20170909	307.42
20170910	308.06
20170911	309.04
20170912	309.71
20170913	310.28
20170914	310.85
20170915	311.48
20170916	311.09
20170917	311.26
20170918	311.23
20170919	312.09
20170920	312.15
20170921	311.86
20170922	310.28
20170923	307.13
20170924	307.40
20170925	307.51
20170926	308.28
20170927	307.96
20170928	307.40
20170929	308.07
20170930	308.58
20171001	309.43
20171002	309.43
20171003	307.14
20171004	305.64
20171005	305.77
20171006	307.12
20171007	307.38
20171008	307.27
20171009	305.38
20171010	300.59
20171011	299.43
20171012	299.52
20171013	300.57
20171014	301.34
20171015	302.00
20171016	303.57
20171017	303.99
20171018	303.84
20171019	304.54
20171020	305.32
20171021	306.24
20171022	307.09
20171023	308.06
20171024	309.04
20171025	309.83
20171026	310.45
20171027	311.54
20171028	312.76
20171029	311.76
20171030	311.20
20171031	311.57
20171101	312.23
20171102	313.59
20171103	314.28
20171104	313.58
20171105	314.82
20171106	316.18
20171107	317.40
20171108	318.23
20171109	319.10
20171110	319.22
20171111	318.52
20171112	319.61
20171113	320.47
20171114	321.11
20171115	321.92
20171116	323.03
20171117	325.29
20171118	323.58
20171119	324.84
20171120	325.46
20171121	325.38
20171122	324.58
20171123	322.77
20171124	320.91
20171125	320.14
20171126	318.57
20171127	316.89
20171128	317.64
20171129	315.67
20171130	314.19
20171201	312.58
20171202	312.76
20171203	313.75
20171204	312.62
20171205	311.44
20171206	312.29
20171207	312.43
20171208	310.21
20171209	310.19
20171210	310.06
20171211	309.92
20171212	308.97
20171213	308.72
20171214	307.47
20171215	307.53
20171216	305.10
20171217	304.48
20171218	305.79
20171219	305.16
20171220	305.67
20171221	306.44
20171222	308.18
20171223	308.18
20171224	307.74
20171225	307.78
20171226	308.59
20171227	311.31
20171228	315.74
20171229	317.79
20171230	318.74
20171231	320.76
20180101	323.82
20180102	325.97
20180103	326.00
20180104	325.43
20180105	325.36
20180106	325.64
20180107	325.19
20180108	324.74
20180109	326.28
20180110	328.85
20180111	329.95
20180112	330.98
20180113	332.81
20180114	335.09
20180115	336.98
20180116	338.02
20180117	340.93
20180118	342.99
20180119	344.81
20180120	346.13
20180121	346.77
20180122	347.53
20180123	348.22
20180124	348.23
20180125	348.62
20180126	348.44
20180127	349.46
20180128	350.46
20180129	350.46
20180130	351.46
20180131	352.45
20180201	355.19
20180202	355.24
20180203	355.27
20180204	356.41
20180205	357.88
20180206	359.12
20180207	361.56
20180208	361.36
20180209	364.61
20180210	364.28
20180211	364.85
20180212	365.58
20180213	367.32
20180214	370.65
20180215	369.64
20180216	370.93
20180217	371.46
20180218	372.10
20180219	372.52
20180220	373.18
20180221	372.48
20180222	372.95
20180223	375.84
20180224	375.95
20180225	375.39
20180226	377.21
20180227	387.09
20180228	395.48
20180301	396.47
20180302	396.25
20180303	399.21
20180304	400.74
20180305	400.31
20180306	401.24
20180307	402.17
20180308	403.26
20180309	403.80
20180310	405.89
20180311	405.47
20180312	406.51
20180313	408.11
20180314	409.53
20180315	411.97
20180316	409.73
20180317	409.89
20180318	410.06
20180319	410.79
20180320	410.97
20180321	411.46
20180322	412.85
20180323	414.56
20180324	415.71
20180325	415.91
20180326	416.13
20180327	416.99
20180328	419.16
20180329	419.85
20180330	418.53
20180331	419.45
20180401	420.12
20180402	422.18
20180403	424.77
20180404	423.49
20180405	423.09
20180406	422.65
20180407	421.30
20180408	423.04
20180409	423.74
20180410	425.18
20180411	426.90
20180412	428.72
20180413	427.18
20180414	426.96
20180415	427.34
20180416	428.14
20180417	430.29
20180418	432.83
20180419	435.48
20180420	437.06
20180421	439.45
20180422	440.18
20180423	441.14
20180424	441.57
20180425	442.26
20180426	444.24
20180427	445.46
20180428	446.88
20180429	449.25
20180430	451.25
20180501	452.63
20180502	453.07
20180503	453.56
20180504	455.08
20180505	457.16
20180506	457.40
20180507	458.36
20180508	458.70
20180509	458.17
20180510	458.28
20180511	458.17
20180512	458.71
20180513	459.02
20180514	460.35
20180515	461.57
20180516	462.82
20180517	464.26
20180518	465.15
20180519	463.98
20180520	462.58
20180521	461.14
20180522	458.49
20180523	457.65
20180524	459.26
20180525	460.25
20180526	460.66
20180527	460.90
20180528	462.78
20180529	464.44
20180530	465.24
20180531	466.17
20180601	466.76
20180602	467.28
20180603	468.17
20180604	468.56
20180605	470.17
20180606	470.74
20180607	469.84
20180608	466.95
20180609	464.17
20180610	462.41
20180611	461.48
20180612	461.03
20180613	461.11
20180614	459.60
20180615	458.07
20180616	456.40
20180617	454.15
20180618	452.66
20180619	451.34
20180620	449.24
20180621	447.83
20180622	447.33
20180623	447.69
20180624	447.98
20180625	447.53
20180626	447.18
20180627	447.36
20180628	447.43
20180629	446.04
20180630	444.64
20180701	442.11
20180702	440.97
20180703	440.50
20180704	441.60
20180705	445.65
20180706	446.40
20180707	445.99
20180708	445.52
20180709	442.36
20180710	442.17
20180711	440.43
20180712	437.44
20180713	434.37
20180714	430.85
20180715	428.59
20180716	428.04
20180717	426.90
20180718	426.93
20180719	426.93
20180720	427.71
20180721	429.03
20180722	430.47
20180723	431.21
20180724	431.04
20180725	431.60
20180726	426.73
20180727	430.05
20180728	432.75
20180729	434.76
20180730	436.31
20180731	436.81
20180801	437.75
20180802	438.98
20180803	440.07
20180804	441.20
20180805	442.38
20180806	443.40
20180807	444.51
20180808	446.09
20180809	447.66
20180810	448.42
20180811	447.56
20180812	447.13
20180813	447.16
20180814	447.60
20180815	449.03
20180816	451.11
20180817	452.82
20180818	454.59
20180819	452.56
20180820	455.92
20180821	457.39
20180822	457.01
20180823	457.47
20180824	458.14
20180825	458.46
20180826	458.73
20180827	458.80
20180828	458.93
20180829	459.47
20180830	458.67
20180831	457.56
20180901	456.65
20180902	457.15
20180903	458.55
20180904	459.48
20180905	459.50
20180906	460.29
20180907	460.20
20180908	460.30
20180909	460.32
20180910	460.39
20180911	460.69
20180912	461.54
20180913	462.86
20180914	463.94
20180915	465.56
20180916	465.95
20180917	466.49
20180918	465.93
20180919	465.22
20180920	464.77
20180921	464.90
20180922	465.02
20180923	465.36
20180924	465.33
20180925	462.33
20180926	459.80
20180927	458.95
20180928	460.08
20180929	461.29
20180930	461.50
20181001	461.90
20181002	462.26
20181003	462.81
20181004	462.83
20181005	463.10
20181006	463.11
20181007	462.01
20181008	464.92
20181009	467.50
20181010	467.29
20181011	466.69
20181012	465.97
20181013	465.61
20181014	466.49
20181015	466.75
20181016	466.95
20181017	466.78
20181018	466.56
20181019	466.07
20181020	465.60
20181021	465.55
20181022	465.55
20181023	465.29
20181024	466.26
20181025	466.87
20181026	467.15
20181027	467.53
20181028	468.23
20181029	469.57
20181030	469.55
20181031	469.48
20181101	469.09
20181102	468.73
20181103	468.79
20181104	468.98
20181105	468.21
20181106	466.94
20181107	465.42
20181108	465.29
20181109	466.58
20181110	466.99
20181111	466.67
20181112	466.65
20181113	466.85
20181114	466.69
20181115	466.26
20181116	463.71
20181117	461.04
20181118	459.27
20181119	457.94
20181120	458.02
20181121	455.99
20181122	454.16
20181123	453.95
20181124	453.69
20181125	454.04
20181126	454.14
20181127	453.18
20181128	453.08
20181129	451.99
20181130	450.40
20181201	448.37
20181202	448.97
20181203	449.05
20181204	446.61
20181205	445.55
20181206	445.32
20181207	442.01
20181208	439.13
20181209	437.11
20181210	436.14
20181211	434.65
20181212	433.82
20181213	432.90
20181214	431.34
20181215	431.18
20181216	431.64
20181217	431.86
20181218	433.13
20181219	434.68
20181220	435.88
20181221	437.32
20181222	439.06
20181223	438.83
20181224	439.05
20181225	440.56
20181226	440.29
20181227	440.32
20181228	435.98
20181229	440.53
20181230	448.23
20181231	449.87
20190101	451.33
20190102	453.04
20190103	455.49
20190104	457.48
20190105	458.60
20190106	460.55
20190107	462.39
20190108	463.03
20190109	463.39
20190110	465.33
20190111	466.87
20190112	468.48
20190113	470.34
20190114	472.74
20190115	473.66
20190116	474.68
20190117	477.08
20190118	480.11
20190119	482.62
20190120	483.51
20190121	483.97
20190122	486.04
20190123	484.99
20190124	495.49
20190125	504.61
20190126	503.87
20190127	505.82
20190128	507.28
20190129	509.36
20190130	512.22
20190131	510.51
20190201	510.68
20190202	513.17
20190203	513.35
20190204	512.95
20190205	515.05
20190206	517.34
20190207	516.83
20190208	515.90
20190209	515.93
20190210	515.12
20190211	516.67
20190212	518.44
20190213	519.54
20190214	520.47
20190215	523.13
20190216	524.46
20190217	525.12
20190218	525.30
20190219	525.75
20190220	526.59
20190221	526.82
20190222	528.98
20190223	530.22
20190224	532.43
20190225	534.68
20190226	536.55
20190227	537.97
20190228	545.41
20190301	554.83
20190302	559.03
20190303	560.18
20190304	561.66
20190305	563.36
20190306	563.46
20190307	561.88
20190308	562.02
20190309	563.32
20190310	563.26
20190311	563.52
20190312	564.46
20190313	564.36
20190314	565.24
20190315	565.01
20190316	565.99
20190317	565.94
20190318	565.56
20190319	567.34
20190320	567.77
20190321	566.23
20190322	565.13
20190323	564.59
20190324	564.88
20190325	566.66
20190326	567.77
20190327	569.42
20190328	569.58
20190329	569.34
20190330	567.91
20190331	566.47
20190401	566.47
20190402	567.01
20190403	565.01
20190404	565.27
20190405	565.81
20190406	567.28
20190407	566.50
20190408	567.67
20190409	566.0533
20190410	563.90
20190411	563.94
20190412	562.16
20190413	562.46
20190414	561.05
20190415	560.83
20190416	568.15
20190417	582.60
20190418	607.41
20190419	609.72
20190420	612.34
20190421	615.21
20190422	617.71
20190423	620.31
20190424	621.36
20190425	621.48
20190426	622.05
20190427	618.87
20190428	616.15
20190429	616.03
20190430	615.90
20190501	615.08
20190502	614.68
20190503	615.44
20190504	616.27
20190505	617.47
20190506	616.55
20190507	618.87
20190508	619.71
20190509	620.17
20190510	620.98
20190511	620.90
20190512	620.47
20190513	618.97
20190514	619.85
20190515	619.84
20190516	620.53
20190517	621.63
20190518	622.51
20190519	622.56
20190520	621.52
20190521	621.77
20190522	621.86
20190523	621.44
20190524	621.38
20190525	620.79
20190526	621.10
20190527	619.54
20190528	616.92
20190529	616.32
20190530	616.59
20190531	615.66
20190601	615.24
20190602	616.02
20190603	616.63
20190604	616.88
20190605	615.13
20190606	612.91
20190607	611.58
20190608	610.48
20190609	610.40
20190610	609.63
20190611	609.71
20190612	610.85
20190613	611.77
20190614	613.23
20190615	615.46
20190616	616.05
20190617	615.66
20190618	615.71
20190619	616.32
20190620	616.03
20190621	615.40
20190622	614.09
20190623	613.03
20190624	611.71
20190625	612.06
20190626	614.47
20190627	614.83
20190628	613.56
20190629	613.91
20190630	613.81
20190701	613.17
20190702	612.96
20190703	611.80
20190704	609.32
20190705	607.59
20190706	606.59
20190707	604.85
20190708	603.81
20190709	602.82
20190710	603.21
20190711	603.22
20190712	603.89
20190713	604.12
20190714	603.77
20190715	604.07
20190716	604.33
20190717	602.65
20190718	602.57
20190719	600.51
20190720	598.15
20190721	597.43
20190722	596.0632
20190723	597.15
20190724	597.76
20190725	598.35
20190726	599.53
20190727	600.67
20190728	602.15
20190729	602.90
20190730	602.36
20190731	603.25
20190801	603.72
20190802	603.55
20190803	602.78
20190804	598.12
20190805	594.60
20190806	593.69
20190807	594.41
20190808	595.24
20190809	595.48
20190810	596.46
20190811	597.92
20190812	598.15
20190813	598.44
20190814	597.87
20190815	597.36
20190816	598.67
20190817	597.18
20190818	597.14
20190819	596.43
20190820	596.00
20190821	596.36
20190822	596.32
20190823	596.98
20190824	597.24
20190825	596.17
20190826	596.46
20190827	596.48
20190828	595.86
20190829	596.01
20190830	595.42
20190831	594.89
20190901	594.77
20190902	594.77
20190903	595.68
20190904	596.61
20190905	597.92
20190906	599.49
20190907	600.16
20190908	600.95
20190909	601.57
20190910	598.74
20190911	591.49
20190912	581.36
20190913	579.83
20190914	577.28
20190915	576.05
20190916	575.96
20190917	575.27
20190918	575.44
20190919	574.44
20190920	575.50
20190921	576.52
20190922	578.98
20190923	580.57
20190924	579.74
20190925	577.97
20190926	576.39
20190927	574.50
20190928	572.91
20190929	572.17
20190930	571.92
20191001	572.73
20191002	573.64
20191003	574.20
20191004	574.58
20191005	573.41
20191006	572.56
20191007	572.23
20191008	572.44
20191009	571.61
20191010	571.66
20191011	571.70
20191012	571.56
20191013	572.44
20191014	571.76
20191015	571.55
20191016	570.96
20191017	571.78
20191018	572.71
20191019	573.35
20191020	574.22
20191021	575.26
20191022	576.48
20191023	575.97
20191024	575.35
20191025	574.07
20191026	573.07
20191027	573.19
20191028	573.66
20191029	574.23
20191030	575.48
20191031	577.05
20191101	577.93
20191102	577.83
20191103	577.74
20191104	577.22
20191105	577.37
20191106	577.08
20191107	576.45
20191108	575.42
20191109	574.59
20191110	574.91
20191111	575.72
20191112	575.82
20191113	573.78
20191114	574.17
20191115	575.70
20191116	576.08
20191117	576.85
20191118	576.18
20191119	575.37
20191120	574.48
20191121	573.27
20191122	573.09
20191123	574.22
20191124	573.41
20191125	570.73
20191126	571.38
20191127	571.40
20191128	569.24
20191129	568.29
20191130	567.38
20191201	565.14
20191202	562.41
20191203	560.90
20191204	559.68
20191205	558.55
20191206	555.30
20191207	553.53
20191208	551.82
20191209	551.58
20191210	551.87
20191211	551.47
20191212	549.59
20191213	549.73
20191214	548.29
20191215	547.72
20191216	546.55
20191217	545.74
20191218	542.65
20191219	541.03
20191220	539.31
20191221	538.67
20191222	539.29
20191223	539.66
20191224	538.82
20191225	540.32
20191226	538.49
20191227	538.81
20191228	539.61
20191229	541.23
20191230	539.76
20191231	536.17
20200101	537.12
20200102	537.04
20200103	537.40
20200104	538.65
20200105	539.86
20200106	541.07
20200107	542.73
20200108	542.40
20200109	543.34
20200110	545.35
20200111	545.75
20200112	546.49
20200113	546.93
20200114	546.90
20200115	548.78
20200116	551.04
20200117	553.58
20200118	556.39
20200119	559.48
20200120	565.77
20200121	568.89
20200122	571.68
20200123	573.91
20200124	574.34
20200125	574.95
20200126	575.89
20200127	576.21
20200128	577.08
20200129	577.61
20200130	577.73
20200131	579.05
20200201	580.41
20200202	580.75
20200203	581.15
20200204	583.57
20200205	583.78
20200206	583.89
20200207	585.15
20200208	585.32
20200209	584.64
20200210	585.20
20200211	585.51
20200212	586.28
20200213	588.65
20200214	590.47
20200215	589.76
20200216	590.42
20200217	591.37
20200218	592.03
20200219	593.74
20200220	594.22
20200221	594.36
20200222	594.58
20200223	595.62
20200224	597.68
20200225	599.77
20200226	612.61
20200227	612.25
20200228	612.05
20200229	613.35
20200301	614.28
20200302	613.69
20200303	614.83
20200304	614.67
20200305	613.72
20200306	614.77
20200307	614.71
20200308	614.62
20200309	613.57
20200310	611.11
20200311	611.16
20200312	613.29
20200313	612.87
20200314	612.87
20200315	614.61
20200316	615.58
20200317	616.34
20200318	617.46
20200319	617.67
20200320	618.68
20200321	620.06
20200322	619.67
20200323	619.45
20200324	618.90
20200325	619.66
20200326	620.45
20200327	618.45
20200328	617.32
20200329	617.63
20200330	618.63
20200331	620.72
20200401	619.89
20200402	616.69
20200403	616.07
20200404	615.41
20200405	613.85
20200406	613.76
20200407	613.37
20200408	613.79
20200409	614.37
20200410	613.83
20200411	614.59
20200412	616.78
20200413	617.21
20200414	619.25
20200415	624.62
20200416	629.28
20200417	627.63
20200418	624.99
20200419	623.50
20200420	623.38
20200421	622.04
20200422	620.61
20200423	619.28
20200424	618.80
20200425	620.50
20200426	620.32
20200427	619.93
20200428	618.89
20200429	619.04
20200430	618.85
20200501	618.45
20200502	617.92
20200503	617.88
20200504	615.13
20200505	611.37
20200506	613.52
20200507	612.10
20200508	611.78
20200509	611.34
20200510	611.77
20200511	611.11
20200512	611.56
20200513	611.25
20200514	610.99
20200515	610.66
20200516	610.62
20200517	610.79
20200518	610.37
20200519	610.70
20200520	611.00
20200521	611.93
20200522	613.06
20200523	614.68
20200524	614.67
20200525	614.72
20200526	614.38
20200527	612.94
20200528	612.05
20200529	611.68
20200530	609.97
20200531	608.84
20200601	608.17
20200602	608.51
20200603	609.24
20200604	610.21
20200605	610.21
20200606	609.75
20200607	609.71
20200608	609.69
20200609	608.55
20200610	607.26
20200611	607.02
20200612	606.48
20200613	605.78
20200614	605.29
20200615	604.68
20200616	603.24
20200617	602.43
20200618	602.51
20200619	602.58
20200620	603.40
20200621	603.54
20200622	602.32
20200623	601.35
20200624	599.67
20200625	598.62
20200626	597.00
20200627	596.48
20200628	595.40
20200629	595.06
20200630	596.23
20200701	595.80
20200702	596.26
20200703	595.85
20200704	595.02
20200705	595.23
20200706	596.18
20200707	595.13
20200708	590.84
20200709	587.49
20200710	585.56
20200711	585.36
20200712	585.78
20200713	586.03
20200714	585.88
20200715	586.67
20200716	587.52
20200717	587.65
20200718	588.50
20200719	588.43
20200720	587.66
20200721	587.37
20200722	586.37
20200723	585.20
20200724	584.72
20200725	583.36
20200726	582.86
20200727	581.21
20200728	581.95
20200729	582.88
20200730	583.60
20200731	583.88
20200801	583.74
20200802	583.21
20200803	582.11
20200804	581.53
20200805	577.31
20200806	566.65
20200807	559.17
20200808	556.15
20200809	554.24
20200810	553.77
20200811	553.45
20200812	552.00
20200813	550.50
20200814	551.80
20200815	551.94
20200816	550.62
20200817	550.62
20200818	547.09
20200819	546.29
20200820	544.92
20200821	543.73
20200822	542.72
20200823	542.98
20200824	544.13
20200825	545.47
20200826	547.69
20200827	548.60
20200828	550.10
20200829	550.79
20200830	550.75
20200831	549.73
20200901	550.32
20200902	549.94
20200903	549.39
20200904	548.54
20200905	548.93
20200906	549.60
20200907	551.10
20200908	551.75
20200909	552.10
20200910	552.88
20200911	553.0535
20200912	553.37
20200913	553.72
20200914	552.85
20200915	551.45
20200916	551.90
20200917	551.46
20200918	551.18
20200919	552.50
20200920	553.66
20200921	555.08
20200922	556.81
20200923	557.63
20200924	559.21
20200925	560.56
20200926	560.53
20200927	560.89
20200928	561.49
20200929	560.81
20200930	559.90
20201001	560.39
20201002	560.73
20201003	561.45
20201004	561.84
20201005	561.77
20201006	562.37
20201007	563.60
20201008	563.80
20201009	564.48
20201010	565.68
20201011	566.38
20201012	565.58
20201013	565.47
20201014	563.36
20201015	563.53
20201016	564.32
20201017	564.93
20201018	566.90
20201019	568.35
20201020	569.42
20201021	570.79
20201022	572.08
20201023	571.77
20201024	572.06
20201025	572.48
20201026	575.48
20201027	582.24
20201028	580.76
20201029	580.06
20201030	579.77
20201031	580.63
20201101	581.26
20201102	581.55
20201103	582.40
20201104	583.51
20201105	584.49
20201106	583.70
20201107	583.53
20201108	581.47
20201109	579.66
20201110	578.19
20201111	576.87
20201112	577.52
20201113	577.46
20201114	578.18
20201115	579.71
20201116	581.25
20201117	583.11
20201118	582.42
20201119	584.77
20201120	587.24
20201121	589.14
20201122	589.55
20201123	589.62
20201124	590.46
20201125	591.15
20201126	591.27
20201127	591.28
20201128	590.27
20201129	590.42
20201130	589.20
20201201	587.71
20201202	586.40
20201203	583.69
20201204	580.75
20201205	578.21
20201206	576.42
20201207	572.95
20201208	569.06
20201209	567.03
20201210	564.99
20201211	564.13
20201212	563.65
20201213	563.18
20201214	561.02
20201215	560.76
20201216	560.56
20201217	560.06
20201218	558.93
20201219	556.92
20201220	555.82
20201221	554.71
20201222	554.64
20201223	554.92
20201224	554.85
20201225	555.81
20201226	557.12
20201227	558.86
20201228	560.61
20201229	559.81
20201230	558.20
20201231	558.68
20210101	559.07
20210102	561.48
20210103	561.08
20210104	562.00
20210105	562.01
20210106	562.78
20210107	562.78
20210108	565.17
20210109	568.23
20210110	570.82
20210111	571.33
20210112	573.28
20210113	576.78
20210114	578.88
20210115	587.50
20210116	593.46
20210117	591.48
20210118	594.04
20210119	595.84
20210120	597.83
20210121	600.52
20210122	602.85
20210123	605.60
20210124	609.04
20210125	610.87
20210126	612.78
20210127	614.51
20210128	614.88
20210129	615.99
20210130	617.26
20210131	617.83
20210201	619.77
20210202	619.91
20210203	621.79
20210204	622.52
20210205	624.81
20210206	628.90
20210207	631.90
20210208	632.13
20210209	633.21
20210210	634.73
20210211	634.98
20210212	636.97
20210213	637.80
20210214	638.67
20210215	637.98
20210216	639.83
20210217	640.18
20210218	640.64
20210219	642.14
20210220	644.67
20210221	651.62
20210222	653.34
20210223	653.03
20210224	652.53
20210225	652.06
20210226	650.42
20210227	649.67
20210228	650.04
20210301	648.11
20210302	646.99
20210303	648.29
20210304	650.54
20210305	654.40
20210306	653.11
20210307	652.47
20210308	653.09
20210309	653.55
20210310	653.35
20210311	652.97
20210312	653.95
20210313	653.06
20210314	652.38
20210315	654.91
20210316	654.34
20210317	656.00
20210318	654.49
20210319	654.19
20210320	653.90
20210321	652.45
20210322	651.78
20210323	652.52
20210324	653.61
20210325	652.47
20210326	651.82
20210327	651.28
20210328	652.10
20210329	651.73
20210330	652.38
20210331	656.42
20210401	656.92
20210402	657.42
20210403	657.50
20210404	656.52
20210405	654.96
20210406	655.68
20210407	656.16
20210408	654.77
20210409	654.44
20210410	653.76
20210411	653.17
20210412	653.98
20210413	653.37
20210414	652.72
20210415	654.00
20210416	653.44
20210417	650.87
20210418	649.23
20210419	649.16
20210420	647.60
20210421	645.13
20210422	644.19
20210423	643.76
20210424	641.10
20210425	638.48
20210426	637.29
20210427	637.33
20210428	637.00
20210429	637.75
20210430	638.21
20210501	638.07
20210502	636.52
20210503	635.92
20210504	635.07
20210505	633.17
20210506	632.82
20210507	632.16
20210508	632.86
20210509	632.87
20210510	633.34
20210511	632.00
20210512	632.31
20210513	632.44
20210514	632.18
20210515	632.47
20210516	630.60
20210517	629.82
20210518	628.72
20210519	637.66
20210520	639.65
20210521	640.59
20210522	642.26
20210523	642.59
20210524	643.57
20210525	644.63
20210526	647.81
20210527	648.75
20210528	649.20
20210529	649.06
20210530	649.20
20210531	648.17
20210601	647.55
20210602	647.07
20210603	645.08
20210604	644.63
20210605	645.89
20210606	645.86
20210607	647.20
20210608	647.88
20210609	646.85
20210610	646.20
20210611	646.35
20210612	646.91
20210613	646.99
20210614	647.72
20210615	647.32
20210616	645.98
20210617	645.12
20210618	644.74
20210619	645.08
20210620	646.31
20210621	647.13
20210622	648.26
20210623	649.15
20210624	649.33
20210625	649.34
20210626	649.16
20210627	648.10
20210628	646.67
20210629	644.55
20210630	643.96
20210701	642.84
20210702	642.21
20210703	641.77
20210704	642.69
20210705	642.85
20210706	643.83
20210707	644.10
20210708	646.41
20210709	649.53
20210710	648.75
20210711	647.55
20210712	643.33
20210713	642.06
20210714	641.31
20210715	639.61
20210716	638.44
20210717	638.48
20210718	638.54
20210719	638.74
20210720	639.46
20210721	639.53
20210722	640.22
20210723	640.37
20210724	639.96
20210725	638.90
20210726	638.56
20210727	638.01
20210728	637.92
20210729	640.65
20210730	637.52
20210731	638.93
20210801	640.44
20210802	640.09
20210803	640.51
20210804	642.08
20210805	643.09
20210806	643.59
20210807	643.12
20210808	642.46
20210809	641.86
20210810	641.60
20210811	640.91
20210812	639.75
20210813	639.31
20210814	639.34
20210815	640.20
20210816	641.23
20210817	641.84
20210818	641.97
20210819	639.55
20210820	635.62
20210821	633.62
20210822	631.85
20210823	630.59
20210824	629.43
20210825	628.75
20210826	628.90
20210827	629.51
20210828	630.37
20210829	630.20
20210830	631.21
20210831	630.78
20210901	630.47
20210902	630.67
20210903	631.09
20210904	629.82
20210905	629.13
20210906	627.88
20210907	626.40
20210908	626.10
20210909	626.82
20210910	627.76
20210911	628.80
20210912	630.06
20210913	631.56
20210914	632.80
20210915	635.13
20210916	638.17
20210917	639.79
20210918	640.27
20210919	638.29
20210920	637.00
20210921	637.61
20210922	639.45
20210923	640.82
20210924	642.85
20210925	643.85
20210926	644.53
20210927	645.82
20210928	646.33
20210929	647.34
20210930	648.13
20211001	648.26
20211002	647.42
20211003	647.23
20211004	642.19
20211005	629.00
20211006	618.52
20211007	615.40
20211008	616.18
20211009	616.50
20211010	616.96
20211011	618.03
20211012	619.76
20211013	621.30
20211014	615.3946
20211015	613.07
20211016	617.44
20211017	615.98
20211018	617.81
20211019	618.29
20211020	618.29
20211021	620.13
20211022	621.25
20211023	622.29
20211024	623.14
20211025	624.42
20211026	625.76
20211027	625.66
20211028	626.14
20211029	626.30
20211030	626.82
20211031	626.59
20211101	625.67
20211102	625.23
20211103	625.70
20211104	627.28
20211105	629.11
20211106	630.81
20211107	631.44
20211108	999999
20211109	999999
20211110	999999
20211111	999999
20211112	631.95
20211113	634.11
20211114	635.22
20211115	635.77
20211116	636.11
20211117	638.20
20211118	639.52
20211119	1082.27
20211120	1081.31
20211121	1079.15
20211122	633.8961
20211123	633.43
20211124	632.88
20211125	632.48
20211126	631.75
20211127	630.56
20211128	630.14
20211129	629.84
20211130	628.76
20211201	628.54
20211202	628.88
20211203	630.32
20211204	631.40
20211205	631.93
20211206	633.27
20211207	632.54
20211208	630.94
20211209	630.38
20211210	630.67
20211211	630.60
20211212	629.57
20211213	629.19
20211214	629.70
20211215	633.03
20211216	635.00
20211217	633.49
20211218	633.61
20211219	633.84
20211220	634.92
20211221	635.65
20211222	636.02
20211223	635.91
20211224	634.99
20211225	632.34
20211226	629.18
20211227	628.31
20211228	628.74
20211229	629.42
20211230	630.46
20211231	633.07
20220101	635.45
20220102	636.68
20220103	639.00
20220104	639.96
20220105	640.81
20220106	641.63
20220107	642.93
20220108	644.61
20220109	647.02
20220110	650.92
20220111	655.47
20220112	659.12
20220113	660.35
20220114	663.04
20220115	665.65
20220116	666.24
20220117	667.63
20220118	668.53
20220119	669.54
20220120	668.85
20220121	669.34
20220122	670.91
20220123	672.28
20220124	673.38
20220125	675.76
20220126	678.64
20220127	681.01
20220128	683.20
20220129	685.63
20220130	687.86
20220131	688.95
20220201	690.05
20220202	690.99
20220203	692.51
20220204	693.70
20220205	694.74
20220206	696.91
20220207	699.47
20220208	701.54
20220209	703.97
20220210	706.80
20220211	709.55
20220212	711.19
20220213	712.74
20220214	713.87
20220215	715.24
20220216	719.35
20220217	719.08
20220218	720.32
20220219	719.53
20220220	719.60
20220221	721.09
20220222	721.81
20220223	722.57
20220224	723.72
20220225	725.17
20220226	726.39
20220227	726.80
20220228	727.48
20220301	726.08
20220302	725.64
20220303	725.24
20220304	725.73
20220305	726.58
20220306	726.41
20220307	727.52
20220308	729.71
20220309	730.44
20220310	731.47
20220311	732.26
20220312	731.79
20220313	732.57
20220314	731.93
20220315	731.62
20220316	731.78
20220317	729.28
20220318	729.04
20220319	728.02
20220320	727.47
20220321	727.87
20220322	724.33
20220323	722.28
20220324	723.94
20220325	724.58
20220326	722.78
20220327	721.87
20220328	720.86
20220329	720.89
20220330	721.45
20220331	720.64
20220401	719.67
20220402	720.13
20220403	720.59
20220404	722.43
20220405	724.56
20220406	725.54
20220407	725.93
20220408	727.64
20220409	728.81
20220410	728.99
20220411	730.12
20220412	729.71
20220413	727.99
20220414	727.25
20220415	725.89
20220416	725.06
20220417	725.74
20220418	726.13
20220419	726.07
20220420	726.88
20220421	728.63
20220422	726.38
20220423	724.50
20220424	725.99
20220425	725.57
20220426	725.92
20220427	723.82
20220428	721.73
20220429	721.24
20220430	721.86
20220501	721.55
20220502	722.91
20220503	722.71
20220504	723.30
20220505	725.03
20220506	726.38
20220507	723.86
20220508	722.75
20220509	720.46
20220510	721.01
20220511	721.37
20220512	718.77
20220513	716.40
20220514	715.74
20220515	715.84
20220516	716.92
20220517	718.58
20220518	719.84
20220519	719.24
20220520	718.43
20220521	717.82
20220522	717.54
20220523	717.23
20220524	717.06
20220525	717.22
20220526	715.70
20220527	717.13
20220528	725.44
20220529	731.51
20220530	732.90
20220531	735.56
20220601	738.06
20220602	739.55
20220603	740.18
20220604	739.99
20220605	738.1321
20220606	738.46
20220607	735.44
20220608	745.78
20220609	734.00
20220610	733.29
20220611	733.22
20220612	732.61
20220613	733.97
20220614	734.23
20220615	734.00
20220616	732.23
20220617	730.3991
20220618	729.02
20220619	726.84
20220620	725.15
20220621	724.70
20220622	724.60
20220623	723.95
20220624	724.25
20220625	724.8433
20220626	726.03
20220627	726.07
20220628	726.34
20220629	726.64
20220630	726.94
20220701	726.49
20220702	724.14
20220703	719.61
20220704	718.54
20220705	717.39
20220706	716.65
20220707	718.14
20220708	720.73
20220709	722.68
20220710	724.12
20220711	722.30
20220712	710.81
20220713	709.12
20220714	707.74
20220715	705.42
20220716	702.36
20220718	700.36
20220719	699.38
20220720	699.64
20220721	700.62
20220722	700.97
20220723	701.25
20220724	702.18
20220725	702.56
20220726	702.71
20220727	701.59
20220728	701.98
20220729	701.53
20220730	700.57
20220731	699.50
20220801	698.34
20220802	698.01
20220803	697.77
20220804	697.18
20220805	697.25
20220806	697.59
20220807	698.78
20220808	699.61
20220809	699.92
20220810	698.01
20220811	696.01
20220812	694.27
20220813	693.13
20220814	691.57
20220815	692.31
20220816	692.13
20220817	692.78
20220818	694.20
20220819	695.81
20220820	695.40
20220821	695.93
20220822	697.06
20220823	696.53
20220824	695.66
20220825	695.85
20220826	696.03
20220827	695.62
20220828	693.23
20220829	693.95
20220830	695.13
20220831	695.92
20220901	696.92
20220902	697.41
20220903	697.98
20220904	698.77
20220905	696.97
20220906	700.38
20220907	699.78
20220908	699.14
20220909	698.34
20220910	698.23
20220911	699.57
20220912	701.00
20220913	703.48
20220914	704.16
20220915	704.65
20220916	705.20
20220917	705.41
20220918	706.86
20220919	705.29
20220920	704.81
20220921	703.05
20220922	703.63
20220923	702.77
20220924	701.87
20220925	701.87
20220926	702.52
20220927	702.36
20220928	702.45
20220929	703.56
20220930	704.48
20221001	705.29
20221002	704.98
20221003	704.91
20221004	701.81
20221005	700.63
20221006	699.52
20221007	698.46
20221008	698.76
20221009	698.83
20221010	699.17
20221011	700.77
20221012	702.18
20221013	703.69
20221014	704.90
20221015	706.48
20221016	707.78
20221017	707.62
20221018	707.65
20221019	706.85
20221020	706.84
20221021	707.61
20221022	708.06
20221023	708.02
20221024	708.36
20221025	709.24
20221026	711.46
20221027	712.68
20221028	713.28
20221029	713.48
20221030	713.86
20221031	714.61
20221101	714.47
20221102	714.37
20221103	714.15
20221104	713.02
20221105	711.90
20221106	712.61
20221107	713.27
20221108	713.45
20221109	714.77
20221110	716.85
20221111	717.47
20221112	716.59
20221113	716.11
20221114	716.67
20221115	717.02
20221116	716.61
20221117	716.60
20221118	713.55
20221119	711.05
20221120	710.15
20221121	711.62
20221122	712.34
20221123	711.87
20221124	712.10
20221125	713.29
20221126	712.12
20221127	712.18
20221128	710.57
20221129	705.08
	