20070701	341.600
20070702	327.134
20070703	311.371
20070704	294.575
20070705	275.860
20070706	254.559
20070707	231.146
20070708	205.459
20070709	179.673
20070710	155.636
20070711	132.952
20070712	112.605
20070713	94.003
20070714	76.602
20070715	62.075
20070716	51.032
20070717	41.358
20070718	32.013
20070719	23.405
20070720	14.772
20070721	8.121
20070722	4.984
20070723	4.028
20070724	5.488
20070725	8.051
20070726	10.234
20070727	12.766
20070728	15.221
20070729	17.602
20070730	20.175
20070731	21.987
20070801	22.577
20070802	24.084
20070803	27.789
20070804	33.294
20070805	41.415
20070806	50.679
20070807	59.923
20070808	70.531
20070809	82.536
20070810	94.475
20070811	105.702
20070812	115.883
20070813	124.181
20070814	131.687
20070815	139.020
20070816	145.027
20070817	149.553
20070818	152.883
20070819	154.867
20070820	155.593
20070821	155.187
20070822	152.782
20070823	147.813
20070824	140.468
20070825	130.462
20070826	120.002
20070827	110.851
20070828	102.536
20070829	95.991
20070830	90.407
20070831	85.065
20070901	81.590
20070902	80.457
20070903	79.566
20070904	77.873
20070905	75.620
20070906	71.965
20070907	68.758
20070908	67.363
20070909	66.398
20070910	65.990
20070911	65.708
20070912	64.747
20070913	63.681
20070914	62.477
20070915	60.730
20070916	58.373
20070917	55.128
20070918	50.709
20070919	46.348
20070920	42.871
20070921	39.950
20070922	38.020
20070923	36.382
20070924	34.432
20070925	32.948
20070926	31.997
20070927	31.062
20070928	30.021
20070929	28.743
20070930	26.956
20071001	25.204
20071002	23.815
20071003	22.418
20071004	21.054
20071005	19.705
20071006	18.244
20071007	16.820
20071008	15.483
20071009	14.068
20071010	12.517
20071011	10.852
20071012	9.024
20071013	7.209
20071014	5.541
20071015	3.950
20071016	2.485
20071017	1.090
20071018	-0.304
20071019	-1.594
20071020	-2.757
20071021	-3.923
20071022	-5.154
20071023	-6.449
20071024	-7.864
20071025	-9.302
20071026	-10.693
20071027	-12.126
20071028	-13.603
20071029	-15.023
20071030	-16.340
20071031	-17.532
20071101	-18.545
20071102	-19.453
20071103	-20.299
20071104	-21.004
20071105	-21.558
20071106	-22.001
20071107	-22.340
20071108	-22.581
20071109	-22.744
20071110	-22.761
20071111	-22.588
20071112	-22.257
20071113	-21.751
20071114	-21.241
20071115	-20.867
20071116	-20.597
20071117	-20.509
20071118	-20.554
20071119	-20.690
20071120	-21.044
20071121	-21.661
20071122	-22.389
20071123	-23.153
20071124	-23.983
20071125	-24.824
20071126	-25.825
20071127	-27.100
20071128	-28.551
20071129	-30.199
20071130	-31.852
20071201	-33.329
20071202	-34.686
20071203	-35.845
20071204	-36.837
20071205	-37.703
20071206	-38.297
20071207	-38.561
20071208	-38.718
20071209	-38.890
20071210	-39.031
20071211	-39.222
20071212	-39.272
20071213	-39.033
20071214	-38.648
20071215	-38.102
20071216	-37.465
20071217	-36.842
20071218	-36.171
20071219	-35.468
20071220	-34.762
20071221	-34.049
20071222	-33.381
20071223	-32.794
20071224	-32.126
20071225	-31.271
20071226	-30.269
20071227	-29.058
20071228	-27.740
20071229	-26.397
20071230	-24.926
20071231	-23.320
20080101	-21.680
20080102	-20.045
20080103	-18.436
20080104	-16.908
20080105	-15.380
20080106	-13.803
20080107	-12.254
20080108	-10.739
20080109	-9.240
20080110	-7.767
20080111	-6.310
20080112	-4.857
20080113	-3.461
20080114	-2.153
20080115	-0.920
20080116	0.223
20080117	1.193
20080118	1.931
20080119	2.414
20080120	2.588
20080121	2.475
20080122	2.079
20080123	1.328
20080124	0.188
20080125	-1.308
20080126	-3.160
20080127	-5.391
20080128	-8.003
20080129	-11.075
20080130	-14.669
20080131	-18.773
20080201	-23.419
20080202	-28.192
20080203	-32.766
20080204	-37.193
20080205	-41.282
20080206	-45.180
20080207	-49.009
20080208	-52.450
20080209	-55.399
20080210	-58.224
20080211	-61.098
20080212	-63.963
20080213	-66.955
20080214	-69.710
20080215	-71.956
20080216	-73.927
20080217	-75.579
20080218	-76.968
20080219	-78.221
20080220	-79.209
20080221	-79.912
20080222	-80.382
20080223	-80.607
20080224	-80.611
20080225	-80.421
20080226	-79.783
20080227	-78.517
20080228	-76.655
20080229	-74.089
20080301	-70.917
20080302	-67.222
20080303	-62.828
20080304	-57.694
20080305	-52.295
20080306	-46.940
20080307	-41.611
20080308	-36.540
20080309	-31.465
20080310	-26.201
20080311	-21.112
20080312	-16.275
20080313	-11.364
20080314	-6.254
20080315	-0.958
20080316	4.661
20080317	10.246
20080318	15.546
20080319	20.778
20080320	25.894
20080321	30.861
20080322	35.726
20080323	40.363
20080324	44.706
20080325	48.828
20080326	52.736
20080327	56.375
20080328	59.742
20080329	62.673
20080330	65.036
20080331	66.838
20080401	68.001
20080402	68.525
20080403	68.416
20080404	67.555
20080405	65.883
20080406	64.053
20080407	62.533
20080408	61.261
20080409	60.545
20080410	60.080
20080411	59.635
20080412	59.708
20080413	60.428
20080414	61.274
20080415	62.017
20080416	62.706
20080417	63.132
20080418	63.819
20080419	65.147
20080420	66.775
20080421	68.763
20080422	70.760
20080423	72.379
20080424	73.806
20080425	74.927
20080426	75.739
20080427	76.310
20080428	76.389
20080429	75.855
20080430	75.236
20080501	74.844
20080502	74.574
20080503	74.626
20080504	74.624
20080505	74.275
20080506	73.918
20080507	73.554
20080508	73.174
20080509	72.888
20080510	72.599
20080511	72.281
20080512	72.089
20080513	72.095
20080514	72.294
20080515	72.748
20080516	73.270
20080517	73.722
20080518	74.189
20080519	74.623
20080520	75.118
20080521	75.774
20080522	76.483
20080523	77.239
20080524	77.822
20080525	78.021
20080526	77.864
20080527	77.240
20080528	76.173
20080529	74.689
20080530	72.603
20080531	69.827
20080601	66.601
20080602	63.046
20080603	59.088
20080604	54.801
20080605	49.939
20080606	44.308
20080607	38.049
20080608	31.122
20080609	23.875
20080610	16.629
20080611	9.280
20080612	1.970
20080613	-5.380
20080614	-12.864
20080615	-20.219
20080616	-27.345
20080617	-34.666
20080618	-42.412
20080619	-50.514
20080620	-59.134
20080621	-67.928
20080622	-76.635
20080623	-85.528
20080624	-94.592
20080625	-103.353
20080626	-111.541
20080627	-119.062
20080628	-125.642
20080629	-131.536
20080630	-136.884
20080701	-141.299
20080702	-144.681
20080703	-147.181
20080704	-148.789
20080705	-149.470
20080706	-149.262
20080707	-147.818
20080708	-144.887
20080709	-140.551
20080710	-134.695
20080711	-128.439
20080712	-122.678
20080713	-117.214
20080714	-112.543
20080715	-108.262
20080716	-104.026
20080717	-100.682
20080718	-98.490
20080719	-96.399
20080720	-93.894
20080721	-91.119
20080722	-87.666
20080723	-84.507
20080724	-82.366
20080725	-80.561
20080726	-79.181
20080727	-77.809
20080728	-75.886
20080729	-73.741
20080730	-71.270
20080731	-68.363
20080801	-65.065
20080802	-61.086
20080803	-56.246
20080804	-51.370
20080805	-46.979
20080806	-42.894
20080807	-39.424
20080808	-36.048
20080809	-32.342
20080810	-28.838
20080811	-25.565
20080812	-22.302
20080813	-19.061
20080814	-15.733
20080815	-12.186
20080816	-8.748
20080817	-5.601
20080818	-2.588
20080819	0.238
20080820	2.983
20080821	5.773
20080822	8.493
20080823	11.144
20080824	13.745
20080825	16.263
20080826	18.742
20080827	21.205
20080828	23.575
20080829	25.815
20080830	27.938
20080831	29.920
20080901	31.805
20080902	33.630
20080903	35.354
20080904	36.978
20080905	38.506
20080906	39.931
20080907	41.264
20080908	42.512
20080909	43.660
20080910	44.701
20080911	45.642
20080912	46.479
20080913	47.255
20080914	48.006
20080915	48.726
20080916	49.435
20080917	50.123
20080918	50.782
20080919	51.446
20080920	52.127
20080921	52.799
20080922	53.455
20080923	54.103
20080924	54.738
20080925	55.395
20080926	56.102
20080927	56.847
20080928	57.639
20080929	58.440
20080930	59.215
20081001	59.982
20081002	60.728
20081003	61.470
20081004	62.225
20081005	62.966
20081006	63.688
20081007	64.446
20081008	65.276
20081009	66.175
20081010	67.169
20081011	68.224
20081012	69.316
20081013	70.483
20081014	71.733
20081015	72.881
20081016	73.800
20081017	74.488
20081018	74.852
20081019	74.972
20081020	74.901
20081021	74.496
20081022	73.712
20081023	72.673
20081024	71.422
20081025	69.940
20081026	68.268
20081027	66.257
20081028	63.796
20081029	60.960
20081030	57.721
20081031	54.355
20081101	51.104
20081102	47.901
20081103	44.866
20081104	41.922
20081105	38.994
20081106	36.292
20081107	33.890
20081108	31.495
20081109	28.958
20081110	26.326
20081111	23.489
20081112	20.703
20081113	18.164
20081114	15.683
20081115	13.281
20081116	10.917
20081117	8.494
20081118	6.094
20081119	3.724
20081120	1.330
20081121	-1.097
20081122	-3.580
20081123	-6.150
20081124	-8.635
20081125	-10.917
20081126	-13.032
20081127	-14.916
20081128	-16.652
20081129	-18.310
20081130	-19.779
20081201	-21.040
20081202	-22.234
20081203	-23.430
20081204	-24.635
20081205	-25.915
20081206	-27.165
20081207	-28.313
20081208	-29.463
20081209	-30.622
20081210	-31.726
20081211	-32.759
20081212	-33.707
20081213	-34.534
20081214	-35.322
20081215	-36.121
20081216	-36.883
20081217	-37.620
20081218	-38.301
20081219	-38.891
20081220	-39.416
20081221	-39.874
20081222	-40.255
20081223	-40.565
20081224	-40.787
20081225	-40.914
20081226	-40.993
20081227	-41.057
20081228	-41.097
20081229	-41.131
20081230	-41.134
20081231	-41.083
20090101	-41.010
20090102	-40.921
20090103	-40.787
20090104	-40.601
20090105	-40.357
20090106	-40.044
20090107	-39.689
20090108	-39.307
20090109	-38.880
20090110	-38.410
20090111	-37.905
20090112	-37.368
20090113	-36.805
20090114	-36.224
20090115	-35.612
20090116	-34.964
20090117	-34.289
20090118	-33.586
20090119	-32.709
20090120	-31.549
20090121	-30.105
20090122	-28.300
20090123	-26.186
20090124	-23.796
20090125	-21.012
20090126	-17.794
20090127	-14.244
20090128	-10.403
20090129	-6.245
20090130	-1.804
20090131	3.052
20090201	8.418
20090202	14.235
20090203	20.528
20090204	26.658
20090205	32.110
20090206	36.951
20090207	40.872
20090208	44.066
20090209	46.687
20090210	48.234
20090211	48.530
20090212	48.115
20090213	47.234
20090214	45.771
20090215	43.912
20090216	41.081
20090217	36.840
20090218	31.524
20090219	25.040
20090220	18.193
20090221	11.723
20090222	5.393
20090223	-0.464
20090224	-6.025
20090225	-11.493
20090226	-16.262
20090227	-20.100
20090228	-23.947
20090301	-28.307
20090302	-33.014
20090303	-38.423
20090304	-43.752
20090305	-48.401
20090306	-52.975
20090307	-57.424
20090308	-61.653
20090309	-65.798
20090310	-69.621
20090311	-72.994
20090312	-76.179
20090313	-79.264
20090314	-82.153
20090315	-84.891
20090316	-87.113
20090317	-88.519
20090318	-89.200
20090319	-89.018
20090320	-88.044
20090321	-86.364
20090322	-83.737
20090323	-80.078
20090324	-76.258
20090325	-72.865
20090326	-69.838
20090327	-67.587
20090328	-65.672
20090329	-63.771
20090330	-62.538
20090331	-62.124
20090401	-61.912
20090402	-61.650
20090403	-61.377
20090404	-60.838
20090405	-60.688
20090406	-61.396
20090407	-62.551
20090408	-64.236
20090409	-65.914
20090410	-67.031
20090411	-67.827
20090412	-68.111
20090413	-67.922
20090414	-67.373
20090415	-66.078
20090416	-63.865
20090417	-61.455
20090418	-59.258
20090419	-57.136
20090420	-55.358
20090421	-53.384
20090422	-50.789
20090423	-48.035
20090424	-45.111
20090425	-41.970
20090426	-38.737
20090427	-35.264
20090428	-31.485
20090429	-27.612
20090430	-23.735
20090501	-19.814
20090502	-15.912
20090503	-11.774
20090504	-7.201
20090505	-2.290
20090506	3.037
20090507	8.684
20090508	14.550
20090509	20.788
20090510	27.428
20090511	34.037
20090512	40.340
20090513	46.336
20090514	51.813
20090515	56.987
20090516	62.006
20090517	66.543
20090518	70.520
20090519	74.174
20090520	77.577
20090521	80.707
20090522	83.653
20090523	86.108
20090524	87.849
20090525	89.027
20090526	89.582
20090527	89.972
20090528	90.606
20090529	91.348
20090530	92.384
20090531	93.594
20090601	94.847
20090602	96.482
20090603	98.619
20090604	100.748
20090605	102.600
20090606	104.252
20090607	105.508
20090608	106.788
20090609	108.413
20090610	110.050
20090611	111.724
20090612	113.317
20090613	114.625
20090614	115.776
20090615	116.749
20090616	117.450
20090617	117.859
20090618	117.895
20090619	117.480
20090620	116.917
20090621	116.406
20090622	115.859
20090623	115.381
20090624	114.784
20090625	113.908
20090626	112.940
20090627	111.890
20090628	110.916
20090629	110.208
20090630	109.719
20090701	109.522
20090702	109.656
20090703	110.130
20090704	111.080
20090705	112.591
20090706	114.440
20090707	116.504
20090708	118.866
20090709	121.466
20090710	124.514
20090711	128.184
20090712	132.347
20090713	137.039
20090714	141.474
20090715	145.001
20090716	147.719
20090717	149.253
20090718	149.821
20090719	149.605
20090720	147.988
20090721	144.743
20090722	140.585
20090723	135.854
20090724	130.394
20090725	124.452
20090726	117.299
20090727	108.372
20090728	98.117
20090729	86.427
20090730	74.268
20090731	62.542
20090801	50.956
20090802	39.908
20090803	29.207
20090804	18.619
20090805	8.875
20090806	0.259
20090807	-8.376
20090808	-17.655
20090809	-27.367
20090810	-37.940
20090811	-48.424
20090812	-58.084
20090813	-67.658
20090814	-77.087
20090815	-86.088
20090816	-94.697
20090817	-102.628
20090818	-109.640
20090819	-116.103
20090820	-122.162
20090821	-127.566
20090822	-132.324
20090823	-136.104
20090824	-138.583
20090825	-139.844
20090826	-139.750
20090827	-138.246
20090828	-135.326
20090829	-130.765
20090830	-124.427
20090831	-117.857
20090901	-112.167
20090902	-107.215
20090903	-103.725
20090904	-101.013
20090905	-98.565
20090906	-97.554
20090907	-98.296
20090908	-99.595
20090909	-100.936
20090910	-102.453
20090911	-103.676
20090912	-105.845
20090913	-109.862
20090914	-114.951
20090915	-121.273
20090916	-127.683
20090917	-133.032
20090918	-137.780
20090919	-141.503
20090920	-144.323
20090921	-146.491
20090922	-147.172
20090923	-146.003
20090924	-144.480
20090925	-143.447
20090926	-142.617
20090927	-142.552
20090928	-142.098
20090929	-140.357
20090930	-138.288
20091001	-135.854
20091002	-133.268
20091003	-131.029
20091004	-128.804
20091005	-126.609
20091006	-124.777
20091007	-123.414
20091008	-122.678
20091009	-122.781
20091010	-122.952
20091011	-122.668
20091012	-122.182
20091013	-121.246
20091014	-120.323
20091015	-119.828
20091016	-119.288
20091017	-118.687
20091018	-117.909
20091019	-116.694
20091020	-115.160
20091021	-113.267
20091022	-110.844
20091023	-107.817
20091024	-104.070
20091025	-99.474
20091026	-94.418
20091027	-89.159
20091028	-83.541
20091029	-77.678
20091030	-71.287
20091031	-64.114
20091101	-56.390
20091102	-48.095
20091103	-39.717
20091104	-31.714
20091105	-23.983
20091106	-16.748
20091107	-9.933
20091108	-3.447
20091109	2.318
20091110	7.193
20091111	11.744
20091112	16.271
20091113	20.637
20091114	25.039
20091115	28.960
20091116	31.997
20091117	34.501
20091118	36.415
20091119	38.044
20091120	39.747
20091121	41.339
20091122	42.912
20091123	44.481
20091124	45.984
20091125	47.644
20091126	49.574
20091127	51.228
20091128	52.274
20091129	52.812
20091130	52.632
20091201	52.096
20091202	51.489
20091203	50.458
20091204	48.987
20091205	47.441
20091206	45.979
20091207	44.676
20091208	43.738
20091209	42.882
20091210	41.945
20091211	41.211
20091212	40.712
20091213	40.371
20091214	40.217
20091215	40.222
20091216	40.345
20091217	40.799
20091218	41.718
20091219	43.048
20091220	44.852
20091221	46.729
20091222	48.352
20091223	49.830
20091224	51.003
20091225	52.016
20091226	53.009
20091227	53.692
20091228	53.985
20091229	54.295
20091230	54.831
20091231	55.554
20100101	56.633
20100102	57.737
20100103	58.622
20100104	59.561
20100105	60.543
20100106	61.620
20100107	62.921
20100108	64.357
20100109	65.925
20100110	67.729
20100111	69.808
20100112	72.195
20100113	74.947
20100114	77.880
20100115	80.868
20100116	83.981
20100117	87.166
20100118	90.533
20100119	94.185
20100120	98.014
20100121	102.017
20100122	105.958
20100123	109.614
20100124	113.020
20100125	116.059
20100126	118.758
20100127	121.151
20100128	123.041
20100129	124.338
20100130	125.291
20100131	126.023
20100201	126.460
20100202	126.679
20100203	126.424
20100204	125.494
20100205	124.036
20100206	122.009
20100207	119.762
20100208	117.620
20100209	115.476
20100210	113.471
20100211	111.525
20100212	109.544
20100213	107.793
20100214	106.371
20100215	104.847
20100216	102.986
20100217	100.858
20100218	98.298
20100219	95.651
20100220	93.181
20100221	90.609
20100222	87.949
20100223	85.155
20100224	82.092
20100225	78.862
20100226	75.471
20100227	71.821
20100228	67.880
20100301	63.618
20100302	58.981
20100303	54.187
20100304	49.387
20100305	44.514
20100306	39.642
20100307	34.654
20100308	29.446
20100309	24.153
20100310	18.789
20100311	13.543
20100312	8.608
20100313	3.960
20100314	-0.303
20100315	-4.172
20100316	-7.649
20100317	-10.572
20100318	-12.852
20100319	-14.690
20100320	-16.186
20100321	-17.258
20100322	-17.957
20100323	-18.062
20100324	-17.389
20100325	-16.052
20100326	-14.003
20100327	-11.885
20100328	-10.237
20100329	-8.948
20100330	-8.314
20100331	-8.141
20100401	-8.260
20100402	-9.169
20100403	-11.042
20100404	-13.248
20100405	-15.471
20100406	-17.827
20100407	-20.082
20100408	-22.833
20100409	-26.534
20100410	-30.781
20100411	-35.640
20100412	-40.598
20100413	-45.115
20100414	-49.408
20100415	-53.285
20100416	-56.777
20100417	-59.986
20100418	-62.527
20100419	-64.226
20100420	-65.798
20100421	-67.655
20100422	-69.651
20100423	-72.050
20100424	-74.304
20100425	-75.982
20100426	-77.543
20100427	-78.968
20100428	-80.294
20100429	-81.708
20100430	-83.053
20100501	-84.301
20100502	-85.632
20100503	-87.109
20100504	-88.755
20100505	-90.653
20100506	-92.473
20100507	-93.979
20100508	-95.279
20100509	-96.266
20100510	-97.105
20100511	-97.951
20100512	-98.600
20100513	-99.032
20100514	-99.506
20100515	-100.153
20100516	-100.997
20100517	-102.172
20100518	-103.496
20100519	-104.855
20100520	-106.442
20100521	-108.281
20100522	-110.293
20100523	-112.480
20100524	-114.826
20100525	-117.290
20100526	-120.022
20100527	-123.115
20100528	-126.515
20100529	-130.258
20100530	-134.097
20100531	-137.825
20100601	-141.508
20100602	-145.048
20100603	-148.521
20100604	-152.002
20100605	-155.312
20100606	-158.396
20100607	-161.501
20100608	-164.757
20100609	-168.131
20100610	-171.721
20100611	-175.316
20100612	-178.760
20100613	-182.214
20100614	-185.669
20100615	-188.990
20100616	-192.133
20100617	-195.036
20100618	-197.612
20100619	-199.966
20100620	-202.148
20100621	-204.046
20100622	-205.644
20100623	-206.927
20100624	-207.852
20100625	-208.425
20100626	-208.636
20100627	-208.410
20100628	-207.695
20100629	-241.271
20100630	-238.194
20100701	-235.014
20100702	-232.042
20100703	-229.221
20100704	-226.739
20100705	-224.438
20100706	-222.192
20100707	-220.311
20100708	-218.881
20100709	-217.550
20100710	-216.154
20100711	-214.731
20100712	-213.143
20100713	-211.723
20100714	-210.714
20100715	-209.883
20100716	-209.263
20100717	-208.370
20100718	-206.751
20100719	-204.533
20100720	-201.503
20100721	-197.730
20100722	-193.306
20100723	-187.860
20100724	-181.234
20100725	-173.957
20100726	-166.301
20100727	-158.148
20100728	-149.681
20100729	-140.426
20100730	-130.017
20100731	-118.785
20100801	-106.678
20100802	-94.613
20100803	-83.412
20100804	-72.886
20100805	-63.451
20100806	-54.925
20100807	-47.116
20100808	-40.738
20100809	-36.080
20100810	-32.199
20100811	-28.622
20100812	-25.571
20100813	-22.725
20100814	-20.981
20100815	-21.038
20100816	-22.314
20100817	-24.924
20100818	-27.904
20100819	-30.304
20100820	-32.473
20100821	-34.033
20100822	-35.128
20100823	-35.982
20100824	-35.873
20100825	-34.497
20100826	-33.112
20100827	-32.419
20100828	-32.174
20100829	-32.846
20100830	-33.437
20100831	-33.171
20100901	-32.852
20100902	-32.435
20100903	-31.877
20100904	-31.428
20100905	-30.795
20100906	-29.869
20100907	-28.982
20100908	-28.256
20100909	-27.637
20100910	-27.226
20100911	-26.505
20100912	-25.073
20100913	-23.089
20100914	-20.372
20100915	-17.110
20100916	-13.491
20100917	-9.189
20100918	-4.128
20100919	0.777
20100920	4.940
20100921	8.386
20100922	10.673
20100923	12.284
20100924	13.559
20100925	13.808
20100926	12.881
20100927	11.338
20100928	9.379
20100929	6.970
20100930	4.341
20101001	0.833
20101002	-4.020
20101003	-9.846
20101004	-16.751
20101005	-23.836
20101006	-30.286
20101007	-36.365
20101008	-41.710
20101009	-46.508
20101010	-50.983
20101011	-54.471
20101012	-56.721
20101013	-58.723
20101014	-61.004
20101015	-63.381
20101016	-66.224
20101017	-68.691
20101018	-70.141
20101019	-71.206
20101020	-71.828
20101021	-72.193
20101022	-72.665
20101023	-72.976
20101024	-73.138
20101025	-73.327
20101026	-73.569
20101027	-73.985
20101028	-74.705
20101029	-75.126
20101030	-74.843
20101031	-74.006
20101101	-72.395
20101102	-70.341
20101103	-68.124
20101104	-65.363
20101105	-62.016
20101106	-58.668
20101107	-55.632
20101108	-52.954
20101109	-50.935
20101110	-49.195
20101111	-47.495
20101112	-46.276
20101113	-45.610
20101114	-45.253
20101115	-45.166
20101116	-45.332
20101117	-45.645
20101118	-46.478
20101119	-48.083
20101120	-50.296
20101121	-53.197
20101122	-56.128
20101123	-58.526
20101124	-60.560
20101125	-61.957
20101126	-62.907
20101127	-63.599
20101128	-63.547
20101129	-62.591
20101130	-61.398
20101201	-60.313
20101202	-59.232
20101203	-58.411
20101204	-57.271
20101205	-55.375
20101206	-53.156
20101207	-50.572
20101208	-47.883
20101209	-45.439
20101210	-43.053
20101211	-40.798
20101212	-38.758
20101213	-36.920
20101214	-35.473
20101215	-34.540
20101216	-33.628
20101217	-32.432
20101218	-31.078
20101219	-29.392
20101220	-27.711
20101221	-26.313
20101222	-24.887
20101223	-23.434
20101224	-22.008
20101225	-20.543
20101226	-19.126
20101227	-17.808
20101228	-16.437
20101229	-14.942
20101230	-13.363
20101231	-11.659
20110101	-9.988
20110102	-8.478
20110103	-7.062
20110104	-5.786
20110105	-4.597
20110106	-3.431
20110107	-2.382
20110108	-1.471
20110109	-0.536
20110110	0.512
20110111	1.673
20110112	3.021
20110113	4.456
20110114	5.908
20110115	7.493
20110116	9.228
20110117	11.042
20110118	12.921
20110119	14.856
20110120	16.815
20110121	18.892
20110122	21.149
20110123	23.537
20110124	26.074
20110125	28.615
20110126	31.035
20110127	33.373
20110128	35.569
20110129	37.658
20110130	39.674
20110131	41.513
20110201	43.138
20110202	44.693
20110203	46.255
20110204	47.798
20110205	49.378
20110206	50.868
20110207	52.172
20110208	53.384
20110209	54.496
20110210	55.584
20110211	56.743
20110212	57.931
20110213	59.174
20110214	60.483
20110215	61.850
20110216	63.334
20110217	64.969
20110218	66.628
20110219	68.239
20110220	69.831
20110221	71.363
20110222	72.927
20110223	74.599
20110224	76.300
20110225	78.035
20110226	79.775
20110227	81.467
20110228	83.143
20110301	84.794
20110302	86.400
20110303	87.957
20110304	89.444
20110305	90.840
20110306	92.222
20110307	93.640
20110308	95.073
20110309	96.544
20110310	98.004
20110311	99.408
20110312	100.804
20110313	102.192
20110314	103.497
20110315	104.677
20110316	105.721
20110317	106.586
20110318	107.317
20110319	107.939
20110320	108.392
20110321	108.663
20110322	108.773
20110323	108.720
20110324	108.501
20110325	108.122
20110326	107.534
20110327	106.699
20110328	105.632
20110329	104.316
20110330	102.993
20110331	101.858
20110401	100.879
20110402	100.169
20110403	99.644
20110404	99.236
20110405	99.131
20110406	99.392
20110407	99.811
20110408	100.293
20110409	100.877
20110410	101.487
20110411	102.338
20110412	103.591
20110413	105.115
20110414	106.940
20110415	108.995
20110416	111.175
20110417	113.562
20110418	116.147
20110419	118.920
20110420	121.902
20110421	125.049
20110422	128.337
20110423	131.947
20110424	135.998
20110425	140.466
20110426	145.427
20110427	150.789
20110428	156.478
20110429	162.617
20110430	169.226
20110501	175.690
20110502	181.579
20110503	186.898
20110504	191.336
20110505	195.157
20110506	198.542
20110507	201.009
20110508	202.417
20110509	203.178
20110510	203.445
20110511	203.147
20110512	202.430
20110513	200.795
20110514	197.870
20110515	193.914
20110516	188.831
20110517	183.627
20110518	179.165
20110519	175.222
20110520	172.232
20110521	169.919
20110522	168.014
20110523	167.278
20110524	167.978
20110525	169.080
20110526	170.057
20110527	171.088
20110528	171.785
20110529	173.073
20110530	175.650
20110531	178.853
20110601	182.763
20110602	186.301
20110603	188.404
20110604	189.399
20110605	188.832
20110606	186.808
20110607	183.515
20110608	178.128
20110609	170.273
20110610	161.242
20110611	151.730
20110612	141.432
20110613	130.794
20110614	118.704
20110615	104.285
20110616	88.343
20110617	70.775
20110618	53.097
20110619	36.763
20110620	21.365
20110621	7.559
20110622	-4.861
20110623	-16.181
20110624	-25.228
20110625	-31.490
20110626	-36.732
20110627	-41.895
20110628	-46.567
20110629	-51.361
20110630	-54.717
20110701	-55.410
20110702	-54.543
20110703	-51.960
20110704	-48.762
20110705	-46.185
20110706	-43.674
20110707	-41.612
20110708	-40.006
20110709	-38.659
20110710	-38.392
20110711	-39.610
20110712	-40.559
20110713	-40.201
20110714	-38.899
20110715	-36.006
20110716	-32.788
20110717	-30.251
20110718	-27.272
20110719	-23.862
20110720	-20.272
20110721	-16.304
20110722	-12.291
20110723	-8.453
20110724	-4.225
20110725	0.652
20110726	5.980
20110727	11.878
20110728	17.836
20110729	23.411
20110730	28.828
20110731	33.933
20110801	38.848
20110802	43.738
20110803	48.296
20110804	52.432
20110805	56.259
20110806	59.752
20110807	62.879
20110808	65.656
20110809	67.858
20110810	69.317
20110811	70.069
20110812	70.027
20110813	69.203
20110814	67.621
20110815	65.152
20110816	61.741
20110817	57.319
20110818	51.793
20110819	45.131
20110820	37.276
20110821	29.212
20110822	21.695
20110823	14.630
20110824	8.492
20110825	2.893
20110826	-2.464
20110827	-6.805
20110828	-9.894
20110829	-12.601
20110830	-15.327
20110831	-17.941
20110901	-20.769
20110902	-22.938
20110903	-23.799
20110904	-23.912
20110905	-23.166
20110906	-22.121
20110907	-21.402
20110908	-20.688
20110909	-20.150
20110910	-19.777
20110911	-19.445
20110912	-19.548
20110913	-20.270
20110914	-20.704
20110915	-20.302
20110916	-19.222
20110917	-17.110
20110918	-14.576
20110919	-12.095
20110920	-9.073
20110921	-5.486
20110922	-1.923
20110923	1.367
20110924	4.257
20110925	6.419
20110926	8.323
20110927	10.245
20110928	11.725
20110929	12.719
20110930	13.360
20111001	13.603
20111002	13.506
20111003	13.139
20111004	12.168
20111005	10.384
20111006	7.884
20111007	4.574
20111008	1.132
20111009	-1.889
20111010	-4.657
20111011	-6.896
20111012	-8.836
20111013	-10.697
20111014	-11.989
20111015	-12.564
20111016	-13.083
20111017	-13.878
20111018	-14.874
20111019	-16.332
20111020	-17.690
20111021	-18.529
20111022	-19.286
20111023	-19.927
20111024	-20.472
20111025	-21.081
20111026	-21.588
20111027	-21.947
20111028	-22.329
20111029	-22.787
20111030	-23.319
20111031	-23.987
20111101	-24.499
20111102	-24.641
20111103	-24.499
20111104	-23.971
20111105	-23.179
20111106	-22.237
20111107	-20.960
20111108	-19.316
20111109	-17.658
20111110	-16.195
20111111	-14.925
20111112	-14.021
20111113	-13.268
20111114	-12.519
20111115	-12.038
20111116	-11.869
20111117	-11.822
20111118	-11.839
20111119	-11.915
20111120	-11.965
20111121	-12.223
20111122	-12.848
20111123	-13.710
20111124	-14.845
20111125	-16.076
20111126	-17.222
20111127	-18.372
20111128	-19.469
20111129	-20.533
20111130	-21.609
20111201	-22.577
20111202	-23.386
20111203	-24.275
20111204	-25.385
20111205	-26.677
20111206	-28.245
20111207	-29.919
20111208	-31.569
20111209	-33.352
20111210	-35.271
20111211	-37.185
20111212	-39.039
20111213	-40.795
20111214	-42.372
20111215	-43.885
20111216	-45.401
20111217	-46.808
20111218	-48.097
20111219	-49.288
20111220	-50.361
20111221	-51.331
20111222	-52.210
20111223	-52.920
20111224	-53.413
20111225	-53.703
20111226	-53.765
20111227	-53.746
20111228	-53.761
20111229	-53.768
20111230	-53.824
20111231	-53.873
20120101	-53.860
20120102	-53.889
20120103	-53.985
20120104	-54.002
20120105	-53.862
20120106	-53.576
20120107	-53.081
20120108	-52.496
20120109	-51.903
20120110	-51.204
20120111	-50.399
20120112	-49.590
20120113	-48.820
20120114	-48.118
20120115	-47.544
20120116	-47.020
20120117	-46.504
20120118	-46.077
20120119	-45.753
20120120	-45.507
20120121	-45.347
20120122	-45.267
20120123	-45.258
20120124	-45.382
20120125	-45.683
20120126	-46.142
20120127	-46.782
20120128	-47.364
20120129	-47.703
20120130	-47.834
20120131	-47.651
20120201	-47.235
20120202	-46.653
20120203	-45.728
20120204	-44.402
20120205	-42.887
20120206	-41.281
20120207	-39.553
20120208	-37.785
20120209	-35.774
20120210	-33.374
20120211	-30.719
20120212	-27.790
20120213	-24.755
20120214	-21.795
20120215	-18.836
20120216	-15.943
20120217	-13.107
20120218	-10.298
20120219	-7.641
20120220	-5.196
20120221	-2.726
20120222	-0.096
20120223	2.645
20120224	5.585
20120225	8.545
20120226	11.387
20120227	14.260
20120228	17.160
20120229	19.930
20120301	22.500
20120302	24.823
20120303	26.803
20120304	28.551
20120305	30.126
20120306	31.400
20120307	32.354
20120308	32.998
20120309	33.304
20120310	33.274
20120311	32.911
20120312	32.122
20120313	30.844
20120314	29.082
20120315	26.798
20120316	24.364
20120317	22.070
20120318	19.854
20120319	17.883
20120320	16.015
20120321	14.130
20120322	12.509
20120323	11.234
20120324	9.969
20120325	8.556
20120326	7.033
20120327	5.270
20120328	3.579
20120329	2.187
20120330	0.875
20120331	-0.326
20120401	-1.409
20120402	-2.439
20120403	-3.316
20120404	-3.997
20120405	-4.565
20120406	-5.035
20120407	-5.387
20120408	-5.635
20120409	-5.620
20120410	-5.216
20120411	-4.452
20120412	-3.260
20120413	-1.678
20120414	0.257
20120415	2.655
20120416	5.552
20120417	8.585
20120418	11.507
20120419	14.345
20120420	16.927
20120421	19.447
20120422	22.044
20120423	24.444
20120424	26.588
20120425	28.740
20120426	31.011
20120427	33.389
20120428	35.984
20120429	38.523
20120430	40.809
20120501	43.022
20120502	45.130
20120503	47.136
20120504	49.102
20120505	50.936
20120506	52.604
20120507	54.165
20120508	55.625
20120509	56.969
20120510	58.207
20120511	59.199
20120512	59.837
20120513	60.139
20120514	60.046
20120515	59.587
20120516	58.792
20120517	57.563
20120518	55.865
20120519	54.132
20120520	52.661
20120521	51.426
20120522	50.630
20120523	50.068
20120524	49.587
20120525	49.515
20120526	49.936
20120527	50.529
20120528	51.161
20120529	51.863
20120530	52.508
20120531	53.436
20120601	54.893
20120602	56.670
20120603	58.813
20120604	60.962
20120605	62.769
20120606	64.363
20120607	65.605
20120608	66.546
20120609	67.267
20120610	67.506
20120611	67.152
20120612	66.644
20120613	66.226
20120614	65.812
20120615	65.564
20120616	65.130
20120617	64.235
20120618	63.160
20120619	61.888
20120620	60.612
20120621	59.581
20120622	58.685
20120623	57.992
20120624	57.552
20120625	57.359
20120626	57.562
20120627	58.256
20120628	59.108
20120629	59.919
20120630	60.784
20120701	61.591
20120702	62.593
20120703	63.995
20120704	65.594
20120705	67.402
20120706	69.278
20120707	71.039
20120708	72.765
20120709	74.407
20120710	75.933
20120711	77.352
20120712	78.552
20120713	79.463
20120714	80.346
20120715	81.357
20120716	82.426
20120717	83.642
20120718	84.810
20120719	85.771
20120720	86.686
20120721	87.546
20120722	88.229
20120723	88.695
20120724	88.891
20120725	88.736
20120726	88.328
20120727	87.717
20120728	86.799
20120729	85.565
20120730	83.983
20120731	81.998
20120801	79.623
20120802	76.845
20120803	73.607
20120804	69.879
20120805	65.637
20120806	60.846
20120807	56.219
20120808	52.297
20120809	49.022
20120810	46.738
20120811	45.186
20120812	44.167
20120813	44.235
20120814	45.567
20120815	47.608
20120816	50.119
20120817	53.205
20120818	56.669
20120819	61.117
20120820	67.004
20120821	73.983
20120822	82.153
20120823	90.356
20120824	97.580
20120825	104.085
20120826	109.367
20120827	113.712
20120828	117.411
20120829	119.582
20120830	119.898
20120831	119.559
20120901	119.172
20120902	118.506
20120903	117.995
20120904	116.551
20120905	113.338
20120906	109.116
20120907	103.774
20120908	98.207
20120909	93.369
20120910	88.875
20120911	85.054
20120912	81.876
20120913	79.180
20120914	77.632
20120915	77.549
20120916	77.660
20120917	77.229
20120918	76.535
20120919	75.117
20120920	73.950
20120921	73.811
20120922	73.891
20120923	74.227
20120924	74.448
20120925	73.985
20120926	73.130
20120927	71.775
20120928	69.712
20120929	66.903
20120930	63.064
20121001	57.968
20121002	52.433
20121003	46.976
20121004	41.353
20121005	35.832
20121006	29.848
20121007	22.921
20121008	15.553
20121009	7.734
20121010	-0.115
20121011	-7.492
20121012	-14.568
20121013	-21.166
20121014	-27.215
20121015	-32.729
20121016	-37.366
20121017	-40.920
20121018	-44.056
20121019	-47.157
20121020	-50.026
20121021	-52.875
20121022	-55.158
20121023	-56.428
20121024	-57.086
20121025	-57.084
20121026	-56.911
20121027	-57.087
20121028	-57.417
20121029	-58.090
20121030	-59.082
20121031	-60.306
20121101	-62.136
20121102	-64.752
20121103	-67.435
20121104	-69.771
20121105	-71.916
20121106	-73.609
20121107	-75.406
20121108	-77.747
20121109	-80.176
20121110	-82.716
20121111	-85.239
20121112	-87.488
20121113	-89.629
20121114	-91.646
20121115	-93.396
20121116	-94.845
20121117	-95.899
20121118	-96.456
20121119	-96.926
20121120	-97.583
20121121	-98.306
20121122	-99.236
20121123	-100.126
20121124	-100.761
20121125	-101.398
20121126	-102.050
20121127	-102.684
20121128	-103.365
20121129	-104.038
20121130	-104.678
20121201	-105.415
20121202	-106.317
20121203	-107.368
20121204	-108.615
20121205	-109.932
20121206	-111.221
20121207	-112.549
20121208	-113.887
20121209	-115.302
20121210	-116.862
20121211	-118.498
20121212	-120.209
20121213	-121.921
20121214	-123.553
20121215	-125.127
20121216	-126.606
20121217	-127.989
20121218	-129.281
20121219	-130.418
20121220	-131.365
20121221	-132.243
20121222	-133.120
20121223	-133.964
20121224	-134.817
20121225	-135.580
20121226	-136.174
20121227	-136.675
20121228	-137.074
20121229	-137.437
20121230	-137.841
20121231	-138.252
20130101	-138.692
20130102	-139.166
20130103	-139.665
20130104	-140.237
20130105	-140.911
20130106	-141.573
20130107	-142.155
20130108	-142.682
20130109	-143.112
20130110	-143.525
20130111	-143.984
20130112	-144.416
20130113	-144.822
20130114	-145.162
20130115	-145.383
20130116	-145.505
20130117	-145.515
20130118	-145.393
20130119	-145.131
20130120	-144.700
20130121	-144.075
20130122	-143.328
20130123	-142.501
20130124	-141.571
20130125	-140.559
20130126	-139.409
20130127	-138.074
20130128	-136.597
20130129	-134.973
20130130	-133.425
20130131	-132.138
20130201	-131.089
20130202	-130.386
20130203	-129.973
20130204	-129.805
20130205	-130.058
20130206	-130.800
20130207	-131.830
20130208	-133.058
20130209	-134.529
20130210	-136.177
20130211	-138.213
20130212	-140.797
20130213	-143.806
20130214	-147.273
20130215	-150.765
20130216	-153.905
20130217	-156.784
20130218	-159.209
20130219	-161.290
20130220	-163.134
20130221	-164.408
20130222	-164.988
20130223	-165.322
20130224	-165.638
20130225	-165.848
20130226	-166.116
20130227	-166.031
20130228	-165.282
20130301	-164.151
20130302	-162.597
20130303	-160.787
20130304	-158.949
20130305	-156.938
20130306	-154.792
20130307	-152.551
20130308	-150.190
20130309	-147.823
20130310	-145.520
20130311	-142.918
20130312	-139.785
20130313	-136.190
20130314	-131.991
20130315	-127.404
20130316	-122.604
20130317	-117.351
20130318	-111.625
20130319	-105.909
20130320	-100.495
20130321	-95.411
20130322	-90.910
20130323	-86.717
20130324	-82.657
20130325	-79.105
20130326	-76.143
20130327	-73.528
20130328	-71.196
20130329	-69.165
20130330	-67.341
20130331	-66.074
20130401	-65.609
20130402	-65.792
20130403	-66.696
20130404	-67.797
20130405	-68.635
20130406	-69.367
20130407	-69.787
20130408	-70.044
20130409	-70.300
20130410	-70.172
20130411	-69.533
20130412	-68.964
20130413	-68.777
20130414	-68.889
20130415	-69.531
20130416	-70.230
20130417	-70.629
20130418	-71.110
20130419	-71.653
20130420	-72.144
20130421	-72.628
20130422	-72.971
20130423	-73.074
20130424	-73.131
20130425	-73.226
20130426	-73.258
20130427	-73.249
20130428	-73.045
20130429	-72.501
20130430	-71.676
20130501	-70.518
20130502	-69.025
20130503	-67.218
20130504	-65.001
20130505	-62.326
20130506	-59.532
20130507	-56.843
20130508	-54.219
20130509	-51.807
20130510	-49.425
20130511	-46.935
20130512	-44.582
20130513	-42.411
20130514	-40.173
20130515	-37.757
20130516	-35.168
20130517	-32.294
20130518	-29.376
20130519	-26.582
20130520	-23.739
20130521	-20.867
20130522	-18.071
20130523	-15.377
20130524	-12.855
20130525	-10.586
20130526	-8.469
20130527	-6.461
20130528	-4.658
20130529	-3.074
20130530	-1.736
20130531	-0.694
20130601	0.059
20130602	0.512
20130603	0.601
20130604	0.286
20130605	-0.452
20130606	-1.652
20130607	-2.966
20130608	-4.136
20130609	-5.214
20130610	-6.046
20130611	-6.780
20130612	-7.536
20130613	-8.054
20130614	-8.266
20130615	-8.474
20130616	-8.823
20130617	-9.280
20130618	-9.969
20130619	-10.607
20130620	-10.986
20130621	-11.307
20130622	-11.546
20130623	-11.565
20130624	-11.329
20130625	-10.748
20130626	-9.721
20130627	-8.364
20130628	-6.722
20130629	-4.674
20130630	-2.199
20130701	0.748
20130702	4.240
20130703	8.269
20130704	12.862
20130705	18.095
20130706	24.019
20130707	30.669
20130708	38.097
20130709	45.541
20130710	52.423
20130711	58.821
20130712	64.374
20130713	69.380
20130714	74.068
20130715	77.850
20130716	80.552
20130717	82.795
20130718	84.857
20130719	86.644
20130720	88.389
20130721	89.452
20130722	89.357
20130723	88.504
20130724	86.805
20130725	84.781
20130726	82.971
20130727	81.130
20130728	79.439
20130729	77.847
20130730	76.231
20130731	74.966
20130801	74.211
20130802	73.219
20130803	71.555
20130804	69.346
20130805	66.303
20130806	62.959
20130807	59.729
20130808	56.123
20130809	52.137
20130810	48.327
20130811	44.952
20130812	42.135
20130813	40.194
20130814	38.732
20130815	37.525
20130816	37.013
20130817	37.265
20130818	38.154
20130819	39.724
20130820	41.956
20130821	44.802
20130822	48.608
20130823	53.607
20130824	59.720
20130825	67.058
20130826	74.611
20130827	81.577
20130828	88.147
20130829	93.884
20130830	99.150
20130831	104.261
20130901	108.468
20130902	111.542
20130903	114.425
20130904	117.573
20130905	120.864
20130906	124.666
20130907	128.120
20130908	130.592
20130909	132.695
20130910	134.355
20130911	135.923
20130912	137.880
20130913	139.946
20130914	142.205
20130915	144.770
20130916	147.615
20130917	150.984
20130918	155.037
20130919	159.068
20130920	162.634
20130921	165.894
20130922	168.589
20130923	171.167
20130924	173.994
20130925	176.618
20130926	179.017
20130927	181.219
20130928	183.089
20130929	184.728
20130930	186.167
20131001	187.182
20131002	187.658
20131003	187.601
20131004	186.924
20131005	185.844
20131006	184.526
20131007	182.847
20131008	180.855
20131009	178.424
20131010	175.422
20131011	171.970
20131012	168.062
20131013	164.046
20131014	160.237
20131015	156.582
20131016	153.251
20131017	150.172
20131018	147.278
20131019	144.855
20131020	143.021
20131021	141.397
20131022	139.792
20131023	138.299
20131024	136.788
20131025	135.625
20131026	135.095
20131027	134.964
20131028	135.281
20131029	135.699
20131030	135.871
20131031	135.940
20131101	135.777
20131102	135.432
20131103	134.988
20131104	134.190
20131105	132.931
20131106	131.699
20131107	130.773
20131108	130.067
20131109	129.768
20131110	129.514
20131111	129.024
20131112	128.615
20131113	128.282
20131114	127.945
20131115	127.653
20131116	127.309
20131117	126.848
20131118	126.432
20131119	126.138
20131120	125.900
20131121	125.749
20131122	125.559
20131123	125.215
20131124	124.780
20131125	124.219
20131126	123.554
20131127	122.824
20131128	121.956
20131129	120.926
20131130	119.916
20131201	119.043
20131202	118.290
20131203	117.742
20131204	117.293
20131205	116.868
20131206	116.599
20131207	116.508
20131208	116.485
20131209	116.492
20131210	116.523
20131211	116.528
20131212	116.627
20131213	116.899
20131214	117.266
20131215	117.742
20131216	118.284
20131217	118.832
20131218	119.429
20131219	120.065
20131220	120.727
20131221	121.420
20131222	122.117
20131223	122.800
20131224	123.552
20131225	124.424
20131226	125.398
20131227	126.505
20131228	127.696
20131229	128.931
20131230	130.262
20131231	131.694
20140101	133.117
20140102	134.466
20140103	135.733
20140104	136.862
20140105	137.911
20140106	138.920
20140107	139.802
20140108	140.540
20140109	141.186
20140110	141.755
20140111	142.241
20140112	142.665
20140113	142.950
20140114	143.041
20140115	142.972
20140116	142.726
20140117	142.413
20140118	142.129
20140119	141.838
20140120	141.583
20140121	141.333
20140122	141.053
20140123	140.823
20140124	140.668
20140125	140.464
20140126	140.142
20140127	139.719
20140128	139.144
20140129	138.516
20140130	137.908
20140131	137.237
20140201	136.506
20140202	135.585
20140203	134.348
20140204	132.823
20140205	130.952
20140206	128.740
20140207	126.200
20140208	123.232
20140209	119.785
20140210	115.999
20140211	111.946
20140212	107.583
20140213	102.953
20140214	97.923
20140215	92.383
20140216	86.417
20140217	80.007
20140218	73.526
20140219	67.294
20140220	61.250
20140221	55.570
20140222	50.156
20140223	44.919
20140224	40.153
20140225	35.967
20140226	32.001
20140227	28.080
20140228	24.280
20140301	20.476
20140302	17.021
20140303	14.186
20140304	11.747
20140305	9.750
20140306	7.931
20140307	6.007
20140308	4.112
20140309	2.158
20140310	0.168
20140311	-1.795
20140312	-3.922
20140313	-6.297
20140314	-8.508
20140315	-10.313
20140316	-11.780
20140317	-12.750
20140318	-13.507
20140319	-14.274
20140320	-14.782
20140321	-15.024
20140322	-15.158
20140323	-15.215
20140324	-15.260
20140325	-15.390
20140326	-15.429
20140327	-15.282
20140328	-15.073
20140329	-14.794
20140330	-14.470
20140331	-14.159
20140401	-13.816
20140402	-13.439
20140403	-13.087
20140404	-12.784
20140405	-12.540
20140406	-12.381
20140407	-12.284
20140408	-12.233
20140409	-12.263
20140410	-12.381
20140411	-12.615
20140412	-12.997
20140413	-13.525
20140414	-14.211
20140415	-15.097
20140416	-16.211
20140417	-17.574
20140418	-19.215
20140419	-21.138
20140420	-23.353
20140421	-25.896
20140422	-28.790
20140423	-31.752
20140424	-34.577
20140425	-37.291
20140426	-39.759
20140427	-42.110
20140428	-44.437
20140429	-46.523
20140430	-48.312
20140501	-50.042
20140502	-51.824
20140503	-53.634
20140504	-55.569
20140505	-57.394
20140506	-58.938
20140507	-60.362
20140508	-61.640
20140509	-62.843
20140510	-64.077
20140511	-65.263
20140512	-66.408
20140513	-67.544
20140514	-68.667
20140515	-69.819
20140516	-71.030
20140517	-72.124
20140518	-72.985
20140519	-73.641
20140520	-74.024
20140521	-74.224
20140522	-74.314
20140523	-74.175
20140524	-73.791
20140525	-73.317
20140526	-72.832
20140527	-72.344
20140528	-71.929
20140529	-71.472
20140530	-70.897
20140531	-70.319
20140601	-69.749
20140602	-69.117
20140603	-68.404
20140604	-67.600
20140605	-66.669
20140606	-65.711
20140607	-64.790
20140608	-63.855
20140609	-62.923
20140610	-62.124
20140611	-61.541
20140612	-61.206
20140613	-61.201
20140614	-61.474
20140615	-61.998
20140616	-62.889
20140617	-64.184
20140618	-65.827
20140619	-67.813
20140620	-70.159
20140621	-72.854
20140622	-76.007
20140623	-79.697
20140624	-83.894
20140625	-88.631
20140626	-93.512
20140627	-98.216
20140628	-102.813
20140629	-107.120
20140630	-111.277
20140701	-115.405
20140702	-119.197
20140703	-122.559
20140704	-125.868
20140705	-129.307
20140706	-132.825
20140707	-136.566
20140708	-140.185
20140709	-143.424
20140710	-146.529
20140711	-149.468
20140712	-152.041
20140713	-154.180
20140714	-155.770
20140715	-156.671
20140716	-157.029
20140717	-156.903
20140718	-156.120
20140719	-154.643
20140720	-152.423
20140721	-149.368
20140722	-145.479
20140723	-140.719
20140724	-134.969
20140725	-128.147
20140726	-120.208
20140727	-111.077
20140728	-101.980
20140729	-93.851
20140730	-86.573
20140731	-80.730
20140801	-75.859
20140802	-71.603
20140803	-68.909
20140804	-68.070
20140805	-68.096
20140806	-68.548
20140807	-69.590
20140808	-70.860
20140809	-73.402
20140810	-77.992
20140811	-84.002
20140812	-91.585
20140813	-99.489
20140814	-106.533
20140815	-113.132
20140816	-118.790
20140817	-123.737
20140818	-128.281
20140819	-131.493
20140820	-133.005
20140821	-134.332
20140822	-136.299
20140823	-138.631
20140824	-141.892
20140825	-144.858
20140826	-146.581
20140827	-148.032
20140828	-149.150
20140829	-150.115
20140830	-151.408
20140831	-152.657
20140901	-153.843
20140902	-155.290
20140903	-157.085
20140904	-159.345
20140905	-162.255
20140906	-165.013
20140907	-167.065
20140908	-168.641
20140909	-169.464
20140910	-169.959
20140911	-170.506
20140912	-170.602
20140913	-170.194
20140914	-169.696
20140915	-169.247
20140916	-168.913
20140917	-168.906
20140918	-168.842
20140919	-168.483
20140920	-168.125
20140921	-167.761
20140922	-167.338
20140923	-166.912
20140924	-166.395
20140925	-165.733
20140926	-165.096
20140927	-164.567
20140928	-164.094
20140929	-163.717
20140930	-163.187
20141001	-162.300
20141002	-161.129
20141003	-159.580
20141004	-157.725
20141005	-155.638
20141006	-153.151
20141007	-150.210
20141008	-147.031
20141009	-143.719
20141010	-140.246
20141011	-136.693
20141012	-132.870
20141013	-128.635
20141014	-124.126
20141015	-119.331
20141016	-114.534
20141017	-110.003
20141018	-105.674
20141019	-101.675
20141020	-97.968
20141021	-94.508
20141022	-91.514
20141023	-89.086
20141024	-86.924
20141025	-84.878
20141026	-83.027
20141027	-81.273
20141028	-79.903
20141029	-79.142
20141030	-78.808
20141031	-78.940
20141101	-79.157
20141102	-79.096
20141103	-78.873
20141104	-78.329
20141105	-77.537
20141106	-76.591
20141107	-75.198
20141108	-73.244
20141109	-71.192
20141110	-69.295
20141111	-67.466
20141112	-65.880
20141113	-64.152
20141114	-61.988
20141115	-59.686
20141116	-57.223
20141117	-54.767
20141118	-52.553
20141119	-50.459
20141120	-48.534
20141121	-46.840
20141122	-45.375
20141123	-44.262
20141124	-43.589
20141125	-43.019
20141126	-42.344
20141127	-41.651
20141128	-40.822
20141129	-40.087
20141130	-39.634
20141201	-39.252
20141202	-38.941
20141203	-38.572
20141204	-37.974
20141205	-37.211
20141206	-36.230
20141207	-34.981
20141208	-33.451
20141209	-31.535
20141210	-29.157
20141211	-26.543
20141212	-23.827
20141213	-20.929
20141214	-17.917
20141215	-14.608
20141216	-10.845
20141217	-6.763
20141218	-2.341
20141219	2.135
20141220	6.399
20141221	10.522
20141222	14.379
20141223	18.023
20141224	21.512
20141225	24.625
20141226	27.269
20141227	29.783
20141228	32.346
20141229	34.887
20141230	37.526
20141231	39.969
20150101	41.988
20150102	43.797
20150103	45.369
20150104	46.915
20150105	48.672
20150106	50.538
20150107	52.590
20150108	54.835
20150109	57.239
20150110	59.962
20150111	63.083
20150112	66.277
20150113	69.350
20150114	72.374
20150115	75.233
20150116	78.167
20150117	81.369
20150118	84.631
20150119	87.960
20150120	91.321
20150121	94.614
20150122	97.910
20150123	101.208
20150124	104.434
20150125	107.560
20150126	110.561
20150127	113.392
20150128	116.216
20150129	119.146
20150130	122.127
20150131	125.213
20150201	128.310
20150202	131.336
20150203	134.389
20150204	137.476
20150205	140.543
20150206	143.584
20150207	146.577
20150208	149.494
20150209	152.396
20150210	155.319
20150211	158.225
20150212	161.120
20150213	163.982
20150214	166.781
20150215	169.537
20150216	172.244
20150217	174.895
20150218	177.490
20150219	180.017
20150220	182.466
20150221	184.840
20150222	187.132
20150223	189.337
20150224	191.449
20150225	193.458
20150226	195.354
20150227	197.133
20150228	198.787
20150301	200.317
20150302	201.722
20150303	202.992
20150304	204.124
20150305	205.106
20150306	205.926
20150307	206.582
20150308	207.068
20150309	207.459
20150310	207.816
20150311	208.128
20150312	208.430
20150313	208.690
20150314	208.881
20150315	209.064
20150316	209.256
20150317	209.384
20150318	209.416
20150319	209.361
20150320	209.192
20150321	208.977
20150322	208.768
20150323	208.517
20150324	208.234
20150325	207.749
20150326	206.918
20150327	205.767
20150328	204.219
20150329	202.312
20150330	200.080
20150331	197.395
20150401	194.204
20150402	190.666
20150403	186.857
20150404	182.741
20150405	178.370
20150406	173.588
20150407	168.275
20150408	162.526
20150409	156.322
20150410	149.992
20150411	143.826
20150412	137.759
20150413	131.942
20150414	126.295
20150415	120.743
20150416	115.542
20150417	110.789
20150418	106.149
20150419	101.454
20150420	96.772
20150421	91.984
20150422	87.406
20150423	83.279
20150424	79.391
20150425	75.780
20150426	72.323
20150427	68.851
20150428	65.479
20150429	62.182
20150430	58.936
20150501	55.765
20150502	52.585
20150503	49.349
20150504	46.336
20150505	43.728
20150506	41.478
20150507	39.695
20150508	38.222
20150509	36.931
20150510	36.006
20150511	35.470
20150512	35.183
20150513	35.100
20150514	35.200
20150515	35.410
20150516	35.875
20150517	36.681
20150518	37.727
20150519	39.021
20150520	40.597
20150521	42.447
20150522	44.609
20150523	47.111
20150524	49.895
20150525	52.932
20150526	56.254
20150527	59.855
20150528	63.108
20150529	65.543
20150530	67.153
20150531	67.610
20150601	67.121
20150602	65.827
20150603	63.221
20150604	59.123
20150605	53.968
20150606	47.923
20150607	40.868
20150608	32.935
20150609	23.567
20150610	12.335
20150611	-0.503
20150612	-15.072
20150613	-30.009
20150614	-44.173
20150615	-57.837
20150616	-70.402
20150617	-82.283
20150618	-93.864
20150619	-104.107
20150620	-112.663
20150621	-120.899
20150622	-129.501
20150623	-138.245
20150624	-147.646
20150625	-156.464
20150626	-163.761
20150627	-170.419
20150628	-176.323
20150629	-181.742
20150630	-187.191
20150701	-192.256
20150702	-196.934
20150703	-201.445
20150704	-205.786
20150705	-210.121
20150706	-214.607
20150707	-218.353
20150708	-220.754
20150709	-221.992
20150710	-221.724
20150711	-220.397
20150712	-218.388
20150713	-215.115
20150714	-210.490
20150715	-205.517
20150716	-200.765
20150717	-196.264
20150718	-192.513
20150719	-188.871
20150720	-184.914
20150721	-181.401
20150722	-178.453
20150723	-175.541
20150724	-172.512
20150725	-169.341
20150726	-165.792
20150727	-162.537
20150728	-160.028
20150729	-157.903
20150730	-156.272
20150731	-154.655
20150801	-152.565
20150802	-150.260
20150803	-147.598
20150804	-144.639
20150805	-141.516
20150806	-137.911
20150807	-133.696
20150808	-129.543
20150809	-125.847
20150810	-122.512
20150811	-119.807
20150812	-117.280
20150813	-114.586
20150814	-112.168
20150815	-110.048
20150816	-107.870
20150817	-105.512
20150818	-102.885
20150819	-99.788
20150820	-96.554
20150821	-93.375
20150822	-89.976
20150823	-86.353
20150824	-82.573
20150825	-78.598
20150826	-74.497
20150827	-70.323
20150828	-65.898
20150829	-61.126
20150830	-56.071
20150831	-50.689
20150901	-45.505
20150902	-40.941
20150903	-36.911
20150904	-33.652
20150905	-31.004
20150906	-28.831
20150907	-27.524
20150908	-27.216
20150909	-27.465
20150910	-28.069
20150911	-29.106
20150912	-30.416
20150913	-32.438
20150914	-35.501
20150915	-39.325
20150916	-43.967
20150917	-48.715
20150918	-52.923
20150919	-56.766
20150920	-59.935
20150921	-62.572
20150922	-64.836
20150923	-66.183
20150924	-66.397
20150925	-66.245
20150926	-66.126
20150927	-65.878
20150928	-65.776
20150929	-65.131
20150930	-63.413
20151001	-61.104
20151002	-58.137
20151003	-54.981
20151004	-52.168
20151005	-49.453
20151006	-46.997
20151007	-44.808
20151008	-42.805
20151009	-41.335
20151010	-40.570
20151011	-39.756
20151012	-38.446
20151013	-36.792
20151014	-34.512
20151015	-32.142
20151016	-30.106
20151017	-27.918
20151018	-25.577
20151019	-23.300
20151020	-21.088
20151021	-19.076
20151022	-17.410
20151023	-15.807
20151024	-14.124
20151025	-12.530
20151026	-11.002
20151027	-9.673
20151028	-8.693
20151029	-7.984
20151030	-7.582
20151031	-7.529
20151101	-7.828
20151102	-8.557
20151103	-9.769
20151104	-11.099
20151105	-12.293
20151106	-13.407
20151107	-14.284
20151108	-15.109
20151109	-16.025
20151110	-16.772
20151111	-17.295
20151112	-17.872
20151113	-18.625
20151114	-19.546
20151115	-20.755
20151116	-21.990
20151117	-23.067
20151118	-24.176
20151119	-25.295
20151120	-26.480
20151121	-27.836
20151122	-29.283
20151123	-30.821
20151124	-32.509
20151125	-34.356
20151126	-36.395
20151127	-38.661
20151128	-41.001
20151129	-43.313
20151130	-45.639
20151201	-47.927
20151202	-50.260
20151203	-52.713
20151204	-55.190
20151205	-57.681
20151206	-60.098
20151207	-62.338
20151208	-64.419
20151209	-66.294
20151210	-67.945
20151211	-69.364
20151212	-70.473
20151213	-71.222
20151214	-71.722
20151215	-72.028
20151216	-72.092
20151217	-71.939
20151218	-71.454
20151219	-70.539
20151220	-69.254
20151221	-67.575
20151222	-65.763
20151223	-64.041
20151224	-62.353
20151225	-60.813
20151226	-59.343
20151227	-57.867
20151228	-56.586
20151229	-55.570
20151230	-54.534
20151231	-53.334
20160101	-52.013
20160102	-50.463
20160103	-48.933
20160104	-47.609
20160105	-46.307
20160106	-45.046
20160107	-43.795
20160108	-42.463
20160109	-41.131
20160110	-39.808
20160111	-38.437
20160112	-37.007
20160113	-35.502
20160114	-33.893
20160115	-32.339
20160116	-30.952
20160117	-29.695
20160118	-28.628
20160119	-27.677
20160120	-26.778
20160121	-26.034
20160122	-25.463
20160123	-24.863
20160124	-24.115
20160125	-23.219
20160126	-22.074
20160127	-20.803
20160128	-19.489
20160129	-17.980
20160130	-16.250
20160131	-14.413
20160201	-12.504
20160202	-10.527
20160203	-8.532
20160204	-6.383
20160205	-3.986
20160206	-1.420
20160207	1.335
20160208	4.116
20160209	6.768
20160210	9.345
20160211	11.782
20160212	14.109
20160213	16.363
20160214	18.426
20160215	20.251
20160216	22.022
20160217	23.839
20160218	25.669
20160219	27.581
20160220	29.424
20160221	31.080
20160222	32.670
20160223	34.184
20160224	35.623
20160225	37.031
20160226	38.361
20160227	39.599
20160228	40.792
20160229	41.955
20160301	43.085
20160302	44.198
20160303	45.211
20160304	46.060
20160305	46.769
20160306	47.308
20160307	47.710
20160308	48.006
20160309	48.143
20160310	48.111
20160311	48.061
20160312	48.091
20160313	48.201
20160314	48.466
20160315	48.806
20160316	49.169
20160317	49.670
20160318	50.336
20160319	51.075
20160320	51.854
20160321	52.678
20160322	53.511
20160323	54.464
20160324	55.615
20160325	56.902
20160326	58.344
20160327	59.695
20160328	60.742
20160329	61.535
20160330	61.963
20160331	62.088
20160401	61.970
20160402	61.422
20160403	60.374
20160404	59.065
20160405	57.613
20160406	55.972
20160407	54.229
20160408	52.158
20160409	49.590
20160410	46.675
20160411	43.389
20160412	40.080
20160413	37.069
20160414	34.270
20160415	31.833
20160416	29.698
20160417	27.791
20160418	26.380
20160419	25.576
20160420	24.995
20160421	24.441
20160422	23.997
20160423	23.530
20160424	23.383
20160425	23.824
20160426	24.614
20160427	25.789
20160428	27.040
20160429	28.044
20160430	28.927
20160501	29.572
20160502	29.999
20160503	30.270
20160504	30.151
20160505	29.537
20160506	28.857
20160507	28.359
20160508	27.952
20160509	27.792
20160510	27.546
20160511	26.950
20160512	26.279
20160513	25.519
20160514	24.594
20160515	23.542
20160516	22.266
20160517	20.698
20160518	18.972
20160519	17.143
20160520	15.146
20160521	12.998
20160522	10.564
20160523	7.722
20160524	4.516
20160525	0.896
20160526	-3.126
20160527	-7.525
20160528	-12.390
20160529	-17.757
20160530	-23.157
20160531	-28.260
20160601	-33.099
20160602	-37.454
20160603	-41.536
20160604	-45.502
20160605	-48.997
20160606	-51.928
20160607	-54.631
20160608	-57.246
20160609	-59.735
20160610	-62.226
20160611	-64.354
20160612	-65.850
20160613	-66.933
20160614	-67.550
20160615	-68.232
20160616	-69.463
20160617	-71.099
20160618	-73.359
20160619	-76.136
20160620	-79.304
20160621	-83.262
20160622	-88.163
20160623	-93.423
20160624	-98.733
20160625	-104.205
20160626	-109.627
20160627	-115.502
20160628	-122.219
20160629	-129.406
20160630	-137.102
20160701	-144.436
20160702	-150.608
20160703	-155.799
20160704	-159.615
20160705	-162.194
20160706	-163.695
20160707	-163.439
20160708	-161.137
20160709	-157.702
20160710	-153.596
20160711	-148.594
20160712	-143.003
20160713	-135.961
20160714	-126.793
20160715	-116.063
20160716	-103.659
20160717	-90.914
20160718	-79.054
20160719	-67.737
20160720	-57.536
20160721	-48.189
20160722	-39.394
20160723	-32.176
20160724	-26.941
20160725	-22.182
20160726	-17.103
20160727	-12.011
20160728	-6.360
20160729	-1.468
20160730	1.647
20160731	3.943
20160801	5.301
20160802	6.423
20160803	8.180
20160804	10.122
20160805	12.462
20160806	15.307
20160807	18.569
20160808	22.757
20160809	28.164
20160810	33.511
20160811	38.014
20160812	41.954
20160813	44.861
20160814	47.600
20160815	50.870
20160816	53.854
20160817	56.534
20160818	58.941
20160819	60.813
20160820	62.365
20160821	63.661
20160822	64.320
20160823	64.162
20160824	63.199
20160825	61.280
20160826	58.847
20160827	56.233
20160828	53.224
20160829	49.932
20160830	46.119
20160831	41.540
20160901	36.449
20160902	30.852
20160903	25.517
20160904	21.129
20160905	17.606
20160906	15.332
20160907	14.168
20160908	13.991
20160909	15.429
20160910	18.755
20160911	23.212
20160912	28.436
20160913	34.644
20160914	41.600
20160915	50.099
20160916	60.767
20160917	73.151
20160918	87.387
20160919	101.888
20160920	115.269
20160921	127.880
20160922	139.030
20160923	149.131
20160924	158.592
20160925	166.200
20160926	171.513
20160927	176.218
20160928	181.185
20160929	186.108
20160930	191.612
20161001	196.192
20161002	198.704
20161003	200.225
20161004	200.623
20161005	200.185
20161006	199.510
20161007	198.096
20161008	195.925
20161009	193.280
20161010	190.172
20161011	186.772
20161012	183.265
20161013	178.583
20161014	171.993
20161015	163.715
20161016	153.339
20161017	141.386
20161018	128.301
20161019	113.387
20161020	96.531
20161021	79.475
20161022	63.315
20161023	48.067
20161024	34.602
20161025	21.980
20161026	9.572
20161027	-1.288
20161028	-10.303
20161029	-18.497
20161030	-26.211
20161031	-33.378
20161101	-40.404
20161102	-46.017
20161103	-49.315
20161104	-50.967
20161105	-50.748
20161106	-50.121
20161107	-50.440
20161108	-51.177
20161109	-52.881
20161110	-55.228
20161111	-57.807
20161112	-61.674
20161113	-67.209
20161114	-72.651
20161115	-77.028
20161116	-80.606
20161117	-82.694
20161118	-84.657
20161119	-87.531
20161120	-90.161
20161121	-92.578
20161122	-94.894
20161123	-96.797
20161124	-98.659
20161125	-100.640
20161126	-102.209
20161127	-103.137
20161128	-103.529
20161129	-103.230
20161130	-102.837
20161201	-102.823
20161202	-102.943
20161203	-103.375
20161204	-103.904
20161205	-104.290
20161206	-104.889
20161207	-105.772
20161208	-106.553
20161209	-107.066
20161210	-107.307
20161211	-107.103
20161212	-106.770
20161213	-106.520
20161214	-106.094
20161215	-105.496
20161216	-104.841
20161217	-104.131
20161218	-103.440
20161219	-102.849
20161220	-102.193
20161221	-101.389
20161222	-100.532
20161223	-99.608
20161224	-98.848
20161225	-98.461
20161226	-98.394
20161227	-98.746
20161228	-99.493
20161229	-100.600
20161230	-102.234
20161231	-104.472
20170101	-107.129
20170102	-110.123
20170103	-113.512
20170104	-117.243
20170105	-121.517
20170106	-126.493
20170107	-132.065
20170108	-138.271
20170109	-144.396
20170110	-149.847
20170111	-154.726
20170112	-158.695
20170113	-161.965
20170114	-164.716
20170115	-166.390
20170116	-166.787
20170117	-166.561
20170118	-166.021
20170119	-165.034
20170120	-163.829
20170121	-161.752
20170122	-158.301
20170123	-153.886
20170124	-148.415
20170125	-142.654
20170126	-137.335
20170127	-132.200
20170128	-127.552
20170129	-123.258
20170130	-119.136
20170131	-115.757
20170201	-113.349
20170202	-110.961
20170203	-108.067
20170204	-104.841
20170205	-100.927
20170206	-97.089
20170207	-93.916
20170208	-90.796
20170209	-87.764
20170210	-84.740
20170211	-81.448
20170212	-78.117
20170213	-74.774
20170214	-71.199
20170215	-67.328
20170216	-63.109
20170217	-58.435
20170218	-53.779
20170219	-49.476
20170220	-45.384
20170221	-41.665
20170222	-38.078
20170223	-34.405
20170224	-30.941
20170225	-27.722
20170226	-24.560
20170227	-21.415
20170228	-18.252
20170301	-14.978
20170302	-11.803
20170303	-8.858
20170304	-6.014
20170305	-3.296
20170306	-0.698
20170307	1.822
20170308	4.199
20170309	6.408
20170310	8.495
20170311	10.468
20170312	12.313
20170313	14.039
20170314	15.662
20170315	17.196
20170316	18.653
20170317	20.052
20170318	21.378
20170319	22.627
20170320	23.823
20170321	24.974
20170322	26.049
20170323	27.032
20170324	27.929
20170325	28.729
20170326	29.466
20170327	30.167
20170328	30.810
20170329	31.402
20170330	31.991
20170331	32.608
20170401	33.265
20170402	33.993
20170403	34.772
20170404	35.595
20170405	36.502
20170406	37.510
20170407	38.607
20170408	39.800
20170409	41.098
20170410	42.503
20170411	44.055
20170412	45.783
20170413	47.686
20170414	49.782
20170415	51.983
20170416	54.221
20170417	56.524
20170418	58.856
20170419	61.261
20170420	63.776
20170421	66.338
20170422	68.936
20170423	71.669
20170424	74.592
20170425	77.704
20170426	81.050
20170427	84.559
20170428	88.181
20170429	91.986
20170430	95.980
20170501	99.957
20170502	103.783
20170503	107.448
20170504	110.845
20170505	114.075
20170506	117.202
20170507	120.064
20170508	122.618
20170509	124.986
20170510	127.209
20170511	129.268
20170512	131.207
20170513	132.863
20170514	134.118
20170515	135.048
20170516	135.620
20170517	136.099
20170518	136.716
20170519	137.397
20170520	138.251
20170521	139.201
20170522	140.171
20170523	141.355
20170524	142.820
20170525	144.273
20170526	145.559
20170527	146.719
20170528	147.639
20170529	148.559
20170530	149.663
20170531	150.757
20170601	151.854
20170602	152.892
20170603	153.757
20170604	154.521
20170605	155.175
20170606	155.660
20170607	155.962
20170608	156.036
20170609	155.840
20170610	155.538
20170611	155.242
20170612	154.898
20170613	154.562
20170614	154.130
20170615	153.511
20170616	152.808
20170617	152.023
20170618	151.170
20170619	150.297
20170620	149.375
20170621	148.409
20170622	147.437
20170623	146.477
20170624	145.543
20170625	144.662
20170626	143.757
20170627	142.779
20170628	141.758
20170629	140.674
20170630	139.579
20170701	138.519
20170702	137.452
20170703	136.380
20170704	135.505
20170705	134.967
20170706	134.777
20170707	135.044
20170708	135.692
20170709	136.672
20170710	138.145
20170711	140.165
20170712	142.629
20170713	145.514
20170714	148.850
20170715	152.610
20170716	156.957
20170717	162.012
20170718	167.718
20170719	174.122
20170720	180.610
20170721	186.690
20170722	192.453
20170723	197.617
20170724	202.386
20170725	206.934
20170726	210.788
20170727	213.793
20170728	216.502
20170729	219.177
20170730	221.718
20170731	224.326
20170801	226.455
20170802	227.692
20170803	228.386
20170804	228.468
20170805	228.547
20170806	229.216
20170807	230.266
20170808	231.938
20170809	234.140
20170810	236.736
20170811	240.180
20170812	244.661
20170813	249.424
20170814	254.051
20170815	258.694
20170816	263.076
20170817	267.811
20170818	273.380
20170819	279.302
20170820	285.611
20170821	291.906
20170822	297.709
20170823	303.215
20170824	308.275
20170825	312.831
20170826	316.909
20170827	320.206
20170828	322.543
20170829	324.549
20170830	326.595
20170831	328.511
20170901	330.509
20170902	332.101
20170903	332.889
20170904	333.261
20170905	333.191
20170906	332.483
20170907	331.126
20170908	328.973
20170909	325.879
20170910	322.048
20170911	317.566
20170912	312.271
20170913	306.159
20170914	299.060
20170915	290.797
20170916	281.410
20170917	270.826
20170918	258.995
20170919	245.896
20170920	231.414
20170921	215.469
20170922	199.280
20170923	183.750
20170924	168.778
20170925	154.948
20170926	141.765
20170927	128.857
20170928	117.163
20170929	106.958
20170930	97.306
20171001	87.807
20171002	78.604
20171003	69.348
20171004	61.050
20171005	54.456
20171006	48.969
20171007	44.742
20171008	40.965
20171009	36.806
20171010	32.660
20171011	28.257
20171012	23.702
20171013	19.209
20171014	14.203
20171015	8.451
20171016	3.127
20171017	-1.081
20171018	-4.355
20171019	-6.233
20171020	-7.538
20171021	-8.904
20171022	-9.559
20171023	-9.483
20171024	-9.115
20171025	-8.527
20171026	-7.905
20171027	-7.520
20171028	-6.869
20171029	-5.681
20171030	-4.300
20171031	-2.698
20171101	-0.950
20171102	0.784
20171103	2.630
20171104	4.596
20171105	6.525
20171106	8.354
20171107	10.058
20171108	11.562
20171109	13.043
20171110	14.620
20171111	16.199
20171112	17.818
20171113	19.367
20171114	20.736
20171115	22.019
20171116	23.207
20171117	24.120
20171118	24.657
20171119	24.781
20171120	24.391
20171121	23.569
20171122	22.358
20171123	20.618
20171124	18.311
20171125	15.877
20171126	13.612
20171127	11.493
20171128	9.732
20171129	8.085
20171130	6.380
20171201	4.955
20171202	3.886
20171203	2.819
20171204	1.601
20171205	0.248
20171206	-1.389
20171207	-2.959
20171208	-4.213
20171209	-5.390
20171210	-6.454
20171211	-7.510
20171212	-8.721
20171213	-9.969
20171214	-11.266
20171215	-12.665
20171216	-14.158
20171217	-15.808
20171218	-17.664
20171219	-19.481
20171220	-21.096
20171221	-22.563
20171222	-23.789
20171223	-24.909
20171224	-26.037
20171225	-27.014
20171226	-27.820
20171227	-28.639
20171228	-29.557
20171229	-30.588
20171230	-31.827
20171231	-33.131
20180101	-34.408
20180102	-35.795
20180103	-37.302
20180104	-38.855
20180105	-40.446
20180106	-42.052
20180107	-43.632
20180108	-45.290
20180109	-47.086
20180110	-48.967
20180111	-50.948
20180112	-52.933
20180113	-54.832
20180114	-56.683
20180115	-58.452
20180116	-60.151
20180117	-61.802
20180118	-63.338
20180119	-64.733
20180120	-66.092
20180121	-67.471
20180122	-68.849
20180123	-70.265
20180124	-71.636
20180125	-72.896
20180126	-74.111
20180127	-75.277
20180128	-76.385
20180129	-77.453
20180130	-78.455
20180131	-79.380
20180201	-80.254
20180202	-81.089
20180203	-81.876
20180204	-82.621
20180205	-83.285
20180206	-83.835
20180207	-84.281
20180208	-84.611
20180209	-84.835
20180210	-84.965
20180211	-84.974
20180212	-84.857
20180213	-84.791
20180214	-84.906
20180215	-85.194
20180216	-85.746
20180217	-86.488
20180218	-87.370
20180219	-88.529
20180220	-90.009
20180221	-91.685
20180222	-93.510
20180223	-95.507
20180224	-97.631
20180225	-100.030
20180226	-102.810
20180227	-105.896
20180228	-109.315
20180301	-112.788
20180302	-116.072
20180303	-119.234
20180304	-122.152
20180305	-124.902
20180306	-127.557
20180307	-129.907
20180308	-131.876
20180309	-133.755
20180310	-135.694
20180311	-137.640
20180312	-139.702
20180313	-141.621
20180314	-143.202
20180315	-144.631
20180316	-145.884
20180317	-146.979
20180318	-147.994
20180319	-148.843
20180320	-149.507
20180321	-150.046
20180322	-150.468
20180323	-150.779
20180324	-150.999
20180325	-150.972
20180326	-150.583
20180327	-149.862
20180328	-148.749
20180329	-147.305
20180330	-145.583
20180331	-143.481
20180401	-140.973
20180402	-138.398
20180403	-135.980
20180404	-133.708
20180405	-131.748
20180406	-129.929
20180407	-128.131
20180408	-126.615
20180409	-125.439
20180410	-124.381
20180411	-123.356
20180412	-122.381
20180413	-121.369
20180414	-120.573
20180415	-120.176
20180416	-120.030
20180417	-120.176
20180418	-120.372
20180419	-120.381
20180420	-120.304
20180421	-120.055
20180422	-119.670
20180423	-119.214
20180424	-118.512
20180425	-117.496
20180426	-116.480
20180427	-115.642
20180428	-114.930
20180429	-114.466
20180430	-114.016
20180501	-113.400
20180502	-112.824
20180503	-112.285
20180504	-111.809
20180505	-111.489
20180506	-111.262
20180507	-111.124
20180508	-111.159
20180509	-111.397
20180510	-111.861
20180511	-112.593
20180512	-113.457
20180513	-114.360
20180514	-115.356
20180515	-116.406
20180516	-117.593
20180517	-118.993
20180518	-120.527
20180519	-122.194
20180520	-123.842
20180521	-125.322
20180522	-126.661
20180523	-127.786
20180524	-128.713
20180525	-129.461
20180526	-129.906
20180527	-129.989
20180528	-129.886
20180529	-129.686
20180530	-129.342
20180531	-128.912
20180601	-128.230
20180602	-127.164
20180603	-125.823
20180604	-124.184
20180605	-122.567
20180606	-121.257
20180607	-120.186
20180608	-119.495
20180609	-119.115
20180610	-118.970
20180611	-119.309
20180612	-120.226
20180613	-121.377
20180614	-122.583
20180615	-123.911
20180616	-125.233
20180617	-126.857
20180618	-129.016
20180619	-131.490
20180620	-134.307
20180621	-137.168
20180622	-139.768
20180623	-142.217
20180624	-144.396
20180625	-146.321
20180626	-148.046
20180627	-149.343
20180628	-150.105
20180629	-150.727
20180630	-151.429
20180701	-152.121
20180702	-152.944
20180703	-153.579
20180704	-153.774
20180705	-153.780
20180706	-153.575
20180707	-153.188
20180708	-152.732
20180709	-152.102
20180710	-151.284
20180711	-150.359
20180712	-149.344
20180713	-148.257
20180714	-147.137
20180715	-145.773
20180716	-144.017
20180717	-141.921
20180718	-139.410
20180719	-136.582
20180720	-133.529
20180721	-130.115
20180722	-126.319
20180723	-122.673
20180724	-119.536
20180725	-116.908
20180726	-115.057
20180727	-113.746
20180728	-112.811
20180729	-112.666
20180730	-113.424
20180731	-114.758
20180801	-116.551
20180802	-118.855
20180803	-121.552
20180804	-125.056
20180805	-129.671
20180806	-135.191
20180807	-141.697
20180808	-148.085
20180809	-153.430
20180810	-157.928
20180811	-161.082
20180812	-163.209
20180813	-164.597
20180814	-164.400
20180815	-162.323
20180816	-159.411
20180817	-156.178
20180818	-152.425
20180819	-148.534
20180820	-143.503
20180821	-136.571
20180822	-128.403
20180823	-118.883
20180824	-109.224
20180825	-100.594
20180826	-92.617
20180827	-85.791
20180828	-79.939
20180829	-74.803
20180830	-71.303
20180831	-69.826
20180901	-68.914
20180902	-67.778
20180903	-66.724
20180904	-65.227
20180905	-64.511
20180906	-65.534
20180907	-67.373
20180908	-70.118
20180909	-73.401
20180910	-76.614
20180911	-80.156
20180912	-83.965
20180913	-87.825
20180914	-91.732
20180915	-95.429
20180916	-98.705
20180917	-102.541
20180918	-107.578
20180919	-113.585
20180920	-120.920
20180921	-129.006
20180922	-137.357
20180923	-146.599
20180924	-156.781
20180925	-166.865
20180926	-176.269
20180927	-184.899
20180928	-192.211
20180929	-198.836
20180930	-205.172
20181001	-210.415
20181002	-214.416
20181003	-217.610
20181004	-220.069
20181005	-221.793
20181006	-222.958
20181007	-222.869
20181008	-221.049
20181009	-217.784
20181010	-212.911
20181011	-207.682
20181012	-203.161
20181013	-199.019
20181014	-195.770
20181015	-193.031
20181016	-190.422
20181017	-188.864
20181018	-188.655
20181019	-188.494
20181020	-187.712
20181021	-186.487
20181022	-184.313
20181023	-182.290
20181024	-181.245
20181025	-180.328
20181026	-179.605
20181027	-178.846
20181028	-177.582
20181029	-176.151
20181030	-174.542
20181031	-172.492
