 LS01        -0.07070 0.00020         0.32720 0.00010        -0.00850 0.00020 0.000000 0.000000 0.000000      2018.2397
 LS01        -0.07200 0.00020         0.32770 0.00010        -0.00280 0.00020 0.000000 0.000000 0.000000      2018.2425
 LS01        -0.07200 0.00020         0.32680 0.00010        -0.00720 0.00020 0.000000 0.000000 0.000000      2018.2452
 LS01        -0.07110 0.00020         0.32370 0.00010        -0.00420 0.00020 0.000000 0.000000 0.000000      2018.2479
 LS01        -0.07120 0.00020         0.32560 0.00010        -0.00200 0.00020 0.000000 0.000000 0.000000      2018.2507
 LS01        -0.06950 0.00020         0.32700 0.00010        -0.00240 0.00020 0.000000 0.000000 0.000000      2018.2534
 LS01        -0.07120 0.00020         0.32570 0.00010         0.00070 0.00020 0.000000 0.000000 0.000000      2018.2562
 LS01        -0.07160 0.00020         0.32540 0.00010        -0.00320 0.00020 0.000000 0.000000 0.000000      2018.2589
 LS01        -0.07220 0.00020         0.32720 0.00010        -0.00890 0.00020 0.000000 0.000000 0.000000      2018.2617
 LS01        -0.07210 0.00020         0.32670 0.00010        -0.00510 0.00020 0.000000 0.000000 0.000000      2018.2643
 LS01        -0.07370 0.00020         0.32630 0.00010         0.00220 0.00020 0.000000 0.000000 0.000000      2018.2670
 LS01        -0.07130 0.00020         0.32750 0.00010         0.00090 0.00020 0.000000 0.000000 0.000000      2018.2698
 LS01        -0.07130 0.00020         0.32710 0.00010         0.00150 0.00020 0.000000 0.000000 0.000000      2018.2725
 LS01        -0.07210 0.00020         0.32760 0.00010         0.00500 0.00020 0.000000 0.000000 0.000000      2018.2753
 LS01        -0.07230 0.00020         0.32950 0.00010         0.00420 0.00020 0.000000 0.000000 0.000000      2018.2780
 LS01        -0.07070 0.00020         0.32740 0.00010        -0.00300 0.00020 0.000000 0.000000 0.000000      2018.2808
 LS01        -0.07160 0.00020         0.32740 0.00010        -0.00720 0.00020 0.000000 0.000000 0.000000      2018.2835
 LS01        -0.07130 0.00020         0.32650 0.00010        -0.00190 0.00020 0.000000 0.000000 0.000000      2018.2863
 LS01        -0.07200 0.00020         0.32600 0.00010        -0.00810 0.00020 0.000000 0.000000 0.000000      2018.2890
 LS01        -0.07250 0.00020         0.32700 0.00010        -0.00320 0.00020 0.000000 0.000000 0.000000      2018.2917
 LS01        -0.07100 0.00020         0.32510 0.00010         0.00110 0.00020 0.000000 0.000000 0.000000      2018.2945
 LS01        -0.07310 0.00020         0.32600 0.00010         0.00360 0.00020 0.000000 0.000000 0.000000      2018.2972
 LS01        -0.07190 0.00020         0.33150 0.00010        -0.00390 0.00020 0.000000 0.000000 0.000000      2018.3000
 LS01        -0.07420 0.00020         0.33030 0.00010        -0.00410 0.00030 0.000000 0.000000 0.000000      2018.3027
 LS01        -0.06980 0.00020         0.33250 0.00010        -0.00710 0.00020 0.000000 0.000000 0.000000      2018.3055
 LS01        -0.07150 0.00020         0.33050 0.00010        -0.00690 0.00020 0.000000 0.000000 0.000000      2018.3082
 LS01        -0.07200 0.00020         0.33000 0.00010        -0.00620 0.00020 0.000000 0.000000 0.000000      2018.3110
 LS01        -0.07190 0.00020         0.33080 0.00010        -0.00400 0.00020 0.000000 0.000000 0.000000      2018.3137
 LS01        -0.07130 0.00020         0.33090 0.00010        -0.00710 0.00020 0.000000 0.000000 0.000000      2018.3163
 LS01        -0.07050 0.00020         0.32750 0.00010        -0.00470 0.00020 0.000000 0.000000 0.000000      2018.3192
 LS01        -0.07010 0.00020         0.32770 0.00010        -0.00620 0.00020 0.000000 0.000000 0.000000      2018.3218
 LS01        -0.07320 0.00020         0.32870 0.00010        -0.00610 0.00020 0.000000 0.000000 0.000000      2018.3246
 LS01        -0.07340 0.00020         0.32620 0.00010         0.00750 0.00020 0.000000 0.000000 0.000000      2018.3273
 LS01        -0.07000 0.00020         0.32700 0.00010        -0.00460 0.00020 0.000000 0.000000 0.000000      2018.3301
 LS01        -0.07170 0.00020         0.32770 0.00010        -0.00540 0.00020 0.000000 0.000000 0.000000      2018.3328
 LS01        -0.07300 0.00020         0.33090 0.00010        -0.00240 0.00020 0.000000 0.000000 0.000000      2018.3356
 LS01        -0.07250 0.00020         0.32950 0.00010        -0.00230 0.00020 0.000000 0.000000 0.000000      2018.3383
 LS01        -0.07160 0.00020         0.32960 0.00010        -0.00640 0.00020 0.000000 0.000000 0.000000      2018.3410
 LS01        -0.07010 0.00020         0.32780 0.00010        -0.00310 0.00020 0.000000 0.000000 0.000000      2018.3438
 LS01        -0.07020 0.00020         0.33200 0.00010         0.00120 0.00020 0.000000 0.000000 0.000000      2018.3465
 LS01        -0.07140 0.00020         0.33120 0.00010        -0.00750 0.00020 0.000000 0.000000 0.000000      2018.3493
 LS01        -0.07230 0.00020         0.33260 0.00010        -0.01110 0.00020 0.000000 0.000000 0.000000      2018.3520
 LS01        -0.07290 0.00020         0.32970 0.00010        -0.00290 0.00020 0.000000 0.000000 0.000000      2018.3548
 LS01        -0.07020 0.00020         0.33040 0.00010        -0.00110 0.00020 0.000000 0.000000 0.000000      2018.3575
 LS01        -0.07010 0.00020         0.33100 0.00010        -0.00270 0.00020 0.000000 0.000000 0.000000      2018.3603
 LS01        -0.07140 0.00020         0.33050 0.00010        -0.00520 0.00020 0.000000 0.000000 0.000000      2018.3630
 LS01        -0.07040 0.00020         0.33070 0.00010         0.00310 0.00020 0.000000 0.000000 0.000000      2018.3657
 LS01        -0.07130 0.00020         0.32850 0.00010         0.00120 0.00020 0.000000 0.000000 0.000000      2018.3685
 LS01        -0.07350 0.00020         0.33080 0.00010         0.00530 0.00030 0.000000 0.000000 0.000000      2018.3712
 LS01        -0.07180 0.00020         0.33150 0.00010         0.00480 0.00030 0.000000 0.000000 0.000000      2018.3740
 LS01        -0.07060 0.00020         0.32980 0.00010        -0.00650 0.00020 0.000000 0.000000 0.000000      2018.3767
 LS01        -0.07010 0.00020         0.32970 0.00010        -0.00710 0.00030 0.000000 0.000000 0.000000      2018.3795
 LS01        -0.07050 0.00020         0.33130 0.00010         0.00140 0.00020 0.000000 0.000000 0.000000      2018.3821
 LS01        -0.07250 0.00020         0.33110 0.00010         0.00230 0.00030 0.000000 0.000000 0.000000      2018.3850
 LS01        -0.07140 0.00020         0.33670 0.00010        -0.00810 0.00020 0.000000 0.000000 0.000000      2018.3876
 LS01        -0.07220 0.00020         0.33550 0.00010         0.00300 0.00020 0.000000 0.000000 0.000000      2018.3903
 LS01        -0.07170 0.00020         0.33420 0.00010         0.00490 0.00020 0.000000 0.000000 0.000000      2018.3931
 LS01        -0.07180 0.00020         0.33400 0.00010        -0.00230 0.00020 0.000000 0.000000 0.000000      2018.3958
 LS01        -0.07180 0.00020         0.33250 0.00010        -0.00480 0.00020 0.000000 0.000000 0.000000      2018.3986
 LS01        -0.07130 0.00020         0.33550 0.00010         0.00010 0.00020 0.000000 0.000000 0.000000      2018.4013
 LS01        -0.07180 0.00020         0.33330 0.00010        -0.00870 0.00020 0.000000 0.000000 0.000000      2018.4041
 LS01        -0.07120 0.00020         0.33360 0.00010        -0.00170 0.00020 0.000000 0.000000 0.000000      2018.4068
 LS01        -0.07320 0.00020         0.33290 0.00010        -0.00130 0.00020 0.000000 0.000000 0.000000      2018.4096
 LS01        -0.07290 0.00020         0.33630 0.00010        -0.00410 0.00020 0.000000 0.000000 0.000000      2018.4123
 LS01        -0.07380 0.00020         0.33450 0.00010        -0.00090 0.00020 0.000000 0.000000 0.000000      2018.4150
 LS01        -0.07250 0.00020         0.33310 0.00010        -0.00570 0.00020 0.000000 0.000000 0.000000      2018.4178
 LS01        -0.07400 0.00020         0.33570 0.00010        -0.00080 0.00020 0.000000 0.000000 0.000000      2018.4205
 LS01        -0.07440 0.00020         0.33620 0.00010        -0.00330 0.00020 0.000000 0.000000 0.000000      2018.4233
 LS01        -0.07390 0.00020         0.33220 0.00010        -0.01360 0.00020 0.000000 0.000000 0.000000      2018.4260
 LS01        -0.07160 0.00020         0.33790 0.00010         0.00020 0.00020 0.000000 0.000000 0.000000      2018.4288
 LS01        -0.07280 0.00020         0.33720 0.00010        -0.00500 0.00030 0.000000 0.000000 0.000000      2018.4315
 LS01        -0.07160 0.00020         0.33440 0.00010        -0.01750 0.00020 0.000000 0.000000 0.000000      2018.4343
 LS01        -0.07350 0.00020         0.33660 0.00010        -0.00380 0.00020 0.000000 0.000000 0.000000      2018.4370
 LS01        -0.07360 0.00020         0.33580 0.00010        -0.00110 0.00020 0.000000 0.000000 0.000000      2018.4396
 LS01        -0.07430 0.00020         0.33630 0.00010         0.00010 0.00020 0.000000 0.000000 0.000000      2018.4424
 LS01        -0.07430 0.00020         0.33510 0.00010        -0.00280 0.00020 0.000000 0.000000 0.000000      2018.4451
 LS01        -0.07320 0.00020         0.33400 0.00010         0.00490 0.00020 0.000000 0.000000 0.000000      2018.4479
 LS01        -0.07320 0.00020         0.33430 0.00010         0.00220 0.00020 0.000000 0.000000 0.000000      2018.4506
 LS01        -0.07460 0.00020         0.33780 0.00010         0.00000 0.00020 0.000000 0.000000 0.000000      2018.4534
 LS01        -0.07460 0.00020         0.33660 0.00010         0.00110 0.00020 0.000000 0.000000 0.000000      2018.4561
 LS01        -0.07370 0.00020         0.33770 0.00010         0.00320 0.00020 0.000000 0.000000 0.000000      2018.4589
 LS01        -0.07480 0.00020         0.33710 0.00010        -0.00050 0.00020 0.000000 0.000000 0.000000      2018.4616
 LS01        -0.07430 0.00020         0.33490 0.00010        -0.00820 0.00020 0.000000 0.000000 0.000000      2018.4643
 LS01        -0.07350 0.00020         0.33590 0.00010        -0.01020 0.00020 0.000000 0.000000 0.000000      2018.4671
 LS01        -0.07280 0.00020         0.33760 0.00010        -0.00430 0.00020 0.000000 0.000000 0.000000      2018.4698
 LS01        -0.07340 0.00020         0.33550 0.00010        -0.00820 0.00020 0.000000 0.000000 0.000000      2018.4726
 LS01        -0.07410 0.00020         0.33290 0.00010        -0.00460 0.00020 0.000000 0.000000 0.000000      2018.4753
 LS01        -0.07630 0.00020         0.34110 0.00010         0.00910 0.00030 0.000000 0.000000 0.000000      2018.4781
 LS01        -0.07310 0.00020         0.33870 0.00010        -0.00170 0.00030 0.000000 0.000000 0.000000      2018.4808
 LS01        -0.07520 0.00020         0.33870 0.00010        -0.00730 0.00030 0.000000 0.000000 0.000000      2018.4836
 LS01        -0.07650 0.00020         0.33740 0.00010        -0.00430 0.00030 0.000000 0.000000 0.000000      2018.4863
 LS01        -0.07510 0.00020         0.33650 0.00010         0.00500 0.00030 0.000000 0.000000 0.000000      2018.4890
 LS01        -0.07518 0.00020         0.33757 0.00010         0.00526 0.00030 0.000000 0.000000 0.000000      2018.4917
 LS01        -0.07582 0.00020         0.33868 0.00010         0.00393 0.00030 0.000000 0.000000 0.000000      2018.4945
 LS01        -0.07636 0.00020         0.33937 0.00010         0.00261 0.00030 0.000000 0.000000 0.000000      2018.4972
 LS01        -0.07670 0.00020         0.33960 0.00010         0.00160 0.00030 0.000000 0.000000 0.000000      2018.4999
 LS01        -0.07440 0.00020         0.33980 0.00010         0.00220 0.00020 0.000000 0.000000 0.000000      2018.5028
 LS01        -0.07350 0.00020         0.33870 0.00010        -0.00050 0.00020 0.000000 0.000000 0.000000      2018.5054
 LS01        -0.07270 0.00020         0.33790 0.00010        -0.00590 0.00030 0.000000 0.000000 0.000000      2018.5082
 LS01        -0.07180 0.00020         0.33620 0.00010        -0.00620 0.00030 0.000000 0.000000 0.000000      2018.5109
 LS01        -0.07290 0.00020         0.33730 0.00010         0.00060 0.00030 0.000000 0.000000 0.000000      2018.5136
 LS01        -0.07240 0.00020         0.34080 0.00010        -0.00080 0.00030 0.000000 0.000000 0.000000      2018.5164
 LS01        -0.07410 0.00020         0.33920 0.00010        -0.00360 0.00030 0.000000 0.000000 0.000000      2018.5191
 LS01        -0.07230 0.00020         0.34030 0.00010        -0.00880 0.00020 0.000000 0.000000 0.000000      2018.5219
 LS01        -0.07570 0.00020         0.34340 0.00010        -0.01180 0.00030 0.000000 0.000000 0.000000      2018.5246
 LS01        -0.07330 0.00020         0.33820 0.00010        -0.01570 0.00030 0.000000 0.000000 0.000000      2018.5274
 LS01        -0.07590 0.00020         0.34220 0.00010         0.00840 0.00030 0.000000 0.000000 0.000000      2018.5301
 LS01        -0.07640 0.00020         0.34020 0.00010        -0.01210 0.00030 0.000000 0.000000 0.000000      2018.5329
 LS01        -0.07650 0.00030         0.34330 0.00020        -0.02090 0.00040 0.000000 0.000000 0.000000      2018.5356
 LS01        -0.07410 0.00020         0.34550 0.00010        -0.01510 0.00020 0.000000 0.000000 0.000000      2018.5383
 LS01        -0.07550 0.00020         0.34310 0.00010         0.00610 0.00030 0.000000 0.000000 0.000000      2018.5411
 LS01        -0.07290 0.00020         0.33890 0.00010        -0.00360 0.00030 0.000000 0.000000 0.000000      2018.5438
 LS01        -0.07350 0.00020         0.34610 0.00010        -0.00570 0.00030 0.000000 0.000000 0.000000      2018.5466
 LS01        -0.07376 0.00021         0.34600 0.00011        -0.00822 0.00030 0.000000 0.000000 0.000000      2018.5493
 LS01        -0.07431 0.00024         0.34342 0.00014        -0.01105 0.00030 0.000000 0.000000 0.000000      2018.5520
 LS01        -0.07472 0.00026         0.34127 0.00016        -0.01482 0.00030 0.000000 0.000000 0.000000      2018.5548
 LS01        -0.07512 0.00029         0.33584 0.00019        -0.01982 0.00030 0.000000 0.000000 0.000000      2018.5575
 LS01        -0.07540 0.00030         0.33460 0.00020        -0.02130 0.00030 0.000000 0.000000 0.000000      2018.5602
 LS01        -0.07520 0.00020         0.34170 0.00010        -0.00550 0.00030 0.000000 0.000000 0.000000      2018.5629
 LS01        -0.07050 0.00020         0.34080 0.00010        -0.00420 0.00030 0.000000 0.000000 0.000000      2018.5657
 LS01        -0.07550 0.00020         0.34280 0.00010        -0.00060 0.00030 0.000000 0.000000 0.000000      2018.5684
 LS01        -0.07810 0.00020         0.33660 0.00010         0.00830 0.00030 0.000000 0.000000 0.000000      2018.5712
 LS01        -0.07690 0.00020         0.34200 0.00010        -0.01230 0.00030 0.000000 0.000000 0.000000      2018.5739
 LS01        -0.07700 0.00020         0.34080 0.00010        -0.00180 0.00030 0.000000 0.000000 0.000000      2018.5767
 LS01        -0.07750 0.00020         0.33940 0.00010        -0.00670 0.00020 0.000000 0.000000 0.000000      2018.5794
 LS01        -0.07660 0.00020         0.34050 0.00010        -0.00370 0.00020 0.000000 0.000000 0.000000      2018.5822
 LS01        -0.07510 0.00020         0.33920 0.00010         0.00290 0.00030 0.000000 0.000000 0.000000      2018.5849
 LS01        -0.07450 0.00020         0.33940 0.00010        -0.00520 0.00020 0.000000 0.000000 0.000000      2018.5876
 LS01        -0.07940 0.00020         0.34290 0.00010        -0.01370 0.00030 0.000000 0.000000 0.000000      2018.5904
 LS01        -0.07780 0.00020         0.34150 0.00010        -0.01020 0.00030 0.000000 0.000000 0.000000      2018.5931
 LS01        -0.07610 0.00020         0.34310 0.00010        -0.00620 0.00030 0.000000 0.000000 0.000000      2018.5959
 LS01        -0.07360 0.00020         0.34080 0.00010        -0.01750 0.00030 0.000000 0.000000 0.000000      2018.5986
 LS01        -0.07660 0.00020         0.34250 0.00010        -0.00610 0.00030 0.000000 0.000000 0.000000      2018.6014
 LS01        -0.07410 0.00020         0.33910 0.00010        -0.01840 0.00030 0.000000 0.000000 0.000000      2018.6041
 LS01        -0.07720 0.00020         0.34340 0.00010        -0.01890 0.00030 0.000000 0.000000 0.000000      2018.6069
 LS01        -0.07570 0.00020         0.34400 0.00010        -0.00700 0.00020 0.000000 0.000000 0.000000      2018.6096
 LS01        -0.07940 0.00020         0.34630 0.00010        -0.02250 0.00030 0.000000 0.000000 0.000000      2018.6122
 LS01        -0.07620 0.00020         0.34420 0.00010        -0.00460 0.00020 0.000000 0.000000 0.000000      2018.6151
 LS01        -0.07610 0.00020         0.34010 0.00010        -0.01440 0.00030 0.000000 0.000000 0.000000      2018.6177
 LS01        -0.07630 0.00020         0.34160 0.00010        -0.00910 0.00030 0.000000 0.000000 0.000000      2018.6205
 LS01        -0.07590 0.00020         0.34130 0.00010        -0.01660 0.00030 0.000000 0.000000 0.000000      2018.6232
 LS01        -0.07690 0.00020         0.34520 0.00010        -0.01560 0.00030 0.000000 0.000000 0.000000      2018.6260
 LS01        -0.07660 0.00020         0.34250 0.00010        -0.01170 0.00020 0.000000 0.000000 0.000000      2018.6287
 LS01        -0.07560 0.00020         0.34300 0.00010        -0.01800 0.00020 0.000000 0.000000 0.000000      2018.6315
 LS01        -0.07260 0.00020         0.34140 0.00010        -0.02150 0.00030 0.000000 0.000000 0.000000      2018.6342
 LS01        -0.07630 0.00020         0.34070 0.00010        -0.00460 0.00030 0.000000 0.000000 0.000000      2018.6369
 LS01        -0.07800 0.00020         0.34430 0.00010        -0.01050 0.00020 0.000000 0.000000 0.000000      2018.6397
 LS01        -0.07910 0.00025         0.34430 0.00015        -0.01236 0.00025 0.000000 0.000000 0.000000      2018.6424
 LS01        -0.07990 0.00030         0.34420 0.00020        -0.01320 0.00030 0.000000 0.000000 0.000000      2018.6452
 LS01        -0.07660 0.00020         0.34100 0.00010        -0.00850 0.00030 0.000000 0.000000 0.000000      2018.6479
 LS01        -0.07760 0.00020         0.34350 0.00010        -0.00620 0.00020 0.000000 0.000000 0.000000      2018.6507
 LS01        -0.07880 0.00020         0.34360 0.00010        -0.01920 0.00020 0.000000 0.000000 0.000000      2018.6534
 LS01        -0.07870 0.00020         0.34180 0.00010        -0.01410 0.00020 0.000000 0.000000 0.000000      2018.6562
 LS01        -0.07750 0.00020         0.34240 0.00010        -0.01020 0.00030 0.000000 0.000000 0.000000      2018.6589
 LS01        -0.07610 0.00020         0.34250 0.00010        -0.01700 0.00030 0.000000 0.000000 0.000000      2018.6616
 LS01        -0.07400 0.00020         0.34720 0.00010        -0.02330 0.00030 0.000000 0.000000 0.000000      2018.6644
 LS01        -0.07560 0.00020         0.33910 0.00010        -0.03150 0.00030 0.000000 0.000000 0.000000      2018.6671
 LS01        -0.07626 0.00020         0.34144 0.00010        -0.02226 0.00025 0.000000 0.000000 0.000000      2018.6699
 LS01        -0.07710 0.00020         0.34320 0.00010        -0.01640 0.00020 0.000000 0.000000 0.000000      2018.6726
 LS01        -0.07880 0.00020         0.34120 0.00010        -0.00760 0.00030 0.000000 0.000000 0.000000      2018.6754
 LS01        -0.08140 0.00020         0.34340 0.00010        -0.01800 0.00030 0.000000 0.000000 0.000000      2018.6780
 LS01        -0.07900 0.00020         0.34580 0.00010        -0.01120 0.00020 0.000000 0.000000 0.000000      2018.6809
 LS01        -0.07790 0.00020         0.34480 0.00010        -0.01870 0.00020 0.000000 0.000000 0.000000      2018.6835
 LS01        -0.07760 0.00020         0.34610 0.00010        -0.01470 0.00020 0.000000 0.000000 0.000000      2018.6862
 LS01        -0.07630 0.00020         0.34640 0.00010        -0.01920 0.00020 0.000000 0.000000 0.000000      2018.6890
 LS01        -0.07660 0.00020         0.34970 0.00010        -0.01990 0.00020 0.000000 0.000000 0.000000      2018.6917
 LS01        -0.07650 0.00020         0.34390 0.00010        -0.00890 0.00020 0.000000 0.000000 0.000000      2018.6945
 LS01        -0.07680 0.00020         0.34360 0.00010        -0.00970 0.00020 0.000000 0.000000 0.000000      2018.6972
 LS01        -0.07730 0.00020         0.34460 0.00010        -0.01280 0.00020 0.000000 0.000000 0.000000      2018.7000
 LS01        -0.07590 0.00020         0.34410 0.00010        -0.02180 0.00020 0.000000 0.000000 0.000000      2018.7027
 LS01        -0.07660 0.00020         0.34410 0.00010        -0.01770 0.00020 0.000000 0.000000 0.000000      2018.7055
 LS01        -0.07600 0.00020         0.34560 0.00010        -0.01460 0.00020 0.000000 0.000000 0.000000      2018.7082
 LS01        -0.07460 0.00020         0.34340 0.00010        -0.01160 0.00020 0.000000 0.000000 0.000000      2018.7109
 LS01        -0.07890 0.00020         0.34490 0.00010        -0.01370 0.00020 0.000000 0.000000 0.000000      2018.7137
 LS01        -0.07800 0.00020         0.34650 0.00010        -0.01580 0.00020 0.000000 0.000000 0.000000      2018.7164
 LS01        -0.07720 0.00020         0.34580 0.00010        -0.01510 0.00020 0.000000 0.000000 0.000000      2018.7192
 LS01        -0.07720 0.00020         0.34590 0.00010        -0.01380 0.00020 0.000000 0.000000 0.000000      2018.7219
 LS01        -0.07950 0.00020         0.34640 0.00010        -0.01980 0.00020 0.000000 0.000000 0.000000      2018.7247
 LS01        -0.07860 0.00020         0.34530 0.00010        -0.01940 0.00020 0.000000 0.000000 0.000000      2018.7274
 LS01        -0.07810 0.00020         0.34720 0.00010        -0.01430 0.00020 0.000000 0.000000 0.000000      2018.7302
 LS01        -0.07690 0.00020         0.34650 0.00010        -0.01760 0.00020 0.000000 0.000000 0.000000      2018.7329
 LS01        -0.07730 0.00020         0.34690 0.00010        -0.01780 0.00020 0.000000 0.000000 0.000000      2018.7355
 LS01        -0.07940 0.00020         0.34660 0.00010        -0.02450 0.00020 0.000000 0.000000 0.000000      2018.7383
 LS01        -0.07870 0.00020         0.34520 0.00010        -0.01930 0.00020 0.000000 0.000000 0.000000      2018.7410
 LS01        -0.07700 0.00020         0.34450 0.00010        -0.01970 0.00020 0.000000 0.000000 0.000000      2018.7438
 LS01        -0.07910 0.00020         0.34600 0.00010        -0.01350 0.00020 0.000000 0.000000 0.000000      2018.7465
 LS01        -0.07820 0.00020         0.34760 0.00010        -0.02030 0.00020 0.000000 0.000000 0.000000      2018.7493
 LS01        -0.07900 0.00020         0.34610 0.00010        -0.01820 0.00020 0.000000 0.000000 0.000000      2018.7520
 LS01        -0.07840 0.00020         0.34790 0.00010        -0.02050 0.00020 0.000000 0.000000 0.000000      2018.7547
 LS01        -0.07880 0.00020         0.34830 0.00010        -0.01710 0.00020 0.000000 0.000000 0.000000      2018.7575
 LS01        -0.07810 0.00020         0.34820 0.00010        -0.01550 0.00020 0.000000 0.000000 0.000000      2018.7602
 LS01        -0.07670 0.00020         0.34820 0.00010        -0.01590 0.00020 0.000000 0.000000 0.000000      2018.7630
 LS01        -0.07680 0.00020         0.34810 0.00010        -0.02080 0.00020 0.000000 0.000000 0.000000      2018.7657
 LS01        -0.07540 0.00020         0.34760 0.00010        -0.02650 0.00020 0.000000 0.000000 0.000000      2018.7685
 LS01        -0.07670 0.00020         0.34640 0.00010        -0.01680 0.00020 0.000000 0.000000 0.000000      2018.7712
 LS01        -0.07670 0.00020         0.34720 0.00010        -0.02040 0.00020 0.000000 0.000000 0.000000      2018.7740
 LS01        -0.07770 0.00020         0.34740 0.00010        -0.02030 0.00020 0.000000 0.000000 0.000000      2018.7767
 LS01        -0.07850 0.00020         0.34700 0.00010        -0.01680 0.00020 0.000000 0.000000 0.000000      2018.7794
 LS01        -0.07880 0.00020         0.34720 0.00010        -0.01580 0.00020 0.000000 0.000000 0.000000      2018.7822
 LS01        -0.07900 0.00020         0.34910 0.00010        -0.02300 0.00020 0.000000 0.000000 0.000000      2018.7849
 LS01        -0.07870 0.00020         0.35030 0.00010        -0.01930 0.00020 0.000000 0.000000 0.000000      2018.7877
 LS01        -0.08130 0.00020         0.34870 0.00010        -0.02320 0.00020 0.000000 0.000000 0.000000      2018.7903
 LS01        -0.08040 0.00020         0.35000 0.00010        -0.01260 0.00020 0.000000 0.000000 0.000000      2018.7932
 LS01        -0.08040 0.00020         0.35000 0.00010        -0.01670 0.00020 0.000000 0.000000 0.000000      2018.7958
 LS01        -0.07880 0.00020         0.34780 0.00010        -0.01200 0.00020 0.000000 0.000000 0.000000      2018.7986
 LS01        -0.07950 0.00020         0.34870 0.00010        -0.01240 0.00020 0.000000 0.000000 0.000000      2018.8013
 LS01        -0.07880 0.00020         0.34950 0.00010        -0.01940 0.00020 0.000000 0.000000 0.000000      2018.8040
 LS01        -0.07924 0.00020         0.34889 0.00010        -0.01744 0.00020 0.000000 0.000000 0.000000      2018.8068
 LS01        -0.08030 0.00020         0.34810 0.00010        -0.01550 0.00020 0.000000 0.000000 0.000000      2018.8095
 LS01        -0.08110 0.00020         0.34940 0.00010        -0.01520 0.00020 0.000000 0.000000 0.000000      2018.8123
 LS01        -0.08121 0.00020         0.34946 0.00010        -0.01461 0.00020 0.000000 0.000000 0.000000      2018.8151
 LS01        -0.08131 0.00020         0.34886 0.00010        -0.01962 0.00020 0.000000 0.000000 0.000000      2018.8178
 LS01        -0.08140 0.00020         0.34855 0.00010        -0.02112 0.00020 0.000000 0.000000 0.000000      2018.8205
 LS01        -0.08160 0.00020         0.34820 0.00010        -0.02460 0.00020 0.000000 0.000000 0.000000      2018.8233
 LS01        -0.08080 0.00020         0.34920 0.00010        -0.01660 0.00020 0.000000 0.000000 0.000000      2018.8260
 LS01        -0.08170 0.00020         0.34940 0.00010        -0.02280 0.00020 0.000000 0.000000 0.000000      2018.8287
 LS01        -0.08010 0.00020         0.34990 0.00010        -0.01750 0.00020 0.000000 0.000000 0.000000      2018.8315
 LS01        -0.08010 0.00020         0.34860 0.00010        -0.01350 0.00020 0.000000 0.000000 0.000000      2018.8342
 LS01        -0.08130 0.00020         0.35040 0.00010        -0.01510 0.00020 0.000000 0.000000 0.000000      2018.8370
 LS01        -0.08130 0.00020         0.34880 0.00010        -0.01320 0.00020 0.000000 0.000000 0.000000      2018.8397
 LS01        -0.08010 0.00020         0.34960 0.00010        -0.01510 0.00020 0.000000 0.000000 0.000000      2018.8425
 LS01        -0.08050 0.00020         0.35180 0.00010        -0.01730 0.00020 0.000000 0.000000 0.000000      2018.8452
 LS01        -0.08040 0.00020         0.35080 0.00010        -0.01780 0.00020 0.000000 0.000000 0.000000      2018.8480
 LS01        -0.08210 0.00020         0.35120 0.00010        -0.02300 0.00020 0.000000 0.000000 0.000000      2018.8507
 LS01        -0.08240 0.00020         0.35120 0.00010        -0.01340 0.00020 0.000000 0.000000 0.000000      2018.8533
 LS01        -0.08130 0.00020         0.35230 0.00010        -0.01300 0.00020 0.000000 0.000000 0.000000      2018.8561
 LS01        -0.08110 0.00020         0.35140 0.00010        -0.01810 0.00020 0.000000 0.000000 0.000000      2018.8588
 LS01        -0.08090 0.00020         0.35050 0.00010        -0.01390 0.00020 0.000000 0.000000 0.000000      2018.8616
 LS01        -0.08090 0.00020         0.35210 0.00010        -0.01070 0.00020 0.000000 0.000000 0.000000      2018.8643
 LS01        -0.08200 0.00020         0.35110 0.00010        -0.00870 0.00020 0.000000 0.000000 0.000000      2018.8671
 LS01        -0.08070 0.00020         0.35370 0.00010        -0.01010 0.00020 0.000000 0.000000 0.000000      2018.8698
 LS01        -0.08090 0.00020         0.35310 0.00010        -0.01550 0.00020 0.000000 0.000000 0.000000      2018.8726
 LS01        -0.08070 0.00020         0.35260 0.00010        -0.01710 0.00020 0.000000 0.000000 0.000000      2018.8753
 LS01        -0.08060 0.00020         0.35480 0.00010        -0.01560 0.00020 0.000000 0.000000 0.000000      2018.8780
 LS01        -0.08110 0.00020         0.35470 0.00010        -0.01320 0.00020 0.000000 0.000000 0.000000      2018.8808
 LS01        -0.08000 0.00020         0.35340 0.00010        -0.01370 0.00020 0.000000 0.000000 0.000000      2018.8835
 LS01        -0.08160 0.00020         0.35260 0.00010        -0.01750 0.00020 0.000000 0.000000 0.000000      2018.8863
 LS01        -0.08050 0.00020         0.35420 0.00010        -0.01300 0.00020 0.000000 0.000000 0.000000      2018.8890
 LS01        -0.08150 0.00020         0.35520 0.00010        -0.01620 0.00020 0.000000 0.000000 0.000000      2018.8918
 LS01        -0.08060 0.00020         0.35180 0.00010        -0.01590 0.00020 0.000000 0.000000 0.000000      2018.8945
 LS01        -0.08070 0.00020         0.35360 0.00010        -0.01920 0.00020 0.000000 0.000000 0.000000      2018.8973
 LS01        -0.08150 0.00020         0.35510 0.00010        -0.01640 0.00020 0.000000 0.000000 0.000000      2018.9000
 LS01        -0.08160 0.00020         0.35570 0.00010        -0.01240 0.00020 0.000000 0.000000 0.000000      2018.9027
 LS01        -0.08180 0.00020         0.35540 0.00010        -0.01730 0.00020 0.000000 0.000000 0.000000      2018.9055
 LS01        -0.08070 0.00020         0.35510 0.00010        -0.01600 0.00020 0.000000 0.000000 0.000000      2018.9081
 LS01        -0.08070 0.00020         0.35640 0.00010        -0.01310 0.00020 0.000000 0.000000 0.000000      2018.9110
 LS01        -0.08130 0.00020         0.35420 0.00010        -0.01540 0.00020 0.000000 0.000000 0.000000      2018.9136
 LS01        -0.08010 0.00020         0.35450 0.00010        -0.01150 0.00020 0.000000 0.000000 0.000000      2018.9164
 LS01        -0.07890 0.00020         0.35310 0.00010        -0.01420 0.00020 0.000000 0.000000 0.000000      2018.9191
 LS01        -0.07890 0.00020         0.35250 0.00010        -0.01790 0.00020 0.000000 0.000000 0.000000      2018.9219
 LS01        -0.07850 0.00020         0.35290 0.00010        -0.01550 0.00020 0.000000 0.000000 0.000000      2018.9246
 LS01        -0.07990 0.00020         0.35380 0.00010        -0.01480 0.00020 0.000000 0.000000 0.000000      2018.9273
 LS01        -0.07940 0.00020         0.35560 0.00010        -0.01230 0.00020 0.000000 0.000000 0.000000      2018.9301
 LS01        -0.07890 0.00020         0.35700 0.00010        -0.01530 0.00020 0.000000 0.000000 0.000000      2018.9328
 LS01        -0.07970 0.00020         0.35550 0.00010        -0.01540 0.00020 0.000000 0.000000 0.000000      2018.9356
 LS01        -0.07940 0.00020         0.35510 0.00010        -0.01870 0.00020 0.000000 0.000000 0.000000      2018.9383
 LS01        -0.07930 0.00020         0.35500 0.00010        -0.01940 0.00020 0.000000 0.000000 0.000000      2018.9411
 LS01        -0.07905 0.00020         0.35521 0.00010        -0.01865 0.00020 0.000000 0.000000 0.000000      2018.9439
 LS01        -0.07920 0.00020         0.35560 0.00010        -0.01730 0.00020 0.000000 0.000000 0.000000      2018.9466
 LS01        -0.08040 0.00020         0.35650 0.00010        -0.01550 0.00020 0.000000 0.000000 0.000000      2018.9493
 LS01        -0.07870 0.00020         0.35450 0.00010        -0.01610 0.00020 0.000000 0.000000 0.000000      2018.9520
 LS01        -0.07930 0.00020         0.35490 0.00010        -0.01210 0.00020 0.000000 0.000000 0.000000      2018.9548
 LS01        -0.07980 0.00020         0.35540 0.00010        -0.01700 0.00020 0.000000 0.000000 0.000000      2018.9575
 LS01        -0.07950 0.00020         0.35530 0.00010        -0.01260 0.00020 0.000000 0.000000 0.000000      2018.9603
 LS01        -0.08000 0.00020         0.35540 0.00010        -0.00400 0.00020 0.000000 0.000000 0.000000      2018.9630
 LS01        -0.08050 0.00020         0.35330 0.00010        -0.01350 0.00020 0.000000 0.000000 0.000000      2018.9658
 LS01        -0.08100 0.00020         0.35510 0.00010        -0.00800 0.00020 0.000000 0.000000 0.000000      2018.9684
 LS01        -0.08080 0.00020         0.35450 0.00010        -0.01370 0.00020 0.000000 0.000000 0.000000      2018.9713
 LS01        -0.07980 0.00020         0.35480 0.00010        -0.01320 0.00020 0.000000 0.000000 0.000000      2018.9739
 LS01        -0.07910 0.00020         0.35590 0.00010        -0.01090 0.00020 0.000000 0.000000 0.000000      2018.9766
 LS01        -0.07970 0.00020         0.35630 0.00010        -0.00570 0.00020 0.000000 0.000000 0.000000      2018.9794
 LS01        -0.07850 0.00020         0.35620 0.00010        -0.00860 0.00020 0.000000 0.000000 0.000000      2018.9821
 LS01        -0.07710 0.00020         0.35780 0.00010        -0.01440 0.00020 0.000000 0.000000 0.000000      2018.9849
 LS01        -0.07780 0.00020         0.35730 0.00010        -0.01850 0.00020 0.000000 0.000000 0.000000      2018.9876
 LS01        -0.07870 0.00020         0.35660 0.00010        -0.01880 0.00020 0.000000 0.000000 0.000000      2018.9904
 LS01        -0.08030 0.00020         0.35750 0.00010        -0.02060 0.00020 0.000000 0.000000 0.000000      2018.9931
 LS01        -0.07930 0.00020         0.35710 0.00010        -0.02250 0.00020 0.000000 0.000000 0.000000      2018.9959
 LS01        -0.07920 0.00020         0.35710 0.00010        -0.02290 0.00020 0.000000 0.000000 0.000000      2018.9986
 LS01        -0.07860 0.00020         0.35720 0.00010        -0.02420 0.00020 0.000000 0.000000 0.000000      2019.0013
 LS01        -0.08170 0.00020         0.35600 0.00010        -0.02120 0.00020 0.000000 0.000000 0.000000      2019.0041
 LS01        -0.08070 0.00020         0.35670 0.00010        -0.01660 0.00020 0.000000 0.000000 0.000000      2019.0068
 LS01        -0.08010 0.00020         0.35650 0.00010        -0.01740 0.00020 0.000000 0.000000 0.000000      2019.0096
 LS01        -0.08060 0.00020         0.35610 0.00010        -0.01140 0.00020 0.000000 0.000000 0.000000      2019.0123
 LS01        -0.08180 0.00020         0.35690 0.00010        -0.01780 0.00020 0.000000 0.000000 0.000000      2019.0151
 LS01        -0.08040 0.00020         0.35690 0.00010        -0.01480 0.00020 0.000000 0.000000 0.000000      2019.0178
 LS01        -0.08010 0.00020         0.35730 0.00010        -0.00990 0.00020 0.000000 0.000000 0.000000      2019.0206
 LS01        -0.08240 0.00020         0.35780 0.00010        -0.00990 0.00020 0.000000 0.000000 0.000000      2019.0233
 LS01        -0.08270 0.00020         0.35690 0.00010        -0.01350 0.00020 0.000000 0.000000 0.000000      2019.0259
 LS01        -0.08170 0.00020         0.35750 0.00010        -0.00750 0.00020 0.000000 0.000000 0.000000      2019.0288
 LS01        -0.08130 0.00020         0.35660 0.00010        -0.01160 0.00020 0.000000 0.000000 0.000000      2019.0314
 LS01        -0.08100 0.00020         0.35660 0.00010        -0.01030 0.00020 0.000000 0.000000 0.000000      2019.0342
 LS01        -0.08230 0.00020         0.35670 0.00010        -0.00820 0.00020 0.000000 0.000000 0.000000      2019.0369
 LS01        -0.08220 0.00020         0.35500 0.00010        -0.01250 0.00020 0.000000 0.000000 0.000000      2019.0397
 LS01        -0.08120 0.00020         0.35910 0.00010        -0.01360 0.00020 0.000000 0.000000 0.000000      2019.0424
 LS01        -0.08180 0.00020         0.35950 0.00010        -0.01010 0.00020 0.000000 0.000000 0.000000      2019.0452
 LS01        -0.08020 0.00020         0.35600 0.00010        -0.01260 0.00020 0.000000 0.000000 0.000000      2019.0479
 LS01        -0.08040 0.00020         0.35740 0.00010        -0.01240 0.00020 0.000000 0.000000 0.000000      2019.0506
 LS01        -0.08090 0.00020         0.35810 0.00010        -0.01000 0.00020 0.000000 0.000000 0.000000      2019.0534
 LS01        -0.08100 0.00020         0.35970 0.00010        -0.01150 0.00020 0.000000 0.000000 0.000000      2019.0561
 LS01        -0.07950 0.00020         0.35790 0.00010        -0.00760 0.00020 0.000000 0.000000 0.000000      2019.0589
 LS01        -0.08120 0.00020         0.35990 0.00010        -0.00730 0.00020 0.000000 0.000000 0.000000      2019.0616
 LS01        -0.07860 0.00020         0.35910 0.00010        -0.01140 0.00020 0.000000 0.000000 0.000000      2019.0644
 LS01        -0.07890 0.00020         0.35680 0.00010        -0.01210 0.00020 0.000000 0.000000 0.000000      2019.0671
 LS01        -0.07980 0.00020         0.35840 0.00010        -0.00950 0.00020 0.000000 0.000000 0.000000      2019.0699
 LS01        -0.07950 0.00020         0.35600 0.00010        -0.01290 0.00020 0.000000 0.000000 0.000000      2019.0726
 LS01        -0.07950 0.00020         0.35750 0.00010        -0.01000 0.00020 0.000000 0.000000 0.000000      2019.0753
 LS01        -0.07950 0.00020         0.35790 0.00010        -0.01060 0.00020 0.000000 0.000000 0.000000      2019.0781
 LS01        -0.07960 0.00020         0.35800 0.00010        -0.01290 0.00020 0.000000 0.000000 0.000000      2019.0808
 LS01        -0.08040 0.00020         0.35780 0.00010        -0.00960 0.00020 0.000000 0.000000 0.000000      2019.0836
 LS01        -0.08040 0.00020         0.35770 0.00010        -0.00560 0.00020 0.000000 0.000000 0.000000      2019.0862
 LS01        -0.08010 0.00020         0.35740 0.00010        -0.00950 0.00020 0.000000 0.000000 0.000000      2019.0891
 LS01        -0.07990 0.00020         0.35820 0.00010        -0.00800 0.00020 0.000000 0.000000 0.000000      2019.0917
 LS01        -0.07810 0.00020         0.35980 0.00010        -0.00710 0.00020 0.000000 0.000000 0.000000      2019.0945
 LS01        -0.07840 0.00020         0.35830 0.00010        -0.00330 0.00020 0.000000 0.000000 0.000000      2019.0972
 LS01        -0.07820 0.00020         0.35910 0.00010        -0.00450 0.00020 0.000000 0.000000 0.000000      2019.0999
 LS01        -0.07790 0.00020         0.35770 0.00010        -0.00250 0.00020 0.000000 0.000000 0.000000      2019.1027
 LS01        -0.07780 0.00020         0.35900 0.00010        -0.01000 0.00020 0.000000 0.000000 0.000000      2019.1054
 LS01        -0.07900 0.00020         0.35840 0.00010        -0.00920 0.00020 0.000000 0.000000 0.000000      2019.1082
 LS01        -0.08020 0.00020         0.35940 0.00010        -0.00980 0.00020 0.000000 0.000000 0.000000      2019.1109
 LS01        -0.07990 0.00020         0.35870 0.00010        -0.00980 0.00020 0.000000 0.000000 0.000000      2019.1137
 LS01        -0.08000 0.00020         0.35920 0.00010        -0.01300 0.00020 0.000000 0.000000 0.000000      2019.1164
 LS01        -0.08030 0.00020         0.35710 0.00010        -0.01320 0.00020 0.000000 0.000000 0.000000      2019.1192
 LS01        -0.07940 0.00020         0.35840 0.00010        -0.01360 0.00020 0.000000 0.000000 0.000000      2019.1219
 LS01        -0.07880 0.00020         0.35750 0.00010        -0.01100 0.00020 0.000000 0.000000 0.000000      2019.1246
 LS01        -0.07960 0.00020         0.35880 0.00010        -0.00960 0.00020 0.000000 0.000000 0.000000      2019.1274
 LS01        -0.07970 0.00020         0.36100 0.00010        -0.00710 0.00020 0.000000 0.000000 0.000000      2019.1301
 LS01        -0.08270 0.00020         0.36070 0.00010        -0.00820 0.00030 0.000000 0.000000 0.000000      2019.1329
 LS01        -0.08130 0.00020         0.36040 0.00010        -0.00740 0.00020 0.000000 0.000000 0.000000      2019.1356
 LS01        -0.07970 0.00020         0.36200 0.00010        -0.01130 0.00020 0.000000 0.000000 0.000000      2019.1384
 LS01        -0.07890 0.00020         0.36050 0.00010        -0.01240 0.00020 0.000000 0.000000 0.000000      2019.1411
 LS01        -0.07990 0.00020         0.35940 0.00010        -0.01410 0.00020 0.000000 0.000000 0.000000      2019.1439
 LS01        -0.08010 0.00020         0.35870 0.00010        -0.01373 0.00020 0.000000 0.000000 0.000000      2019.1465
 LS01        -0.08050 0.00020         0.35780 0.00010        -0.01310 0.00020 0.000000 0.000000 0.000000      2019.1492
 LS01        -0.08160 0.00020         0.36000 0.00010        -0.00700 0.00020 0.000000 0.000000 0.000000      2019.1520
 LS01        -0.08120 0.00020         0.36020 0.00010        -0.01010 0.00020 0.000000 0.000000 0.000000      2019.1547
 LS01        -0.08160 0.00020         0.36210 0.00010        -0.00920 0.00020 0.000000 0.000000 0.000000      2019.1575
 LS01        -0.08350 0.00020         0.35960 0.00010        -0.00690 0.00020 0.000000 0.000000 0.000000      2019.1602
 LS01        -0.08210 0.00020         0.35870 0.00010        -0.00730 0.00020 0.000000 0.000000 0.000000      2019.1630
 LS01        -0.08200 0.00020         0.36140 0.00010        -0.00500 0.00020 0.000000 0.000000 0.000000      2019.1657
 LS01        -0.08080 0.00020         0.36080 0.00010        -0.00440 0.00020 0.000000 0.000000 0.000000      2019.1685
 LS01        -0.08030 0.00020         0.36110 0.00010        -0.00800 0.00020 0.000000 0.000000 0.000000      2019.1712
 LS01        -0.08010 0.00020         0.36170 0.00010        -0.01040 0.00020 0.000000 0.000000 0.000000      2019.1739
 LS01        -0.07950 0.00020         0.36110 0.00010        -0.00600 0.00020 0.000000 0.000000 0.000000      2019.1767
 LS01        -0.07970 0.00020         0.35990 0.00010        -0.01050 0.00020 0.000000 0.000000 0.000000      2019.1794
 LS01        -0.08090 0.00020         0.35920 0.00010        -0.00990 0.00020 0.000000 0.000000 0.000000      2019.1822
 LS01        -0.08017 0.00020         0.36064 0.00010        -0.00990 0.00020 0.000000 0.000000 0.000000      2019.1849
 LS01        -0.07960 0.00020         0.36150 0.00010        -0.00990 0.00020 0.000000 0.000000 0.000000      2019.1877
 LS01        -0.08027 0.00020         0.36108 0.00010        -0.00710 0.00020 0.000000 0.000000 0.000000      2019.1905
 LS01        -0.08100 0.00020         0.35910 0.00010        -0.00560 0.00020 0.000000 0.000000 0.000000      2019.1932
 LS01        -0.08020 0.00020         0.35820 0.00010        -0.01110 0.00020 0.000000 0.000000 0.000000      2019.1959
 LS01        -0.07880 0.00020         0.35950 0.00010        -0.01380 0.00020 0.000000 0.000000 0.000000      2019.1986
 LS01        -0.07980 0.00020         0.36050 0.00010        -0.01050 0.00020 0.000000 0.000000 0.000000      2019.2014
 LS01        -0.07940 0.00020         0.36044 0.00010        -0.00807 0.00020 0.000000 0.000000 0.000000      2019.2041
 LS01        -0.07853 0.00020         0.36005 0.00010        -0.00628 0.00020 0.000000 0.000000 0.000000      2019.2069
 LS01        -0.07793 0.00020         0.35944 0.00010        -0.00468 0.00020 0.000000 0.000000 0.000000      2019.2096
 LS01        -0.07760 0.00020         0.35910 0.00010        -0.00540 0.00020 0.000000 0.000000 0.000000      2019.2123
 LS01        -0.07758 0.00020         0.35919 0.00010        -0.00508 0.00020 0.000000 0.000000 0.000000      2019.2150
 LS01        -0.07806 0.00020         0.35938 0.00010        -0.00530 0.00020 0.000000 0.000000 0.000000      2019.2178
 LS01        -0.07849 0.00020         0.35951 0.00010        -0.00556 0.00020 0.000000 0.000000 0.000000      2019.2205
 LS01        -0.07898 0.00020         0.35976 0.00010        -0.00645 0.00020 0.000000 0.000000 0.000000      2019.2233
 LS01        -0.07935 0.00020         0.35993 0.00010        -0.00673 0.00020 0.000000 0.000000 0.000000      2019.2260
 LS01        -0.07978 0.00020         0.36002 0.00010        -0.00734 0.00020 0.000000 0.000000 0.000000      2019.2288
 LS01        -0.08000 0.00020         0.35990 0.00010        -0.00770 0.00020 0.000000 0.000000 0.000000      2019.2315
 LS01        -0.07830 0.00020         0.35960 0.00010        -0.00800 0.00020 0.000000 0.000000 0.000000      2019.2342
 LS01        -0.07930 0.00020         0.35830 0.00010        -0.00040 0.00020 0.000000 0.000000 0.000000      2019.2370
 LS01        -0.07940 0.00020         0.36180 0.00010        -0.00310 0.00020 0.000000 0.000000 0.000000      2019.2397
