 LS03        -0.09990 0.00030         0.42710 0.00020         0.05210 0.00040 0.000000 0.000000 0.000000      2018.2397
 LS03        -0.09930 0.00030         0.42850 0.00010         0.05340 0.00030 0.000000 0.000000 0.000000      2018.2425
 LS03        -0.09910 0.00030         0.42750 0.00010         0.04940 0.00030 0.000000 0.000000 0.000000      2018.2452
 LS03        -0.09930 0.00030         0.42520 0.00010         0.05810 0.00030 0.000000 0.000000 0.000000      2018.2479
 LS03        -0.10140 0.00030         0.42510 0.00010         0.06350 0.00030 0.000000 0.000000 0.000000      2018.2507
 LS03        -0.09910 0.00030         0.42850 0.00010         0.06860 0.00040 0.000000 0.000000 0.000000      2018.2534
 LS03        -0.10070 0.00030         0.42780 0.00010         0.06350 0.00040 0.000000 0.000000 0.000000      2018.2562
 LS03        -0.09810 0.00030         0.42580 0.00010         0.04360 0.00030 0.000000 0.000000 0.000000      2018.2589
 LS03        -0.09900 0.00030         0.42830 0.00010         0.05140 0.00030 0.000000 0.000000 0.000000      2018.2617
 LS03        -0.09990 0.00030         0.42750 0.00010         0.05780 0.00030 0.000000 0.000000 0.000000      2018.2643
 LS03        -0.10090 0.00030         0.42710 0.00010         0.05720 0.00030 0.000000 0.000000 0.000000      2018.2670
 LS03        -0.10270 0.00030         0.42900 0.00020         0.06420 0.00040 0.000000 0.000000 0.000000      2018.2698
 LS03        -0.09880 0.00030         0.43000 0.00010         0.05590 0.00040 0.000000 0.000000 0.000000      2018.2725
 LS03        -0.10060 0.00030         0.42940 0.00010         0.07050 0.00030 0.000000 0.000000 0.000000      2018.2753
 LS03        -0.10090 0.00030         0.43130 0.00020         0.06190 0.00040 0.000000 0.000000 0.000000      2018.2780
 LS03        -0.09860 0.00030         0.42810 0.00020         0.07380 0.00040 0.000000 0.000000 0.000000      2018.2808
 LS03        -0.10060 0.00020         0.42880 0.00010         0.05290 0.00030 0.000000 0.000000 0.000000      2018.2835
 LS03        -0.09730 0.00030         0.42650 0.00010         0.05060 0.00030 0.000000 0.000000 0.000000      2018.2863
 LS03        -0.10210 0.00030         0.42980 0.00020         0.05940 0.00040 0.000000 0.000000 0.000000      2018.2890
 LS03        -0.10410 0.00030         0.42810 0.00020         0.05430 0.00040 0.000000 0.000000 0.000000      2018.2917
 LS03        -0.09930 0.00030         0.42880 0.00020         0.05590 0.00040 0.000000 0.000000 0.000000      2018.2945
 LS03        -0.09810 0.00030         0.42610 0.00020         0.05050 0.00040 0.000000 0.000000 0.000000      2018.2972
 LS03        -0.09880 0.00030         0.42930 0.00020         0.06490 0.00040 0.000000 0.000000 0.000000      2018.3000
 LS03        -0.10180 0.00030         0.43110 0.00020         0.05690 0.00040 0.000000 0.000000 0.000000      2018.3027
 LS03        -0.10060 0.00030         0.43270 0.00020         0.05630 0.00040 0.000000 0.000000 0.000000      2018.3055
 LS03        -0.09940 0.00030         0.43210 0.00020         0.05790 0.00030 0.000000 0.000000 0.000000      2018.3082
 LS03        -0.09950 0.00030         0.43130 0.00010         0.05430 0.00030 0.000000 0.000000 0.000000      2018.3110
 LS03        -0.10160 0.00030         0.43200 0.00010         0.05320 0.00030 0.000000 0.000000 0.000000      2018.3137
 LS03        -0.10020 0.00030         0.43000 0.00010         0.05020 0.00030 0.000000 0.000000 0.000000      2018.3163
 LS03        -0.10040 0.00030         0.43010 0.00010         0.05490 0.00030 0.000000 0.000000 0.000000      2018.3192
 LS03        -0.10000 0.00030         0.42820 0.00010         0.05280 0.00030 0.000000 0.000000 0.000000      2018.3218
 LS03        -0.09960 0.00030         0.42870 0.00020         0.05710 0.00040 0.000000 0.000000 0.000000      2018.3246
 LS03        -0.10180 0.00030         0.43080 0.00010         0.05890 0.00040 0.000000 0.000000 0.000000      2018.3273
 LS03        -0.09990 0.00030         0.42800 0.00010         0.05280 0.00030 0.000000 0.000000 0.000000      2018.3301
 LS03        -0.09980 0.00030         0.43010 0.00010         0.04830 0.00030 0.000000 0.000000 0.000000      2018.3328
 LS03        -0.09890 0.00030         0.43020 0.00010         0.05110 0.00030 0.000000 0.000000 0.000000      2018.3356
 LS03        -0.10200 0.00030         0.43010 0.00020         0.05880 0.00040 0.000000 0.000000 0.000000      2018.3383
 LS03        -0.09980 0.00030         0.42920 0.00020         0.05210 0.00040 0.000000 0.000000 0.000000      2018.3410
 LS03        -0.09950 0.00030         0.42860 0.00020         0.05260 0.00040 0.000000 0.000000 0.000000      2018.3438
 LS03        -0.09930 0.00030         0.43000 0.00020         0.04710 0.00040 0.000000 0.000000 0.000000      2018.3465
 LS03        -0.09760 0.00030         0.43010 0.00020         0.05160 0.00040 0.000000 0.000000 0.000000      2018.3493
 LS03        -0.09910 0.00030         0.43320 0.00010         0.05740 0.00030 0.000000 0.000000 0.000000      2018.3520
 LS03        -0.09980 0.00030         0.42980 0.00020         0.05310 0.00040 0.000000 0.000000 0.000000      2018.3548
 LS03        -0.09880 0.00030         0.43130 0.00020         0.04860 0.00030 0.000000 0.000000 0.000000      2018.3575
 LS03        -0.09960 0.00030         0.43160 0.00010         0.06000 0.00040 0.000000 0.000000 0.000000      2018.3603
 LS03        -0.10000 0.00030         0.42910 0.00020         0.05070 0.00040 0.000000 0.000000 0.000000      2018.3630
 LS03        -0.09970 0.00030         0.42970 0.00020         0.05790 0.00040 0.000000 0.000000 0.000000      2018.3657
 LS03        -0.10050 0.00030         0.42860 0.00020         0.05850 0.00040 0.000000 0.000000 0.000000      2018.3685
 LS03        -0.10100 0.00030         0.42810 0.00020         0.05780 0.00040 0.000000 0.000000 0.000000      2018.3712
 LS03        -0.09890 0.00030         0.43360 0.00020         0.05350 0.00040 0.000000 0.000000 0.000000      2018.3740
 LS03        -0.09790 0.00030         0.43260 0.00020         0.06010 0.00040 0.000000 0.000000 0.000000      2018.3767
 LS03        -0.09890 0.00030         0.43170 0.00020         0.05210 0.00040 0.000000 0.000000 0.000000      2018.3795
 LS03        -0.09838 0.00030         0.43224 0.00020         0.05319 0.00040 0.000000 0.000000 0.000000      2018.3823
 LS03        -0.09800 0.00030         0.43300 0.00020         0.05400 0.00040 0.000000 0.000000 0.000000      2018.3850
 LS03        -0.09810 0.00030         0.43550 0.00010         0.04820 0.00030 0.000000 0.000000 0.000000      2018.3876
 LS03        -0.10080 0.00030         0.43360 0.00020         0.04990 0.00040 0.000000 0.000000 0.000000      2018.3903
 LS03        -0.09740 0.00030         0.43420 0.00020         0.04090 0.00040 0.000000 0.000000 0.000000      2018.3931
 LS03        -0.09800 0.00030         0.43570 0.00020         0.05170 0.00040 0.000000 0.000000 0.000000      2018.3958
 LS03        -0.09830 0.00030         0.43480 0.00020         0.04610 0.00040 0.000000 0.000000 0.000000      2018.3986
 LS03        -0.09890 0.00030         0.43420 0.00010         0.05390 0.00030 0.000000 0.000000 0.000000      2018.4013
 LS03        -0.09860 0.00030         0.43420 0.00010         0.05790 0.00030 0.000000 0.000000 0.000000      2018.4041
 LS03        -0.09960 0.00030         0.43630 0.00010         0.05630 0.00030 0.000000 0.000000 0.000000      2018.4068
 LS03        -0.10300 0.00030         0.43510 0.00010         0.05310 0.00030 0.000000 0.000000 0.000000      2018.4096
 LS03        -0.10130 0.00030         0.43560 0.00020         0.06020 0.00040 0.000000 0.000000 0.000000      2018.4123
 LS03        -0.10280 0.00030         0.43670 0.00020         0.04690 0.00040 0.000000 0.000000 0.000000      2018.4150
 LS03        -0.09950 0.00030         0.43640 0.00010         0.05320 0.00030 0.000000 0.000000 0.000000      2018.4178
 LS03        -0.10080 0.00030         0.43560 0.00010         0.05410 0.00030 0.000000 0.000000 0.000000      2018.4205
 LS03        -0.10040 0.00030         0.43510 0.00010         0.05300 0.00030 0.000000 0.000000 0.000000      2018.4233
 LS03        -0.10070 0.00030         0.43650 0.00020         0.04890 0.00040 0.000000 0.000000 0.000000      2018.4260
 LS03        -0.09840 0.00030         0.43360 0.00020         0.03520 0.00040 0.000000 0.000000 0.000000      2018.4288
 LS03        -0.09760 0.00030         0.43640 0.00020         0.05660 0.00040 0.000000 0.000000 0.000000      2018.4315
 LS03        -0.09900 0.00030         0.43500 0.00020         0.04550 0.00030 0.000000 0.000000 0.000000      2018.4343
 LS03        -0.10090 0.00030         0.43730 0.00020         0.05100 0.00040 0.000000 0.000000 0.000000      2018.4370
 LS03        -0.10140 0.00030         0.43930 0.00020         0.04770 0.00040 0.000000 0.000000 0.000000      2018.4396
 LS03        -0.10230 0.00030         0.43520 0.00020         0.05800 0.00030 0.000000 0.000000 0.000000      2018.4424
 LS03        -0.10200 0.00030         0.43710 0.00020         0.05850 0.00030 0.000000 0.000000 0.000000      2018.4451
 LS03        -0.10220 0.00030         0.43510 0.00010         0.05810 0.00030 0.000000 0.000000 0.000000      2018.4479
 LS03        -0.10060 0.00020         0.43560 0.00010         0.05400 0.00030 0.000000 0.000000 0.000000      2018.4506
 LS03        -0.10090 0.00030         0.43830 0.00010         0.05820 0.00030 0.000000 0.000000 0.000000      2018.4534
 LS03        -0.10450 0.00030         0.43840 0.00020         0.05940 0.00040 0.000000 0.000000 0.000000      2018.4561
 LS03        -0.10130 0.00030         0.43650 0.00020         0.06460 0.00040 0.000000 0.000000 0.000000      2018.4589
 LS03        -0.10560 0.00030         0.43680 0.00020         0.06340 0.00040 0.000000 0.000000 0.000000      2018.4616
 LS03        -0.10130 0.00030         0.43810 0.00020         0.05280 0.00040 0.000000 0.000000 0.000000      2018.4643
 LS03        -0.10170 0.00030         0.43690 0.00020         0.05300 0.00040 0.000000 0.000000 0.000000      2018.4671
 LS03        -0.10200 0.00030         0.43750 0.00020         0.05180 0.00040 0.000000 0.000000 0.000000      2018.4698
 LS03        -0.10110 0.00030         0.43630 0.00020         0.04980 0.00040 0.000000 0.000000 0.000000      2018.4726
 LS03        -0.10180 0.00030         0.43590 0.00020         0.05320 0.00040 0.000000 0.000000 0.000000      2018.4753
 LS03        -0.10240 0.00030         0.43700 0.00020         0.05880 0.00040 0.000000 0.000000 0.000000      2018.4781
 LS03        -0.10040 0.00030         0.43640 0.00020         0.05200 0.00040 0.000000 0.000000 0.000000      2018.4808
 LS03        -0.09980 0.00030         0.43570 0.00020         0.05440 0.00040 0.000000 0.000000 0.000000      2018.4836
 LS03        -0.10100 0.00030         0.43830 0.00020         0.05470 0.00040 0.000000 0.000000 0.000000      2018.4863
 LS03        -0.10330 0.00030         0.43700 0.00020         0.05710 0.00040 0.000000 0.000000 0.000000      2018.4890
 LS03        -0.10280 0.00030         0.43840 0.00020         0.05520 0.00040 0.000000 0.000000 0.000000      2018.4918
 LS03        -0.10090 0.00030         0.43690 0.00020         0.05050 0.00040 0.000000 0.000000 0.000000      2018.4944
 LS03        -0.10390 0.00030         0.43910 0.00020         0.05550 0.00040 0.000000 0.000000 0.000000      2018.4973
 LS03        -0.10300 0.00030         0.43860 0.00020         0.05520 0.00040 0.000000 0.000000 0.000000      2018.4999
 LS03        -0.10210 0.00030         0.43950 0.00020         0.05040 0.00040 0.000000 0.000000 0.000000      2018.5028
 LS03        -0.10340 0.00030         0.44080 0.00020         0.05970 0.00040 0.000000 0.000000 0.000000      2018.5054
 LS03        -0.09880 0.00030         0.43740 0.00020         0.05620 0.00040 0.000000 0.000000 0.000000      2018.5082
 LS03        -0.10160 0.00030         0.43760 0.00020         0.05760 0.00040 0.000000 0.000000 0.000000      2018.5109
 LS03        -0.09770 0.00030         0.43870 0.00020         0.04970 0.00040 0.000000 0.000000 0.000000      2018.5136
 LS03        -0.10040 0.00030         0.43670 0.00020         0.04930 0.00040 0.000000 0.000000 0.000000      2018.5164
 LS03        -0.10200 0.00030         0.43950 0.00020         0.05120 0.00040 0.000000 0.000000 0.000000      2018.5191
 LS03        -0.10060 0.00030         0.44030 0.00020         0.04820 0.00040 0.000000 0.000000 0.000000      2018.5219
 LS03        -0.10310 0.00030         0.44040 0.00020         0.05100 0.00040 0.000000 0.000000 0.000000      2018.5246
 LS03        -0.10190 0.00030         0.43970 0.00020         0.04470 0.00040 0.000000 0.000000 0.000000      2018.5274
 LS03        -0.10100 0.00030         0.44110 0.00020         0.04260 0.00040 0.000000 0.000000 0.000000      2018.5301
 LS03        -0.10360 0.00030         0.44100 0.00020         0.05380 0.00040 0.000000 0.000000 0.000000      2018.5329
 LS03        -0.10400 0.00030         0.44240 0.00020         0.05680 0.00040 0.000000 0.000000 0.000000      2018.5356
 LS03        -0.10350 0.00030         0.44390 0.00020         0.05190 0.00030 0.000000 0.000000 0.000000      2018.5383
 LS03        -0.10530 0.00030         0.44000 0.00020         0.05640 0.00040 0.000000 0.000000 0.000000      2018.5411
 LS03        -0.10160 0.00030         0.44140 0.00020         0.05420 0.00040 0.000000 0.000000 0.000000      2018.5438
 LS03        -0.10170 0.00030         0.44110 0.00020         0.04790 0.00040 0.000000 0.000000 0.000000      2018.5466
 LS03        -0.10040 0.00030         0.43840 0.00020         0.03590 0.00040 0.000000 0.000000 0.000000      2018.5493
 LS03        -0.10160 0.00030         0.44020 0.00020         0.04080 0.00040 0.000000 0.000000 0.000000      2018.5521
 LS03        -0.10420 0.00030         0.43950 0.00020         0.06180 0.00040 0.000000 0.000000 0.000000      2018.5548
 LS03        -0.10440 0.00030         0.43790 0.00020         0.06330 0.00040 0.000000 0.000000 0.000000      2018.5576
 LS03        -0.10160 0.00030         0.44280 0.00020         0.04450 0.00040 0.000000 0.000000 0.000000      2018.5602
 LS03        -0.10170 0.00030         0.43940 0.00020         0.03870 0.00040 0.000000 0.000000 0.000000      2018.5629
 LS03        -0.10350 0.00030         0.44000 0.00020         0.05090 0.00040 0.000000 0.000000 0.000000      2018.5657
 LS03        -0.10310 0.00030         0.44250 0.00020         0.05850 0.00040 0.000000 0.000000 0.000000      2018.5684
 LS03        -0.10300 0.00030         0.44070 0.00020         0.06650 0.00040 0.000000 0.000000 0.000000      2018.5712
 LS03        -0.10310 0.00030         0.44250 0.00020         0.05310 0.00040 0.000000 0.000000 0.000000      2018.5739
 LS03        -0.10680 0.00030         0.44160 0.00020         0.05350 0.00040 0.000000 0.000000 0.000000      2018.5767
 LS03        -0.10360 0.00030         0.44220 0.00020         0.05280 0.00040 0.000000 0.000000 0.000000      2018.5794
 LS03        -0.10380 0.00030         0.44150 0.00020         0.05260 0.00040 0.000000 0.000000 0.000000      2018.5822
 LS03        -0.10230 0.00030         0.44060 0.00020         0.04920 0.00040 0.000000 0.000000 0.000000      2018.5849
 LS03        -0.10400 0.00030         0.44350 0.00020         0.05720 0.00040 0.000000 0.000000 0.000000      2018.5876
 LS03        -0.10520 0.00030         0.44160 0.00020         0.04820 0.00040 0.000000 0.000000 0.000000      2018.5904
 LS03        -0.10520 0.00030         0.44400 0.00020         0.04970 0.00040 0.000000 0.000000 0.000000      2018.5931
 LS03        -0.10150 0.00030         0.44070 0.00020         0.04290 0.00040 0.000000 0.000000 0.000000      2018.5959
 LS03        -0.10590 0.00030         0.44550 0.00020         0.05700 0.00040 0.000000 0.000000 0.000000      2018.5986
 LS03        -0.10320 0.00030         0.44310 0.00020         0.04900 0.00040 0.000000 0.000000 0.000000      2018.6014
 LS03        -0.10180 0.00030         0.44390 0.00020         0.04600 0.00040 0.000000 0.000000 0.000000      2018.6041
 LS03        -0.10760 0.00030         0.44540 0.00020         0.05860 0.00040 0.000000 0.000000 0.000000      2018.6069
 LS03        -0.10610 0.00030         0.44340 0.00020         0.05230 0.00040 0.000000 0.000000 0.000000      2018.6096
 LS03        -0.10270 0.00030         0.44630 0.00020         0.05010 0.00040 0.000000 0.000000 0.000000      2018.6122
 LS03        -0.10510 0.00030         0.44430 0.00020         0.04970 0.00040 0.000000 0.000000 0.000000      2018.6151
 LS03        -0.10550 0.00030         0.44360 0.00020         0.05150 0.00040 0.000000 0.000000 0.000000      2018.6177
 LS03        -0.10270 0.00030         0.44450 0.00020         0.03330 0.00040 0.000000 0.000000 0.000000      2018.6205
 LS03        -0.10570 0.00030         0.44340 0.00020         0.05060 0.00040 0.000000 0.000000 0.000000      2018.6232
 LS03        -0.10730 0.00030         0.44570 0.00020         0.05130 0.00040 0.000000 0.000000 0.000000      2018.6260
 LS03        -0.10610 0.00030         0.44420 0.00020         0.05800 0.00040 0.000000 0.000000 0.000000      2018.6287
 LS03        -0.10390 0.00030         0.44430 0.00020         0.05770 0.00040 0.000000 0.000000 0.000000      2018.6315
 LS03        -0.10560 0.00030         0.44120 0.00020         0.05110 0.00040 0.000000 0.000000 0.000000      2018.6342
 LS03        -0.10510 0.00030         0.44240 0.00020         0.05190 0.00040 0.000000 0.000000 0.000000      2018.6369
 LS03        -0.10620 0.00030         0.44660 0.00020         0.03850 0.00040 0.000000 0.000000 0.000000      2018.6397
 LS03        -0.10810 0.00030         0.44420 0.00020         0.05250 0.00040 0.000000 0.000000 0.000000      2018.6424
 LS03        -0.10870 0.00030         0.44770 0.00020         0.05440 0.00040 0.000000 0.000000 0.000000      2018.6452
 LS03        -0.10620 0.00030         0.44230 0.00020         0.06120 0.00040 0.000000 0.000000 0.000000      2018.6479
 LS03        -0.10560 0.00030         0.44360 0.00020         0.05480 0.00040 0.000000 0.000000 0.000000      2018.6507
 LS03        -0.10650 0.00030         0.44420 0.00020         0.04790 0.00040 0.000000 0.000000 0.000000      2018.6534
 LS03        -0.10650 0.00030         0.44440 0.00020         0.04830 0.00040 0.000000 0.000000 0.000000      2018.6562
 LS03        -0.10540 0.00030         0.44580 0.00020         0.05550 0.00040 0.000000 0.000000 0.000000      2018.6589
 LS03        -0.10630 0.00030         0.44340 0.00020         0.05170 0.00040 0.000000 0.000000 0.000000      2018.6616
 LS03        -0.10530 0.00030         0.44700 0.00020         0.05640 0.00040 0.000000 0.000000 0.000000      2018.6644
 LS03        -0.10370 0.00030         0.44570 0.00020         0.04670 0.00040 0.000000 0.000000 0.000000      2018.6671
 LS03        -0.10510 0.00030         0.44610 0.00020         0.05800 0.00040 0.000000 0.000000 0.000000      2018.6699
 LS03        -0.10790 0.00030         0.44390 0.00020         0.06280 0.00040 0.000000 0.000000 0.000000      2018.6726
 LS03        -0.10770 0.00030         0.44280 0.00020         0.04340 0.00040 0.000000 0.000000 0.000000      2018.6754
 LS03        -0.10750 0.00030         0.44460 0.00020         0.04320 0.00040 0.000000 0.000000 0.000000      2018.6780
 LS03        -0.10620 0.00030         0.44520 0.00020         0.03890 0.00040 0.000000 0.000000 0.000000      2018.6809
 LS03        -0.10610 0.00030         0.44630 0.00010         0.03750 0.00030 0.000000 0.000000 0.000000      2018.6835
 LS03        -0.10460 0.00030         0.44490 0.00020         0.04430 0.00030 0.000000 0.000000 0.000000      2018.6862
 LS03        -0.10570 0.00030         0.44550 0.00020         0.04270 0.00030 0.000000 0.000000 0.000000      2018.6890
 LS03        -0.10530 0.00030         0.45160 0.00020         0.03780 0.00040 0.000000 0.000000 0.000000      2018.6917
 LS03        -0.10600 0.00030         0.44470 0.00020         0.04990 0.00040 0.000000 0.000000 0.000000      2018.6945
 LS03        -0.10580 0.00030         0.44640 0.00020         0.04810 0.00040 0.000000 0.000000 0.000000      2018.6972
 LS03        -0.10670 0.00030         0.44660 0.00020         0.05410 0.00040 0.000000 0.000000 0.000000      2018.7000
 LS03        -0.10590 0.00030         0.44750 0.00020         0.05350 0.00040 0.000000 0.000000 0.000000      2018.7027
 LS03        -0.10530 0.00030         0.44580 0.00020         0.05500 0.00040 0.000000 0.000000 0.000000      2018.7055
 LS03        -0.10480 0.00030         0.44680 0.00010         0.04260 0.00030 0.000000 0.000000 0.000000      2018.7082
 LS03        -0.10420 0.00030         0.44760 0.00020         0.04530 0.00040 0.000000 0.000000 0.000000      2018.7109
 LS03        -0.10560 0.00030         0.45000 0.00010         0.04310 0.00030 0.000000 0.000000 0.000000      2018.7137
 LS03        -0.10720 0.00030         0.44860 0.00010         0.05510 0.00030 0.000000 0.000000 0.000000      2018.7164
 LS03        -0.10660 0.00030         0.44770 0.00020         0.04550 0.00040 0.000000 0.000000 0.000000      2018.7192
 LS03        -0.10550 0.00030         0.44670 0.00020         0.05110 0.00030 0.000000 0.000000 0.000000      2018.7219
 LS03        -0.10850 0.00030         0.44420 0.00020         0.04420 0.00040 0.000000 0.000000 0.000000      2018.7247
 LS03        -0.10730 0.00030         0.44840 0.00020         0.05160 0.00040 0.000000 0.000000 0.000000      2018.7274
 LS03        -0.10890 0.00030         0.44760 0.00020         0.05090 0.00040 0.000000 0.000000 0.000000      2018.7302
 LS03        -0.10690 0.00030         0.44700 0.00020         0.04850 0.00040 0.000000 0.000000 0.000000      2018.7329
 LS03        -0.10530 0.00030         0.44760 0.00020         0.04190 0.00040 0.000000 0.000000 0.000000      2018.7355
 LS03        -0.10470 0.00030         0.44740 0.00020         0.04490 0.00040 0.000000 0.000000 0.000000      2018.7383
 LS03        -0.10670 0.00030         0.44840 0.00010         0.04470 0.00030 0.000000 0.000000 0.000000      2018.7410
 LS03        -0.10660 0.00030         0.44600 0.00020         0.05210 0.00040 0.000000 0.000000 0.000000      2018.7438
 LS03        -0.10560 0.00030         0.44770 0.00020         0.05470 0.00030 0.000000 0.000000 0.000000      2018.7465
 LS03        -0.10780 0.00030         0.44980 0.00010         0.05160 0.00030 0.000000 0.000000 0.000000      2018.7493
 LS03        -0.10610 0.00030         0.44760 0.00010         0.04430 0.00030 0.000000 0.000000 0.000000      2018.7520
 LS03        -0.10720 0.00030         0.44940 0.00010         0.04920 0.00030 0.000000 0.000000 0.000000      2018.7547
 LS03        -0.10540 0.00030         0.45040 0.00010         0.04660 0.00040 0.000000 0.000000 0.000000      2018.7575
 LS03        -0.10690 0.00030         0.44980 0.00020         0.05480 0.00040 0.000000 0.000000 0.000000      2018.7602
 LS03        -0.10330 0.00030         0.44970 0.00020         0.04630 0.00030 0.000000 0.000000 0.000000      2018.7630
 LS03        -0.10340 0.00030         0.44950 0.00020         0.04700 0.00040 0.000000 0.000000 0.000000      2018.7657
 LS03        -0.10250 0.00030         0.44760 0.00020         0.04610 0.00040 0.000000 0.000000 0.000000      2018.7685
 LS03        -0.10430 0.00030         0.44640 0.00020         0.04610 0.00030 0.000000 0.000000 0.000000      2018.7712
 LS03        -0.10390 0.00030         0.44810 0.00010         0.04540 0.00030 0.000000 0.000000 0.000000      2018.7740
 LS03        -0.10410 0.00030         0.44810 0.00020         0.04310 0.00040 0.000000 0.000000 0.000000      2018.7767
 LS03        -0.10580 0.00030         0.45000 0.00010         0.04870 0.00030 0.000000 0.000000 0.000000      2018.7794
 LS03        -0.10670 0.00030         0.44940 0.00020         0.05450 0.00040 0.000000 0.000000 0.000000      2018.7822
 LS03        -0.10600 0.00030         0.45120 0.00020         0.04110 0.00040 0.000000 0.000000 0.000000      2018.7849
 LS03        -0.10630 0.00030         0.45210 0.00020         0.05230 0.00040 0.000000 0.000000 0.000000      2018.7877
 LS03        -0.10750 0.00030         0.45070 0.00020         0.04910 0.00040 0.000000 0.000000 0.000000      2018.7903
 LS03        -0.10880 0.00030         0.45240 0.00010         0.05600 0.00040 0.000000 0.000000 0.000000      2018.7932
 LS03        -0.10600 0.00030         0.45100 0.00020         0.05140 0.00040 0.000000 0.000000 0.000000      2018.7958
 LS03        -0.10610 0.00030         0.44850 0.00010         0.04570 0.00030 0.000000 0.000000 0.000000      2018.7986
 LS03        -0.10470 0.00030         0.44920 0.00020         0.04900 0.00040 0.000000 0.000000 0.000000      2018.8013
 LS03        -0.10850 0.00030         0.45000 0.00010         0.04850 0.00030 0.000000 0.000000 0.000000      2018.8040
 LS03        -0.10600 0.00030         0.45240 0.00010         0.05530 0.00030 0.000000 0.000000 0.000000      2018.8068
 LS03        -0.10760 0.00030         0.45000 0.00020         0.05220 0.00030 0.000000 0.000000 0.000000      2018.8095
 LS03        -0.10790 0.00030         0.45010 0.00020         0.05350 0.00040 0.000000 0.000000 0.000000      2018.8123
 LS03        -0.10830 0.00030         0.45130 0.00020         0.04590 0.00040 0.000000 0.000000 0.000000      2018.8150
 LS03        -0.10740 0.00030         0.44990 0.00020         0.04670 0.00040 0.000000 0.000000 0.000000      2018.8178
 LS03        -0.10860 0.00030         0.44990 0.00020         0.04610 0.00040 0.000000 0.000000 0.000000      2018.8205
 LS03        -0.10620 0.00030         0.45030 0.00020         0.04170 0.00040 0.000000 0.000000 0.000000      2018.8233
 LS03        -0.10860 0.00030         0.45110 0.00010         0.05010 0.00030 0.000000 0.000000 0.000000      2018.8260
 LS03        -0.10980 0.00030         0.45180 0.00020         0.04690 0.00040 0.000000 0.000000 0.000000      2018.8287
 LS03        -0.10820 0.00030         0.45150 0.00010         0.05110 0.00030 0.000000 0.000000 0.000000      2018.8315
 LS03        -0.10800 0.00030         0.45100 0.00020         0.04820 0.00040 0.000000 0.000000 0.000000      2018.8342
 LS03        -0.10760 0.00030         0.45140 0.00010         0.04520 0.00030 0.000000 0.000000 0.000000      2018.8370
 LS03        -0.10760 0.00030         0.45220 0.00010         0.05440 0.00040 0.000000 0.000000 0.000000      2018.8397
 LS03        -0.10700 0.00030         0.45200 0.00010         0.04770 0.00030 0.000000 0.000000 0.000000      2018.8425
 LS03        -0.10720 0.00030         0.45480 0.00020         0.04500 0.00040 0.000000 0.000000 0.000000      2018.8452
 LS03        -0.10700 0.00030         0.45350 0.00020         0.04670 0.00040 0.000000 0.000000 0.000000      2018.8480
 LS03        -0.10660 0.00030         0.45300 0.00020         0.04330 0.00040 0.000000 0.000000 0.000000      2018.8507
 LS03        -0.11010 0.00030         0.45400 0.00010         0.05590 0.00030 0.000000 0.000000 0.000000      2018.8533
 LS03        -0.10660 0.00030         0.45380 0.00020         0.05100 0.00030 0.000000 0.000000 0.000000      2018.8561
 LS03        -0.10770 0.00030         0.45290 0.00010         0.05320 0.00030 0.000000 0.000000 0.000000      2018.8588
 LS03        -0.10920 0.00030         0.45180 0.00010         0.05500 0.00030 0.000000 0.000000 0.000000      2018.8616
 LS03        -0.10850 0.00030         0.45440 0.00010         0.05360 0.00030 0.000000 0.000000 0.000000      2018.8643
 LS03        -0.10870 0.00030         0.45310 0.00010         0.05750 0.00040 0.000000 0.000000 0.000000      2018.8671
 LS03        -0.10820 0.00030         0.45680 0.00010         0.05700 0.00030 0.000000 0.000000 0.000000      2018.8698
 LS03        -0.10760 0.00030         0.45470 0.00010         0.05800 0.00030 0.000000 0.000000 0.000000      2018.8726
 LS03        -0.10870 0.00030         0.45480 0.00010         0.04240 0.00030 0.000000 0.000000 0.000000      2018.8753
 LS03        -0.10730 0.00030         0.45630 0.00020         0.04900 0.00030 0.000000 0.000000 0.000000      2018.8780
 LS03        -0.10800 0.00030         0.45680 0.00010         0.05210 0.00030 0.000000 0.000000 0.000000      2018.8808
 LS03        -0.10730 0.00030         0.45580 0.00020         0.04930 0.00040 0.000000 0.000000 0.000000      2018.8835
 LS03        -0.10880 0.00030         0.45580 0.00020         0.05060 0.00040 0.000000 0.000000 0.000000      2018.8863
 LS03        -0.10910 0.00030         0.45610 0.00020         0.05590 0.00030 0.000000 0.000000 0.000000      2018.8890
 LS03        -0.10930 0.00030         0.45690 0.00010         0.05040 0.00030 0.000000 0.000000 0.000000      2018.8918
 LS03        -0.10880 0.00030         0.45670 0.00020         0.04940 0.00040 0.000000 0.000000 0.000000      2018.8945
 LS03        -0.10840 0.00030         0.45520 0.00020         0.05020 0.00030 0.000000 0.000000 0.000000      2018.8973
 LS03        -0.10970 0.00030         0.45790 0.00020         0.05950 0.00040 0.000000 0.000000 0.000000      2018.9000
 LS03        -0.10950 0.00030         0.45880 0.00020         0.04920 0.00040 0.000000 0.000000 0.000000      2018.9027
 LS03        -0.11040 0.00030         0.45890 0.00020         0.04980 0.00040 0.000000 0.000000 0.000000      2018.9055
 LS03        -0.10820 0.00030         0.45790 0.00020         0.05380 0.00040 0.000000 0.000000 0.000000      2018.9081
 LS03        -0.10730 0.00030         0.45820 0.00010         0.05010 0.00030 0.000000 0.000000 0.000000      2018.9110
 LS03        -0.10920 0.00030         0.45760 0.00020         0.05480 0.00040 0.000000 0.000000 0.000000      2018.9136
 LS03        -0.10760 0.00030         0.45710 0.00020         0.05280 0.00040 0.000000 0.000000 0.000000      2018.9164
 LS03        -0.10600 0.00030         0.45520 0.00020         0.05060 0.00040 0.000000 0.000000 0.000000      2018.9191
 LS03        -0.10720 0.00030         0.45670 0.00020         0.05100 0.00030 0.000000 0.000000 0.000000      2018.9219
 LS03        -0.10550 0.00030         0.45680 0.00020         0.04770 0.00040 0.000000 0.000000 0.000000      2018.9246
 LS03        -0.10660 0.00030         0.45770 0.00010         0.05110 0.00030 0.000000 0.000000 0.000000      2018.9273
 LS03        -0.10800 0.00030         0.46050 0.00020         0.05590 0.00030 0.000000 0.000000 0.000000      2018.9301
 LS03        -0.10710 0.00030         0.46050 0.00020         0.05370 0.00030 0.000000 0.000000 0.000000      2018.9328
 LS03        -0.10810 0.00030         0.45980 0.00020         0.05460 0.00040 0.000000 0.000000 0.000000      2018.9356
 LS03        -0.10690 0.00030         0.45930 0.00020         0.05140 0.00040 0.000000 0.000000 0.000000      2018.9383
 LS03        -0.10600 0.00030         0.46020 0.00020         0.04700 0.00040 0.000000 0.000000 0.000000      2018.9411
 LS03        -0.10693 0.00030         0.45967 0.00020         0.05134 0.00035 0.000000 0.000000 0.000000      2018.9439
 LS03        -0.10790 0.00030         0.45900 0.00020         0.05540 0.00030 0.000000 0.000000 0.000000      2018.9466
 LS03        -0.10730 0.00030         0.45890 0.00010         0.04830 0.00030 0.000000 0.000000 0.000000      2018.9493
 LS03        -0.10760 0.00030         0.46020 0.00020         0.04920 0.00040 0.000000 0.000000 0.000000      2018.9520
 LS03        -0.10760 0.00030         0.46030 0.00020         0.04700 0.00040 0.000000 0.000000 0.000000      2018.9548
 LS03        -0.10580 0.00030         0.45930 0.00020         0.04480 0.00030 0.000000 0.000000 0.000000      2018.9575
 LS03        -0.10650 0.00030         0.45910 0.00020         0.05160 0.00040 0.000000 0.000000 0.000000      2018.9603
 LS03        -0.10730 0.00030         0.45850 0.00020         0.05510 0.00040 0.000000 0.000000 0.000000      2018.9630
 LS03        -0.10540 0.00030         0.45790 0.00020         0.04850 0.00040 0.000000 0.000000 0.000000      2018.9658
 LS03        -0.10740 0.00030         0.45980 0.00020         0.05440 0.00040 0.000000 0.000000 0.000000      2018.9684
 LS03        -0.10830 0.00030         0.45730 0.00020         0.05710 0.00040 0.000000 0.000000 0.000000      2018.9713
 LS03        -0.10740 0.00030         0.45880 0.00010         0.04810 0.00030 0.000000 0.000000 0.000000      2018.9739
 LS03        -0.10710 0.00030         0.46030 0.00020         0.05440 0.00040 0.000000 0.000000 0.000000      2018.9766
 LS03        -0.10810 0.00030         0.45980 0.00020         0.05620 0.00040 0.000000 0.000000 0.000000      2018.9794
 LS03        -0.10620 0.00030         0.46020 0.00020         0.04910 0.00040 0.000000 0.000000 0.000000      2018.9821
 LS03        -0.10390 0.00030         0.46170 0.00020         0.04040 0.00040 0.000000 0.000000 0.000000      2018.9849
 LS03        -0.10440 0.00030         0.46180 0.00020         0.05220 0.00040 0.000000 0.000000 0.000000      2018.9876
 LS03        -0.10610 0.00030         0.45960 0.00020         0.04700 0.00040 0.000000 0.000000 0.000000      2018.9904
 LS03        -0.10780 0.00030         0.46180 0.00020         0.04550 0.00040 0.000000 0.000000 0.000000      2018.9931
 LS03        -0.10660 0.00030         0.46170 0.00020         0.04260 0.00040 0.000000 0.000000 0.000000      2018.9959
 LS03        -0.10670 0.00030         0.46110 0.00020         0.03870 0.00040 0.000000 0.000000 0.000000      2018.9986
 LS03        -0.10580 0.00030         0.46100 0.00020         0.04070 0.00040 0.000000 0.000000 0.000000      2019.0013
 LS03        -0.10910 0.00030         0.45940 0.00020         0.05120 0.00040 0.000000 0.000000 0.000000      2019.0041
 LS03        -0.10930 0.00030         0.46080 0.00020         0.05220 0.00040 0.000000 0.000000 0.000000      2019.0068
 LS03        -0.10690 0.00030         0.46030 0.00020         0.04510 0.00040 0.000000 0.000000 0.000000      2019.0096
 LS03        -0.10900 0.00030         0.46020 0.00020         0.05580 0.00040 0.000000 0.000000 0.000000      2019.0123
 LS03        -0.10910 0.00030         0.46130 0.00010         0.05100 0.00030 0.000000 0.000000 0.000000      2019.0151
 LS03        -0.11010 0.00030         0.46160 0.00010         0.05950 0.00030 0.000000 0.000000 0.000000      2019.0178
 LS03        -0.10710 0.00030         0.46200 0.00010         0.05330 0.00030 0.000000 0.000000 0.000000      2019.0206
 LS03        -0.11100 0.00030         0.46320 0.00010         0.05370 0.00030 0.000000 0.000000 0.000000      2019.0233
 LS03        -0.11020 0.00030         0.46170 0.00010         0.04950 0.00030 0.000000 0.000000 0.000000      2019.0259
 LS03        -0.11020 0.00030         0.46190 0.00010         0.05200 0.00030 0.000000 0.000000 0.000000      2019.0288
 LS03        -0.10760 0.00030         0.46160 0.00020         0.04950 0.00040 0.000000 0.000000 0.000000      2019.0314
 LS03        -0.10898 0.00030         0.46208 0.00020         0.05002 0.00040 0.000000 0.000000 0.000000      2019.0342
 LS03        -0.11060 0.00030         0.46250 0.00020         0.05070 0.00040 0.000000 0.000000 0.000000      2019.0369
 LS03        -0.10920 0.00030         0.45880 0.00020         0.05200 0.00040 0.000000 0.000000 0.000000      2019.0397
 LS03        -0.10940 0.00030         0.46510 0.00020         0.05690 0.00040 0.000000 0.000000 0.000000      2019.0424
 LS03        -0.11020 0.00030         0.46380 0.00020         0.05610 0.00030 0.000000 0.000000 0.000000      2019.0452
 LS03        -0.10840 0.00030         0.46000 0.00020         0.05110 0.00040 0.000000 0.000000 0.000000      2019.0479
 LS03        -0.10780 0.00030         0.46260 0.00020         0.05040 0.00040 0.000000 0.000000 0.000000      2019.0506
 LS03        -0.10980 0.00030         0.46330 0.00020         0.05420 0.00040 0.000000 0.000000 0.000000      2019.0534
 LS03        -0.10900 0.00030         0.46310 0.00020         0.05460 0.00030 0.000000 0.000000 0.000000      2019.0561
 LS03        -0.10880 0.00030         0.46340 0.00020         0.05990 0.00040 0.000000 0.000000 0.000000      2019.0589
 LS03        -0.10920 0.00030         0.46460 0.00020         0.05550 0.00040 0.000000 0.000000 0.000000      2019.0616
 LS03        -0.10830 0.00030         0.46380 0.00010         0.05350 0.00040 0.000000 0.000000 0.000000      2019.0644
 LS03        -0.10790 0.00030         0.46230 0.00010         0.05060 0.00030 0.000000 0.000000 0.000000      2019.0671
 LS03        -0.10860 0.00030         0.46150 0.00020         0.05410 0.00040 0.000000 0.000000 0.000000      2019.0699
 LS03        -0.10830 0.00030         0.46210 0.00010         0.05610 0.00030 0.000000 0.000000 0.000000      2019.0726
 LS03        -0.10841 0.00030         0.46262 0.00012         0.05555 0.00032 0.000000 0.000000 0.000000      2019.0754
 LS03        -0.10939 0.00030         0.46298 0.00015         0.05434 0.00035 0.000000 0.000000 0.000000      2019.0781
 LS03        -0.11029 0.00030         0.46307 0.00018         0.05297 0.00038 0.000000 0.000000 0.000000      2019.0808
 LS03        -0.11070 0.00030         0.46320 0.00020         0.05230 0.00040 0.000000 0.000000 0.000000      2019.0836
 LS03        -0.10960 0.00030         0.46340 0.00020         0.06230 0.00040 0.000000 0.000000 0.000000      2019.0862
 LS03        -0.10760 0.00030         0.46280 0.00020         0.05440 0.00040 0.000000 0.000000 0.000000      2019.0891
 LS03        -0.10810 0.00030         0.46230 0.00010         0.05270 0.00030 0.000000 0.000000 0.000000      2019.0917
 LS03        -0.10850 0.00030         0.46480 0.00010         0.05850 0.00030 0.000000 0.000000 0.000000      2019.0945
 LS03        -0.10900 0.00030         0.46230 0.00020         0.06590 0.00040 0.000000 0.000000 0.000000      2019.0972
 LS03        -0.10750 0.00030         0.46360 0.00010         0.05790 0.00030 0.000000 0.000000 0.000000      2019.0999
 LS03        -0.10730 0.00030         0.46340 0.00010         0.05540 0.00030 0.000000 0.000000 0.000000      2019.1027
 LS03        -0.10700 0.00030         0.46420 0.00020         0.05070 0.00040 0.000000 0.000000 0.000000      2019.1054
 LS03        -0.10940 0.00030         0.46400 0.00020         0.06110 0.00040 0.000000 0.000000 0.000000      2019.1082
 LS03        -0.10840 0.00030         0.46450 0.00020         0.06040 0.00040 0.000000 0.000000 0.000000      2019.1109
 LS03        -0.10980 0.00030         0.46410 0.00020         0.05670 0.00040 0.000000 0.000000 0.000000      2019.1137
 LS03        -0.10870 0.00030         0.46390 0.00010         0.05010 0.00030 0.000000 0.000000 0.000000      2019.1164
 LS03        -0.10850 0.00030         0.46190 0.00020         0.05560 0.00040 0.000000 0.000000 0.000000      2019.1192
 LS03        -0.10740 0.00030         0.46310 0.00020         0.05680 0.00040 0.000000 0.000000 0.000000      2019.1219
 LS03        -0.10870 0.00030         0.46250 0.00020         0.06210 0.00040 0.000000 0.000000 0.000000      2019.1246
 LS03        -0.10900 0.00030         0.46330 0.00020         0.06130 0.00040 0.000000 0.000000 0.000000      2019.1274
 LS03        -0.10710 0.00030         0.46430 0.00020         0.06440 0.00040 0.000000 0.000000 0.000000      2019.1301
 LS03        -0.11130 0.00040         0.46380 0.00020         0.05910 0.00050 0.000000 0.000000 0.000000      2019.1329
 LS03        -0.10910 0.00030         0.46320 0.00020         0.05780 0.00040 0.000000 0.000000 0.000000      2019.1356
 LS03        -0.10840 0.00030         0.46660 0.00020         0.05390 0.00040 0.000000 0.000000 0.000000      2019.1384
 LS03        -0.10750 0.00030         0.46530 0.00010         0.05510 0.00030 0.000000 0.000000 0.000000      2019.1411
 LS03        -0.10900 0.00030         0.46320 0.00020         0.05400 0.00040 0.000000 0.000000 0.000000      2019.1439
 LS03        -0.10843 0.00030         0.46277 0.00020         0.05184 0.00040 0.000000 0.000000 0.000000      2019.1465
 LS03        -0.10830 0.00030         0.46250 0.00020         0.04860 0.00040 0.000000 0.000000 0.000000      2019.1492
 LS03        -0.11050 0.00030         0.46440 0.00020         0.05950 0.00040 0.000000 0.000000 0.000000      2019.1520
 LS03        -0.11044 0.00030         0.46564 0.00020         0.05789 0.00040 0.000000 0.000000 0.000000      2019.1548
 LS03        -0.11080 0.00030         0.46590 0.00020         0.05480 0.00040 0.000000 0.000000 0.000000      2019.1575
 LS03        -0.11340 0.00030         0.46450 0.00020         0.06430 0.00040 0.000000 0.000000 0.000000      2019.1602
 LS03        -0.10900 0.00030         0.46400 0.00020         0.05970 0.00040 0.000000 0.000000 0.000000      2019.1630
 LS03        -0.10980 0.00030         0.46560 0.00020         0.06030 0.00040 0.000000 0.000000 0.000000      2019.1657
 LS03        -0.10910 0.00030         0.46440 0.00020         0.06470 0.00040 0.000000 0.000000 0.000000      2019.1685
 LS03        -0.10970 0.00030         0.46550 0.00020         0.06490 0.00040 0.000000 0.000000 0.000000      2019.1712
 LS03        -0.10890 0.00030         0.46600 0.00010         0.05900 0.00030 0.000000 0.000000 0.000000      2019.1739
 LS03        -0.10780 0.00030         0.46520 0.00010         0.05660 0.00030 0.000000 0.000000 0.000000      2019.1767
 LS03        -0.10850 0.00030         0.46480 0.00010         0.05620 0.00030 0.000000 0.000000 0.000000      2019.1794
 LS03        -0.10870 0.00030         0.46380 0.00020         0.05200 0.00040 0.000000 0.000000 0.000000      2019.1822
 LS03        -0.10860 0.00030         0.46500 0.00020         0.05041 0.00040 0.000000 0.000000 0.000000      2019.1849
 LS03        -0.10910 0.00030         0.46560 0.00020         0.04860 0.00040 0.000000 0.000000 0.000000      2019.1877
 LS03        -0.11050 0.00030         0.46553 0.00015         0.05168 0.00035 0.000000 0.000000 0.000000      2019.1905
 LS03        -0.11200 0.00030         0.46530 0.00010         0.05480 0.00030 0.000000 0.000000 0.000000      2019.1932
 LS03        -0.11060 0.00030         0.46440 0.00020         0.05510 0.00040 0.000000 0.000000 0.000000      2019.1959
 LS03        -0.10930 0.00030         0.46550 0.00020         0.05780 0.00040 0.000000 0.000000 0.000000      2019.1986
 LS03        -0.10910 0.00030         0.46530 0.00020         0.05640 0.00040 0.000000 0.000000 0.000000      2019.2014
 LS03        -0.10868 0.00030         0.46575 0.00020         0.06016 0.00040 0.000000 0.000000 0.000000      2019.2041
 LS03        -0.10859 0.00030         0.46619 0.00020         0.06467 0.00040 0.000000 0.000000 0.000000      2019.2069
 LS03        -0.10823 0.00030         0.46673 0.00020         0.06928 0.00040 0.000000 0.000000 0.000000      2019.2096
 LS03        -0.10810 0.00030         0.46670 0.00020         0.06970 0.00040 0.000000 0.000000 0.000000      2019.2123
 LS03        -0.10750 0.00030         0.46560 0.00020         0.06560 0.00040 0.000000 0.000000 0.000000      2019.2150
 LS03        -0.10580 0.00030         0.46500 0.00020         0.06480 0.00040 0.000000 0.000000 0.000000      2019.2178
 LS03        -0.10690 0.00030         0.46450 0.00020         0.04980 0.00040 0.000000 0.000000 0.000000      2019.2205
 LS03        -0.10690 0.00030         0.46380 0.00020         0.05370 0.00030 0.000000 0.000000 0.000000      2019.2232
 LS03        -0.11070 0.00030         0.46430 0.00020         0.05960 0.00040 0.000000 0.000000 0.000000      2019.2260
 LS03        -0.11040 0.00030         0.46515 0.00020         0.05870 0.00040 0.000000 0.000000 0.000000      2019.2288
 LS03        -0.11060 0.00030         0.46550 0.00020         0.05600 0.00040 0.000000 0.000000 0.000000      2019.2315
 LS03        -0.10760 0.00030         0.46420 0.00020         0.04790 0.00040 0.000000 0.000000 0.000000      2019.2342
 LS03        -0.10600 0.00030         0.46430 0.00020         0.05420 0.00040 0.000000 0.000000 0.000000      2019.2370
 LS03        -0.10850 0.00030         0.46700 0.00020         0.05990 0.00040 0.000000 0.000000 0.000000      2019.2397
