 LS04        -0.07170 0.00040         0.33180 0.00020        -0.01910 0.00040 0.000000 0.000000 0.000000      2018.2397
 LS04        -0.06710 0.00030         0.33320 0.00020        -0.02150 0.00040 0.000000 0.000000 0.000000      2018.2425
 LS04        -0.07050 0.00040         0.33190 0.00020         0.00030 0.00040 0.000000 0.000000 0.000000      2018.2452
 LS04        -0.06780 0.00030         0.32750 0.00020        -0.00690 0.00040 0.000000 0.000000 0.000000      2018.2479
 LS04        -0.06690 0.00040         0.33440 0.00020        -0.00790 0.00040 0.000000 0.000000 0.000000      2018.2507
 LS04        -0.06310 0.00030         0.32800 0.00020         0.00970 0.00040 0.000000 0.000000 0.000000      2018.2534
 LS04        -0.06740 0.00040         0.32880 0.00020        -0.00800 0.00040 0.000000 0.000000 0.000000      2018.2562
 LS04        -0.07080 0.00030         0.33250 0.00020        -0.01920 0.00040 0.000000 0.000000 0.000000      2018.2589
 LS04        -0.06760 0.00030         0.33240 0.00020        -0.01250 0.00040 0.000000 0.000000 0.000000      2018.2617
 LS04        -0.06770 0.00030         0.33290 0.00020        -0.00430 0.00040 0.000000 0.000000 0.000000      2018.2643
 LS04        -0.07070 0.00030         0.33040 0.00020        -0.00010 0.00040 0.000000 0.000000 0.000000      2018.2670
 LS04        -0.06700 0.00040         0.33290 0.00020         0.00980 0.00040 0.000000 0.000000 0.000000      2018.2698
 LS04        -0.06620 0.00030         0.33520 0.00020        -0.00340 0.00040 0.000000 0.000000 0.000000      2018.2725
 LS04        -0.06760 0.00040         0.33010 0.00020         0.01120 0.00040 0.000000 0.000000 0.000000      2018.2753
 LS04        -0.06730 0.00030         0.33340 0.00020         0.00580 0.00040 0.000000 0.000000 0.000000      2018.2780
 LS04        -0.06770 0.00030         0.33090 0.00020        -0.00040 0.00040 0.000000 0.000000 0.000000      2018.2808
 LS04        -0.06490 0.00030         0.33080 0.00020        -0.00660 0.00040 0.000000 0.000000 0.000000      2018.2835
 LS04        -0.06520 0.00040         0.32770 0.00020        -0.01330 0.00040 0.000000 0.000000 0.000000      2018.2863
 LS04        -0.06880 0.00040         0.32950 0.00020        -0.00670 0.00040 0.000000 0.000000 0.000000      2018.2890
 LS04        -0.07290 0.00040         0.33240 0.00020        -0.00450 0.00040 0.000000 0.000000 0.000000      2018.2917
 LS04        -0.06970 0.00040         0.33170 0.00020        -0.02000 0.00040 0.000000 0.000000 0.000000      2018.2945
 LS04        -0.06720 0.00040         0.33190 0.00020        -0.00850 0.00040 0.000000 0.000000 0.000000      2018.2972
 LS04        -0.06400 0.00040         0.33020 0.00020         0.00750 0.00040 0.000000 0.000000 0.000000      2018.3000
 LS04        -0.06850 0.00040         0.33600 0.00020         0.01760 0.00040 0.000000 0.000000 0.000000      2018.3027
 LS04        -0.07120 0.00040         0.33150 0.00020        -0.02350 0.00050 0.000000 0.000000 0.000000      2018.3055
 LS04        -0.07380 0.00040         0.33590 0.00020        -0.02820 0.00040 0.000000 0.000000 0.000000      2018.3082
 LS04        -0.07250 0.00040         0.33510 0.00020        -0.02320 0.00050 0.000000 0.000000 0.000000      2018.3110
 LS04        -0.06730 0.00040         0.33460 0.00020        -0.00840 0.00040 0.000000 0.000000 0.000000      2018.3137
 LS04        -0.06580 0.00030         0.33280 0.00020        -0.01720 0.00040 0.000000 0.000000 0.000000      2018.3163
 LS04        -0.07060 0.00040         0.33650 0.00020        -0.01450 0.00040 0.000000 0.000000 0.000000      2018.3192
 LS04        -0.06700 0.00040         0.33230 0.00020        -0.01090 0.00050 0.000000 0.000000 0.000000      2018.3218
 LS04        -0.07090 0.00040         0.33030 0.00020        -0.02630 0.00050 0.000000 0.000000 0.000000      2018.3246
 LS04        -0.06860 0.00040         0.33310 0.00020        -0.00380 0.00040 0.000000 0.000000 0.000000      2018.3273
 LS04        -0.07060 0.00040         0.33000 0.00020        -0.01120 0.00050 0.000000 0.000000 0.000000      2018.3301
 LS04        -0.06800 0.00030         0.33170 0.00020        -0.00890 0.00040 0.000000 0.000000 0.000000      2018.3328
 LS04        -0.07120 0.00040         0.33450 0.00020        -0.02270 0.00050 0.000000 0.000000 0.000000      2018.3356
 LS04        -0.07120 0.00040         0.33390 0.00020        -0.01210 0.00050 0.000000 0.000000 0.000000      2018.3383
 LS04        -0.07020 0.00040         0.33340 0.00020        -0.00940 0.00050 0.000000 0.000000 0.000000      2018.3410
 LS04        -0.06930 0.00040         0.33770 0.00020        -0.01590 0.00050 0.000000 0.000000 0.000000      2018.3438
 LS04        -0.07140 0.00050         0.33700 0.00020        -0.00410 0.00050 0.000000 0.000000 0.000000      2018.3465
 LS04        -0.07150 0.00040         0.33430 0.00020        -0.03050 0.00050 0.000000 0.000000 0.000000      2018.3493
 LS04        -0.07720 0.00040         0.33920 0.00020        -0.03560 0.00050 0.000000 0.000000 0.000000      2018.3520
 LS04        -0.06770 0.00040         0.33720 0.00020        -0.01330 0.00050 0.000000 0.000000 0.000000      2018.3548
 LS04        -0.07180 0.00050         0.33920 0.00020        -0.02060 0.00050 0.000000 0.000000 0.000000      2018.3575
 LS04        -0.06650 0.00040         0.33500 0.00020         0.00070 0.00040 0.000000 0.000000 0.000000      2018.3603
 LS04        -0.07020 0.00040         0.33100 0.00020        -0.00180 0.00050 0.000000 0.000000 0.000000      2018.3630
 LS04        -0.06920 0.00050         0.33430 0.00020        -0.00960 0.00050 0.000000 0.000000 0.000000      2018.3657
 LS04        -0.06940 0.00050         0.33250 0.00020        -0.02160 0.00060 0.000000 0.000000 0.000000      2018.3685
 LS04        -0.06470 0.00040         0.33500 0.00020         0.01290 0.00050 0.000000 0.000000 0.000000      2018.3712
 LS04        -0.06760 0.00050         0.33060 0.00020        -0.02130 0.00060 0.000000 0.000000 0.000000      2018.3740
 LS04        -0.06730 0.00050         0.33550 0.00030        -0.01630 0.00060 0.000000 0.000000 0.000000      2018.3767
 LS04        -0.06800 0.00050         0.33960 0.00030        -0.00330 0.00060 0.000000 0.000000 0.000000      2018.3795
 LS04        -0.06310 0.00050         0.33480 0.00020         0.00250 0.00050 0.000000 0.000000 0.000000      2018.3821
 LS04        -0.06590 0.00060         0.33780 0.00030        -0.02410 0.00060 0.000000 0.000000 0.000000      2018.3850
 LS04        -0.06230 0.00040         0.34180 0.00020         0.00190 0.00050 0.000000 0.000000 0.000000      2018.3876
 LS04        -0.06230 0.00040         0.34180 0.00020         0.00370 0.00050 0.000000 0.000000 0.000000      2018.3903
 LS04        -0.07100 0.00050         0.34140 0.00020        -0.01810 0.00060 0.000000 0.000000 0.000000      2018.3931
 LS04        -0.06790 0.00040         0.34130 0.00020         0.00780 0.00050 0.000000 0.000000 0.000000      2018.3958
 LS04        -0.06680 0.00050         0.33240 0.00020        -0.01070 0.00060 0.000000 0.000000 0.000000      2018.3986
 LS04        -0.05940 0.00040         0.34050 0.00020         0.02550 0.00050 0.000000 0.000000 0.000000      2018.4013
 LS04        -0.06430 0.00040         0.33870 0.00020         0.01700 0.00050 0.000000 0.000000 0.000000      2018.4041
 LS04        -0.06440 0.00040         0.34250 0.00020        -0.01920 0.00050 0.000000 0.000000 0.000000      2018.4068
 LS04        -0.06840 0.00040         0.34030 0.00020         0.00970 0.00050 0.000000 0.000000 0.000000      2018.4096
 LS04        -0.06720 0.00050         0.34590 0.00020        -0.01610 0.00050 0.000000 0.000000 0.000000      2018.4123
 LS04        -0.06970 0.00040         0.34030 0.00020        -0.02190 0.00050 0.000000 0.000000 0.000000      2018.4150
 LS04        -0.06582 0.00040         0.34044 0.00020        -0.01123 0.00050 0.000000 0.000000 0.000000      2018.4178
 LS04        -0.06240 0.00040         0.34070 0.00020        -0.00490 0.00050 0.000000 0.000000 0.000000      2018.4205
 LS04        -0.06760 0.00040         0.34410 0.00020        -0.00650 0.00050 0.000000 0.000000 0.000000      2018.4233
 LS04        -0.06750 0.00050         0.34040 0.00020        -0.02390 0.00050 0.000000 0.000000 0.000000      2018.4260
 LS04        -0.06900 0.00050         0.34200 0.00020        -0.01680 0.00060 0.000000 0.000000 0.000000      2018.4288
 LS04        -0.06190 0.00050         0.34390 0.00020         0.01130 0.00050 0.000000 0.000000 0.000000      2018.4315
 LS04        -0.06360 0.00050         0.34310 0.00020         0.00620 0.00060 0.000000 0.000000 0.000000      2018.4343
 LS04        -0.06150 0.00050         0.34560 0.00030         0.01220 0.00060 0.000000 0.000000 0.000000      2018.4370
 LS04        -0.06590 0.00040         0.34320 0.00020        -0.00340 0.00050 0.000000 0.000000 0.000000      2018.4396
 LS04        -0.06510 0.00040         0.34100 0.00020         0.01640 0.00050 0.000000 0.000000 0.000000      2018.4424
 LS04        -0.06710 0.00050         0.33860 0.00020         0.00590 0.00050 0.000000 0.000000 0.000000      2018.4451
 LS04        -0.06510 0.00040         0.34200 0.00020         0.01140 0.00050 0.000000 0.000000 0.000000      2018.4479
 LS04        -0.06320 0.00040         0.34150 0.00020        -0.00850 0.00050 0.000000 0.000000 0.000000      2018.4506
 LS04        -0.07540 0.00040         0.34010 0.00020        -0.02080 0.00050 0.000000 0.000000 0.000000      2018.4534
 LS04        -0.07300 0.00050         0.34020 0.00020        -0.00970 0.00050 0.000000 0.000000 0.000000      2018.4561
 LS04        -0.07230 0.00050         0.34140 0.00020        -0.00470 0.00050 0.000000 0.000000 0.000000      2018.4589
 LS04        -0.06300 0.00050         0.34300 0.00030         0.02770 0.00060 0.000000 0.000000 0.000000      2018.4616
 LS04        -0.06280 0.00050         0.34400 0.00030         0.01020 0.00060 0.000000 0.000000 0.000000      2018.4643
 LS04        -0.07030 0.00050         0.34590 0.00020        -0.00390 0.00050 0.000000 0.000000 0.000000      2018.4671
 LS04        -0.06980 0.00050         0.34520 0.00030        -0.02440 0.00060 0.000000 0.000000 0.000000      2018.4698
 LS04        -0.07410 0.00050         0.33890 0.00020        -0.03140 0.00050 0.000000 0.000000 0.000000      2018.4726
 LS04        -0.06480 0.00050         0.34120 0.00020         0.00890 0.00050 0.000000 0.000000 0.000000      2018.4753
 LS04        -0.07290 0.00050         0.34380 0.00030        -0.02230 0.00060 0.000000 0.000000 0.000000      2018.4781
 LS04        -0.07150 0.00050         0.33600 0.00030        -0.02400 0.00060 0.000000 0.000000 0.000000      2018.4808
 LS04        -0.06600 0.00060         0.34660 0.00030        -0.01730 0.00060 0.000000 0.000000 0.000000      2018.4836
 LS04        -0.07330 0.00050         0.34130 0.00030        -0.01910 0.00060 0.000000 0.000000 0.000000      2018.4863
 LS04        -0.06280 0.00050         0.34480 0.00020         0.00420 0.00060 0.000000 0.000000 0.000000      2018.4890
 LS04        -0.06780 0.00060         0.34320 0.00030        -0.01540 0.00060 0.000000 0.000000 0.000000      2018.4918
 LS04        -0.06980 0.00050         0.34200 0.00030        -0.02600 0.00060 0.000000 0.000000 0.000000      2018.4944
 LS04        -0.07330 0.00060         0.35200 0.00030         0.02810 0.00070 0.000000 0.000000 0.000000      2018.4973
 LS04        -0.06800 0.00060         0.34640 0.00030         0.01080 0.00070 0.000000 0.000000 0.000000      2018.4999
 LS04        -0.06460 0.00050         0.34310 0.00030         0.00230 0.00060 0.000000 0.000000 0.000000      2018.5028
 LS04        -0.06730 0.00050         0.34660 0.00030        -0.02240 0.00060 0.000000 0.000000 0.000000      2018.5054
 LS04        -0.06380 0.00050         0.34260 0.00030        -0.01190 0.00060 0.000000 0.000000 0.000000      2018.5082
 LS04        -0.06550 0.00050         0.34390 0.00020         0.01150 0.00060 0.000000 0.000000 0.000000      2018.5109
 LS04        -0.06890 0.00060         0.34640 0.00030        -0.01300 0.00070 0.000000 0.000000 0.000000      2018.5136
 LS04        -0.06430 0.00060         0.34650 0.00030         0.01190 0.00070 0.000000 0.000000 0.000000      2018.5164
 LS04        -0.06490 0.00050         0.35040 0.00030         0.00480 0.00060 0.000000 0.000000 0.000000      2018.5191
 LS04        -0.06340 0.00050         0.34630 0.00020        -0.00230 0.00050 0.000000 0.000000 0.000000      2018.5219
 LS04        -0.05920 0.00060         0.35430 0.00030         0.02900 0.00070 0.000000 0.000000 0.000000      2018.5246
 LS04        -0.06300 0.00050         0.34940 0.00030         0.01780 0.00060 0.000000 0.000000 0.000000      2018.5274
 LS04        -0.06480 0.00050         0.34840 0.00030         0.01410 0.00060 0.000000 0.000000 0.000000      2018.5301
 LS04        -0.06600 0.00070         0.34850 0.00030         0.02490 0.00080 0.000000 0.000000 0.000000      2018.5329
 LS04        -0.06580 0.00050         0.34920 0.00030         0.01190 0.00060 0.000000 0.000000 0.000000      2018.5356
 LS04        -0.06800 0.00050         0.35550 0.00030        -0.01570 0.00060 0.000000 0.000000 0.000000      2018.5383
 LS04        -0.06870 0.00060         0.35210 0.00030        -0.01140 0.00060 0.000000 0.000000 0.000000      2018.5411
 LS04        -0.06260 0.00060         0.34670 0.00030         0.01080 0.00070 0.000000 0.000000 0.000000      2018.5438
 LS04        -0.07030 0.00060         0.34320 0.00030        -0.04390 0.00070 0.000000 0.000000 0.000000      2018.5466
 LS04        -0.06815 0.00060         0.34257 0.00030        -0.02382 0.00070 0.000000 0.000000 0.000000      2018.5494
 LS04        -0.06550 0.00060         0.34210 0.00030        -0.00610 0.00070 0.000000 0.000000 0.000000      2018.5521
 LS04        -0.06350 0.00060         0.34600 0.00030         0.02220 0.00070 0.000000 0.000000 0.000000      2018.5548
 LS04        -0.06910 0.00070         0.34550 0.00040        -0.03550 0.00080 0.000000 0.000000 0.000000      2018.5576
 LS04        -0.06480 0.00060         0.34140 0.00030         0.00750 0.00070 0.000000 0.000000 0.000000      2018.5602
 LS04        -0.07140 0.00050         0.34720 0.00030         0.01160 0.00060 0.000000 0.000000 0.000000      2018.5629
 LS04        -0.07270 0.00070         0.34680 0.00030        -0.03080 0.00070 0.000000 0.000000 0.000000      2018.5657
 LS04        -0.06650 0.00065         0.34701 0.00030        -0.01469 0.00070 0.000000 0.000000 0.000000      2018.5685
 LS04        -0.06070 0.00060         0.34720 0.00030        -0.00800 0.00070 0.000000 0.000000 0.000000      2018.5712
 LS04        -0.07490 0.00060         0.34660 0.00030        -0.04350 0.00060 0.000000 0.000000 0.000000      2018.5739
 LS04        -0.07490 0.00060         0.34470 0.00030        -0.01700 0.00060 0.000000 0.000000 0.000000      2018.5767
 LS04        -0.07830 0.00050         0.34670 0.00020        -0.00680 0.00050 0.000000 0.000000 0.000000      2018.5794
 LS04        -0.07256 0.00050         0.34603 0.00025        -0.00920 0.00055 0.000000 0.000000 0.000000      2018.5822
 LS04        -0.06720 0.00050         0.34450 0.00030        -0.01680 0.00060 0.000000 0.000000 0.000000      2018.5849
 LS04        -0.07550 0.00050         0.34700 0.00030        -0.03670 0.00060 0.000000 0.000000 0.000000      2018.5876
 LS04        -0.07700 0.00060         0.34380 0.00030        -0.02270 0.00060 0.000000 0.000000 0.000000      2018.5904
 LS04        -0.07010 0.00060         0.34840 0.00030        -0.00210 0.00060 0.000000 0.000000 0.000000      2018.5931
 LS04        -0.07100 0.00060         0.35050 0.00030        -0.00790 0.00060 0.000000 0.000000 0.000000      2018.5959
 LS04        -0.07200 0.00060         0.35300 0.00030        -0.01360 0.00060 0.000000 0.000000 0.000000      2018.5986
 LS04        -0.06850 0.00050         0.35570 0.00020         0.01460 0.00060 0.000000 0.000000 0.000000      2018.6014
 LS04        -0.06960 0.00060         0.35300 0.00030        -0.02620 0.00060 0.000000 0.000000 0.000000      2018.6041
 LS04        -0.06600 0.00070         0.34930 0.00030         0.01910 0.00070 0.000000 0.000000 0.000000      2018.6069
 LS04        -0.06960 0.00050         0.35720 0.00030        -0.00320 0.00060 0.000000 0.000000 0.000000      2018.6096
 LS04        -0.06820 0.00060         0.35390 0.00030        -0.00720 0.00070 0.000000 0.000000 0.000000      2018.6122
 LS04        -0.07400 0.00060         0.35430 0.00030        -0.02730 0.00060 0.000000 0.000000 0.000000      2018.6151
 LS04        -0.06250 0.00060         0.35220 0.00030        -0.00560 0.00060 0.000000 0.000000 0.000000      2018.6177
 LS04        -0.07290 0.00070         0.34230 0.00030        -0.04800 0.00070 0.000000 0.000000 0.000000      2018.6205
 LS04        -0.07138 0.00067         0.35080 0.00030        -0.00903 0.00067 0.000000 0.000000 0.000000      2018.6233
 LS04        -0.07000 0.00060         0.35400 0.00030         0.00620 0.00060 0.000000 0.000000 0.000000      2018.6260
 LS04        -0.07000 0.00050         0.35310 0.00020        -0.00960 0.00050 0.000000 0.000000 0.000000      2018.6287
 LS04        -0.06910 0.00060         0.35190 0.00030        -0.00390 0.00060 0.000000 0.000000 0.000000      2018.6315
 LS04        -0.06970 0.00060         0.34720 0.00030        -0.00520 0.00070 0.000000 0.000000 0.000000      2018.6342
 LS04        -0.06550 0.00060         0.34660 0.00030         0.01000 0.00070 0.000000 0.000000 0.000000      2018.6369
 LS04        -0.06640 0.00060         0.35680 0.00030        -0.01030 0.00060 0.000000 0.000000 0.000000      2018.6397
 LS04        -0.07880 0.00060         0.34770 0.00030        -0.01310 0.00070 0.000000 0.000000 0.000000      2018.6424
 LS04        -0.06960 0.00060         0.35420 0.00030        -0.02170 0.00060 0.000000 0.000000 0.000000      2018.6452
 LS04        -0.07350 0.00060         0.35420 0.00030        -0.01440 0.00070 0.000000 0.000000 0.000000      2018.6479
 LS04        -0.06810 0.00050         0.34900 0.00020        -0.02700 0.00060 0.000000 0.000000 0.000000      2018.6507
 LS04        -0.06890 0.00050         0.34800 0.00030        -0.01100 0.00060 0.000000 0.000000 0.000000      2018.6534
 LS04        -0.06560 0.00050         0.35290 0.00030         0.00630 0.00060 0.000000 0.000000 0.000000      2018.6562
 LS04        -0.07020 0.00050         0.35030 0.00030        -0.03150 0.00060 0.000000 0.000000 0.000000      2018.6589
 LS04        -0.07870 0.00060         0.35380 0.00030        -0.05200 0.00070 0.000000 0.000000 0.000000      2018.6616
 LS04        -0.06420 0.00060         0.33940 0.00030        -0.00030 0.00060 0.000000 0.000000 0.000000      2018.6644
 LS04        -0.06370 0.00060         0.35510 0.00030        -0.02370 0.00070 0.000000 0.000000 0.000000      2018.6671
 LS04        -0.07860 0.00080         0.34180 0.00040        -0.01370 0.00090 0.000000 0.000000 0.000000      2018.6699
 LS04        -0.06800 0.00060         0.35940 0.00030         0.01230 0.00060 0.000000 0.000000 0.000000      2018.6726
 LS04        -0.06940 0.00050         0.34700 0.00030        -0.02130 0.00060 0.000000 0.000000 0.000000      2018.6754
 LS04        -0.07560 0.00070         0.35680 0.00040        -0.03990 0.00080 0.000000 0.000000 0.000000      2018.6780
 LS04        -0.07420 0.00060         0.35390 0.00030        -0.02060 0.00060 0.000000 0.000000 0.000000      2018.6809
 LS04        -0.06920 0.00050         0.35670 0.00020        -0.02950 0.00050 0.000000 0.000000 0.000000      2018.6835
 LS04        -0.07220 0.00050         0.35670 0.00030        -0.01150 0.00060 0.000000 0.000000 0.000000      2018.6862
 LS04        -0.07700 0.00050         0.35790 0.00030        -0.03670 0.00060 0.000000 0.000000 0.000000      2018.6890
 LS04        -0.07090 0.00050         0.35970 0.00030        -0.02850 0.00060 0.000000 0.000000 0.000000      2018.6917
 LS04        -0.06980 0.00060         0.35290 0.00030        -0.03290 0.00070 0.000000 0.000000 0.000000      2018.6945
 LS04        -0.07000 0.00050         0.35520 0.00030        -0.03960 0.00060 0.000000 0.000000 0.000000      2018.6972
 LS04        -0.06760 0.00050         0.35520 0.00030        -0.02260 0.00060 0.000000 0.000000 0.000000      2018.7000
 LS04        -0.07460 0.00050         0.35160 0.00030        -0.03510 0.00060 0.000000 0.000000 0.000000      2018.7027
 LS04        -0.07440 0.00060         0.35620 0.00030        -0.04320 0.00060 0.000000 0.000000 0.000000      2018.7055
 LS04        -0.07310 0.00050         0.34920 0.00030        -0.03470 0.00060 0.000000 0.000000 0.000000      2018.7082
 LS04        -0.07320 0.00060         0.35710 0.00030        -0.01120 0.00060 0.000000 0.000000 0.000000      2018.7109
 LS04        -0.07670 0.00050         0.34820 0.00020        -0.02440 0.00050 0.000000 0.000000 0.000000      2018.7137
 LS04        -0.07340 0.00060         0.35420 0.00030        -0.01990 0.00060 0.000000 0.000000 0.000000      2018.7164
 LS04        -0.07360 0.00060         0.34100 0.00030        -0.07650 0.00070 0.000000 0.000000 0.000000      2018.7192
 LS04        -0.07640 0.00060         0.36120 0.00030        -0.04600 0.00070 0.000000 0.000000 0.000000      2018.7219
 LS04        -0.07650 0.00050         0.34510 0.00030        -0.03810 0.00060 0.000000 0.000000 0.000000      2018.7247
 LS04        -0.07640 0.00050         0.35680 0.00030        -0.04990 0.00060 0.000000 0.000000 0.000000      2018.7274
 LS04        -0.07540 0.00050         0.35470 0.00030        -0.04840 0.00060 0.000000 0.000000 0.000000      2018.7302
 LS04        -0.07010 0.00060         0.35730 0.00030        -0.04320 0.00070 0.000000 0.000000 0.000000      2018.7329
 LS04        -0.07700 0.00050         0.34740 0.00030        -0.08040 0.00060 0.000000 0.000000 0.000000      2018.7355
 LS04        -0.07410 0.00060         0.35610 0.00030        -0.05110 0.00070 0.000000 0.000000 0.000000      2018.7383
 LS04        -0.07120 0.00050         0.35400 0.00030        -0.02360 0.00060 0.000000 0.000000 0.000000      2018.7410
 LS04        -0.07030 0.00050         0.35430 0.00030        -0.04080 0.00060 0.000000 0.000000 0.000000      2018.7438
 LS04        -0.07520 0.00060         0.35600 0.00030        -0.04630 0.00070 0.000000 0.000000 0.000000      2018.7465
 LS04        -0.07530 0.00050         0.35600 0.00030        -0.06530 0.00060 0.000000 0.000000 0.000000      2018.7493
 LS04        -0.06710 0.00060         0.34870 0.00030        -0.03640 0.00060 0.000000 0.000000 0.000000      2018.7520
 LS04        -0.07140 0.00050         0.35160 0.00030        -0.04840 0.00060 0.000000 0.000000 0.000000      2018.7547
 LS04        -0.07230 0.00050         0.35780 0.00020        -0.01940 0.00050 0.000000 0.000000 0.000000      2018.7575
 LS04        -0.07430 0.00040         0.35710 0.00020        -0.01670 0.00050 0.000000 0.000000 0.000000      2018.7602
 LS04        -0.06560 0.00060         0.35960 0.00030        -0.00110 0.00070 0.000000 0.000000 0.000000      2018.7630
 LS04        -0.07180 0.00050         0.35420 0.00030        -0.06870 0.00060 0.000000 0.000000 0.000000      2018.7657
 LS04        -0.06740 0.00060         0.35800 0.00030        -0.06400 0.00070 0.000000 0.000000 0.000000      2018.7685
 LS04        -0.06845 0.00057         0.36235 0.00025        -0.03976 0.00067 0.000000 0.000000 0.000000      2018.7712
 LS04        -0.07060 0.00050         0.36300 0.00020        -0.01990 0.00060 0.000000 0.000000 0.000000      2018.7740
 LS04        -0.06610 0.00040         0.35790 0.00020        -0.04620 0.00050 0.000000 0.000000 0.000000      2018.7767
 LS04        -0.06610 0.00050         0.35640 0.00030        -0.01080 0.00060 0.000000 0.000000 0.000000      2018.7794
 LS04        -0.07470 0.00060         0.35810 0.00030        -0.03060 0.00070 0.000000 0.000000 0.000000      2018.7822
 LS04        -0.07390 0.00060         0.35470 0.00030        -0.03110 0.00070 0.000000 0.000000 0.000000      2018.7849
 LS04        -0.07630 0.00060         0.36240 0.00030        -0.02110 0.00070 0.000000 0.000000 0.000000      2018.7877
 LS04        -0.07060 0.00060         0.35540 0.00030        -0.03330 0.00060 0.000000 0.000000 0.000000      2018.7903
 LS04        -0.07310 0.00050         0.35990 0.00030        -0.03470 0.00060 0.000000 0.000000 0.000000      2018.7932
 LS04        -0.06580 0.00050         0.35550 0.00030        -0.00190 0.00060 0.000000 0.000000 0.000000      2018.7958
 LS04        -0.06900 0.00050         0.36020 0.00030        -0.01770 0.00060 0.000000 0.000000 0.000000      2018.7986
 LS04        -0.06910 0.00060         0.36080 0.00030        -0.02370 0.00060 0.000000 0.000000 0.000000      2018.8013
 LS04        -0.07960 0.00050         0.36130 0.00030        -0.01710 0.00060 0.000000 0.000000 0.000000      2018.8040
 LS04        -0.07610 0.00050         0.36350 0.00030        -0.05380 0.00060 0.000000 0.000000 0.000000      2018.8068
 LS04        -0.07380 0.00050         0.35860 0.00020        -0.01440 0.00050 0.000000 0.000000 0.000000      2018.8095
 LS04        -0.07310 0.00050         0.36130 0.00030        -0.01860 0.00060 0.000000 0.000000 0.000000      2018.8123
 LS04        -0.07280 0.00050         0.35430 0.00030        -0.01790 0.00060 0.000000 0.000000 0.000000      2018.8150
 LS04        -0.07680 0.00050         0.36050 0.00020        -0.01550 0.00050 0.000000 0.000000 0.000000      2018.8178
 LS04        -0.07770 0.00050         0.36120 0.00030        -0.01500 0.00050 0.000000 0.000000 0.000000      2018.8205
 LS04        -0.08010 0.00050         0.35430 0.00030        -0.02670 0.00060 0.000000 0.000000 0.000000      2018.8233
 LS04        -0.07390 0.00050         0.35340 0.00030        -0.04630 0.00060 0.000000 0.000000 0.000000      2018.8260
 LS04        -0.07520 0.00050         0.35860 0.00030        -0.02020 0.00060 0.000000 0.000000 0.000000      2018.8287
 LS04        -0.07650 0.00050         0.36140 0.00020        -0.02310 0.00050 0.000000 0.000000 0.000000      2018.8315
 LS04        -0.07600 0.00040         0.36420 0.00020        -0.01920 0.00050 0.000000 0.000000 0.000000      2018.8342
 LS04        -0.07730 0.00040         0.35610 0.00020        -0.00700 0.00050 0.000000 0.000000 0.000000      2018.8370
 LS04        -0.07100 0.00050         0.35450 0.00020        -0.02120 0.00050 0.000000 0.000000 0.000000      2018.8397
 LS04        -0.07650 0.00050         0.35900 0.00020        -0.00040 0.00050 0.000000 0.000000 0.000000      2018.8425
 LS04        -0.07760 0.00050         0.35900 0.00020        -0.03510 0.00050 0.000000 0.000000 0.000000      2018.8452
 LS04        -0.08230 0.00050         0.35740 0.00030        -0.01820 0.00050 0.000000 0.000000 0.000000      2018.8480
 LS04        -0.07900 0.00050         0.36540 0.00030        -0.00860 0.00060 0.000000 0.000000 0.000000      2018.8507
 LS04        -0.07591 0.00050         0.36329 0.00030        -0.01694 0.00060 0.000000 0.000000 0.000000      2018.8534
 LS04        -0.07470 0.00050         0.35700 0.00030        -0.03100 0.00060 0.000000 0.000000 0.000000      2018.8561
 LS04        -0.07840 0.00050         0.35930 0.00030        -0.02230 0.00050 0.000000 0.000000 0.000000      2018.8588
 LS04        -0.07810 0.00050         0.35970 0.00020        -0.02880 0.00050 0.000000 0.000000 0.000000      2018.8616
 LS04        -0.07220 0.00050         0.36840 0.00020        -0.01440 0.00050 0.000000 0.000000 0.000000      2018.8643
 LS04        -0.08260 0.00050         0.35890 0.00030        -0.04810 0.00060 0.000000 0.000000 0.000000      2018.8671
 LS04        -0.07060 0.00040         0.36310 0.00020        -0.01210 0.00050 0.000000 0.000000 0.000000      2018.8698
 LS04        -0.07730 0.00050         0.35900 0.00030        -0.04040 0.00060 0.000000 0.000000 0.000000      2018.8726
 LS04        -0.07420 0.00050         0.36030 0.00030         0.00360 0.00060 0.000000 0.000000 0.000000      2018.8753
 LS04        -0.08210 0.00050         0.36080 0.00030        -0.03900 0.00060 0.000000 0.000000 0.000000      2018.8780
 LS04        -0.07800 0.00050         0.36010 0.00020        -0.04360 0.00050 0.000000 0.000000 0.000000      2018.8808
 LS04        -0.07800 0.00050         0.35820 0.00030        -0.02250 0.00060 0.000000 0.000000 0.000000      2018.8835
 LS04        -0.07890 0.00050         0.36040 0.00030        -0.01010 0.00060 0.000000 0.000000 0.000000      2018.8863
 LS04        -0.07640 0.00040         0.35840 0.00020        -0.01020 0.00050 0.000000 0.000000 0.000000      2018.8890
 LS04        -0.08030 0.00050         0.36530 0.00030        -0.02350 0.00050 0.000000 0.000000 0.000000      2018.8918
 LS04        -0.07720 0.00040         0.35940 0.00020        -0.02030 0.00050 0.000000 0.000000 0.000000      2018.8945
 LS04        -0.07620 0.00040         0.36290 0.00020        -0.03230 0.00050 0.000000 0.000000 0.000000      2018.8973
 LS04        -0.07630 0.00050         0.36580 0.00020        -0.00530 0.00060 0.000000 0.000000 0.000000      2018.9000
 LS04        -0.08000 0.00050         0.36400 0.00020        -0.03130 0.00060 0.000000 0.000000 0.000000      2018.9027
 LS04        -0.07880 0.00050         0.36170 0.00030        -0.02230 0.00060 0.000000 0.000000 0.000000      2018.9055
 LS04        -0.08140 0.00040         0.35840 0.00020        -0.04400 0.00050 0.000000 0.000000 0.000000      2018.9081
 LS04        -0.08140 0.00050         0.36600 0.00020        -0.04600 0.00050 0.000000 0.000000 0.000000      2018.9110
 LS04        -0.07930 0.00040         0.36140 0.00020        -0.03320 0.00050 0.000000 0.000000 0.000000      2018.9136
 LS04        -0.07570 0.00050         0.35850 0.00020        -0.00370 0.00050 0.000000 0.000000 0.000000      2018.9164
 LS04        -0.07780 0.00050         0.35560 0.00020        -0.01950 0.00050 0.000000 0.000000 0.000000      2018.9191
 LS04        -0.07390 0.00040         0.35900 0.00020        -0.03970 0.00050 0.000000 0.000000 0.000000      2018.9219
 LS04        -0.07080 0.00040         0.36210 0.00020        -0.02380 0.00050 0.000000 0.000000 0.000000      2018.9246
 LS04        -0.07460 0.00040         0.35910 0.00020        -0.02610 0.00050 0.000000 0.000000 0.000000      2018.9273
 LS04        -0.07660 0.00040         0.36100 0.00020        -0.01260 0.00050 0.000000 0.000000 0.000000      2018.9301
 LS04        -0.07300 0.00040         0.36410 0.00020        -0.01950 0.00050 0.000000 0.000000 0.000000      2018.9328
 LS04        -0.07900 0.00040         0.36160 0.00020        -0.03050 0.00050 0.000000 0.000000 0.000000      2018.9356
 LS04        -0.07160 0.00040         0.36220 0.00020        -0.03760 0.00050 0.000000 0.000000 0.000000      2018.9383
 LS04        -0.07380 0.00050         0.35650 0.00030        -0.07500 0.00060 0.000000 0.000000 0.000000      2018.9411
 LS04        -0.07710 0.00050         0.36330 0.00030        -0.01260 0.00060 0.000000 0.000000 0.000000      2018.9438
 LS04        -0.07820 0.00040         0.36080 0.00020        -0.03200 0.00050 0.000000 0.000000 0.000000      2018.9466
 LS04        -0.07440 0.00040         0.36390 0.00020         0.00300 0.00050 0.000000 0.000000 0.000000      2018.9493
 LS04        -0.07610 0.00040         0.36320 0.00020        -0.04530 0.00050 0.000000 0.000000 0.000000      2018.9520
 LS04        -0.07510 0.00040         0.36060 0.00020        -0.04320 0.00050 0.000000 0.000000 0.000000      2018.9548
 LS04        -0.07480 0.00040         0.36220 0.00020        -0.03600 0.00050 0.000000 0.000000 0.000000      2018.9575
 LS04        -0.07780 0.00040         0.35960 0.00020        -0.03040 0.00050 0.000000 0.000000 0.000000      2018.9603
 LS04        -0.07200 0.00040         0.36300 0.00020         0.00390 0.00040 0.000000 0.000000 0.000000      2018.9630
 LS04        -0.07330 0.00050         0.36280 0.00020        -0.03080 0.00050 0.000000 0.000000 0.000000      2018.9658
 LS04        -0.07580 0.00050         0.35940 0.00020        -0.03820 0.00050 0.000000 0.000000 0.000000      2018.9684
 LS04        -0.08180 0.00050         0.36010 0.00020        -0.04340 0.00050 0.000000 0.000000 0.000000      2018.9713
 LS04        -0.07590 0.00040         0.36130 0.00020        -0.02910 0.00050 0.000000 0.000000 0.000000      2018.9739
 LS04        -0.07480 0.00040         0.36150 0.00020        -0.03160 0.00050 0.000000 0.000000 0.000000      2018.9766
 LS04        -0.07640 0.00040         0.36190 0.00020        -0.00840 0.00050 0.000000 0.000000 0.000000      2018.9794
 LS04        -0.08170 0.00040         0.35650 0.00020        -0.04110 0.00050 0.000000 0.000000 0.000000      2018.9821
 LS04        -0.07720 0.00040         0.36230 0.00020        -0.04620 0.00050 0.000000 0.000000 0.000000      2018.9849
 LS04        -0.07720 0.00050         0.36450 0.00030        -0.05400 0.00060 0.000000 0.000000 0.000000      2018.9876
 LS04        -0.07660 0.00040         0.35620 0.00020        -0.05190 0.00050 0.000000 0.000000 0.000000      2018.9904
 LS04        -0.07390 0.00040         0.36080 0.00020        -0.02370 0.00050 0.000000 0.000000 0.000000      2018.9931
 LS04        -0.07960 0.00040         0.35790 0.00020        -0.05800 0.00050 0.000000 0.000000 0.000000      2018.9959
 LS04        -0.07850 0.00040         0.36280 0.00020        -0.05540 0.00050 0.000000 0.000000 0.000000      2018.9986
 LS04        -0.07790 0.00050         0.36150 0.00020        -0.03650 0.00050 0.000000 0.000000 0.000000      2019.0013
 LS04        -0.07870 0.00050         0.36060 0.00030        -0.03070 0.00060 0.000000 0.000000 0.000000      2019.0041
 LS04        -0.07090 0.00040         0.36050 0.00020        -0.01290 0.00050 0.000000 0.000000 0.000000      2019.0068
 LS04        -0.07480 0.00040         0.36320 0.00020        -0.01920 0.00050 0.000000 0.000000 0.000000      2019.0096
 LS04        -0.08130 0.00040         0.35890 0.00020        -0.04390 0.00050 0.000000 0.000000 0.000000      2019.0123
 LS04        -0.08010 0.00040         0.36430 0.00020        -0.03590 0.00050 0.000000 0.000000 0.000000      2019.0151
 LS04        -0.07640 0.00040         0.36250 0.00020        -0.01670 0.00050 0.000000 0.000000 0.000000      2019.0178
 LS04        -0.08040 0.00040         0.36370 0.00020        -0.02980 0.00050 0.000000 0.000000 0.000000      2019.0206
 LS04        -0.07430 0.00040         0.36520 0.00020         0.00990 0.00050 0.000000 0.000000 0.000000      2019.0233
 LS04        -0.07870 0.00040         0.36270 0.00020        -0.01840 0.00040 0.000000 0.000000 0.000000      2019.0259
 LS04        -0.07720 0.00040         0.36060 0.00020        -0.02560 0.00050 0.000000 0.000000 0.000000      2019.0288
 LS04        -0.07970 0.00040         0.36340 0.00020        -0.02360 0.00050 0.000000 0.000000 0.000000      2019.0314
 LS04        -0.07600 0.00040         0.36090 0.00020        -0.01240 0.00050 0.000000 0.000000 0.000000      2019.0342
 LS04        -0.08020 0.00040         0.35980 0.00020        -0.03420 0.00050 0.000000 0.000000 0.000000      2019.0369
 LS04        -0.07830 0.00040         0.36000 0.00020        -0.01240 0.00050 0.000000 0.000000 0.000000      2019.0397
 LS04        -0.08170 0.00040         0.36320 0.00020        -0.02980 0.00040 0.000000 0.000000 0.000000      2019.0424
 LS04        -0.07830 0.00040         0.36180 0.00020        -0.02620 0.00050 0.000000 0.000000 0.000000      2019.0452
 LS04        -0.07810 0.00040         0.35870 0.00020        -0.01110 0.00050 0.000000 0.000000 0.000000      2019.0479
 LS04        -0.07640 0.00050         0.36260 0.00020        -0.01720 0.00050 0.000000 0.000000 0.000000      2019.0506
 LS04        -0.07710 0.00040         0.36550 0.00020        -0.02620 0.00050 0.000000 0.000000 0.000000      2019.0534
 LS04        -0.08190 0.00040         0.36670 0.00020        -0.04920 0.00050 0.000000 0.000000 0.000000      2019.0561
 LS04        -0.07880 0.00040         0.36430 0.00020        -0.00890 0.00050 0.000000 0.000000 0.000000      2019.0589
 LS04        -0.07980 0.00040         0.36260 0.00020        -0.02360 0.00040 0.000000 0.000000 0.000000      2019.0616
 LS04        -0.07440 0.00040         0.36230 0.00020        -0.01330 0.00050 0.000000 0.000000 0.000000      2019.0644
 LS04        -0.07400 0.00040         0.36490 0.00020         0.01000 0.00040 0.000000 0.000000 0.000000      2019.0671
 LS04        -0.08190 0.00040         0.36350 0.00020        -0.02940 0.00050 0.000000 0.000000 0.000000      2019.0699
 LS04        -0.08034 0.00042         0.36320 0.00022        -0.01989 0.00054 0.000000 0.000000 0.000000      2019.0726
 LS04        -0.07812 0.00045         0.36243 0.00025        -0.00253 0.00057 0.000000 0.000000 0.000000      2019.0754
 LS04        -0.07513 0.00048         0.36196 0.00028         0.00406 0.00059 0.000000 0.000000 0.000000      2019.0781
 LS04        -0.07440 0.00050         0.36160 0.00030         0.01010 0.00060 0.000000 0.000000 0.000000      2019.0808
 LS04        -0.07930 0.00040         0.36570 0.00020        -0.00400 0.00050 0.000000 0.000000 0.000000      2019.0836
 LS04        -0.07880 0.00040         0.36190 0.00020        -0.00910 0.00050 0.000000 0.000000 0.000000      2019.0862
 LS04        -0.07990 0.00040         0.36240 0.00020        -0.01690 0.00050 0.000000 0.000000 0.000000      2019.0891
 LS04        -0.07610 0.00040         0.36220 0.00020         0.00570 0.00050 0.000000 0.000000 0.000000      2019.0917
 LS04        -0.07546 0.00040         0.36258 0.00020         0.00618 0.00050 0.000000 0.000000 0.000000      2019.0944
 LS04        -0.07490 0.00040         0.36275 0.00020         0.00511 0.00050 0.000000 0.000000 0.000000      2019.0972
 LS04        -0.07483 0.00040         0.36359 0.00020         0.00047 0.00050 0.000000 0.000000 0.000000      2019.0999
 LS04        -0.07474 0.00040         0.36425 0.00020        -0.00257 0.00050 0.000000 0.000000 0.000000      2019.1027
 LS04        -0.07490 0.00040         0.36450 0.00020        -0.00580 0.00050 0.000000 0.000000 0.000000      2019.1054
 LS04        -0.07610 0.00040         0.36690 0.00020        -0.00680 0.00040 0.000000 0.000000 0.000000      2019.1082
 LS04        -0.08010 0.00040         0.36610 0.00020        -0.02500 0.00050 0.000000 0.000000 0.000000      2019.1109
 LS04        -0.07430 0.00040         0.36570 0.00020        -0.00390 0.00050 0.000000 0.000000 0.000000      2019.1137
 LS04        -0.08510 0.00040         0.35900 0.00020        -0.05700 0.00050 0.000000 0.000000 0.000000      2019.1164
 LS04        -0.07930 0.00040         0.35890 0.00020        -0.03710 0.00050 0.000000 0.000000 0.000000      2019.1192
 LS04        -0.07290 0.00040         0.36720 0.00020         0.00620 0.00050 0.000000 0.000000 0.000000      2019.1219
 LS04        -0.07690 0.00040         0.36420 0.00020        -0.02650 0.00050 0.000000 0.000000 0.000000      2019.1246
 LS04        -0.07610 0.00040         0.36530 0.00020         0.00150 0.00050 0.000000 0.000000 0.000000      2019.1274
 LS04        -0.07630 0.00040         0.36630 0.00020        -0.00500 0.00050 0.000000 0.000000 0.000000      2019.1301
 LS04        -0.08210 0.00060         0.36060 0.00030        -0.01650 0.00060 0.000000 0.000000 0.000000      2019.1329
 LS04        -0.07760 0.00040         0.36580 0.00020        -0.03020 0.00050 0.000000 0.000000 0.000000      2019.1356
 LS04        -0.07630 0.00040         0.36730 0.00020        -0.00620 0.00050 0.000000 0.000000 0.000000      2019.1384
 LS04        -0.07670 0.00040         0.36360 0.00020        -0.01570 0.00040 0.000000 0.000000 0.000000      2019.1411
 LS04        -0.07580 0.00040         0.36550 0.00020        -0.00270 0.00050 0.000000 0.000000 0.000000      2019.1439
 LS04        -0.07411 0.00040         0.36523 0.00020        -0.00349 0.00050 0.000000 0.000000 0.000000      2019.1465
 LS04        -0.07310 0.00040         0.36490 0.00020        -0.00540 0.00050 0.000000 0.000000 0.000000      2019.1492
 LS04        -0.07680 0.00040         0.36700 0.00020        -0.00450 0.00050 0.000000 0.000000 0.000000      2019.1520
 LS04        -0.07700 0.00040         0.36670 0.00020         0.01000 0.00050 0.000000 0.000000 0.000000      2019.1547
 LS04        -0.07730 0.00040         0.36410 0.00020        -0.00170 0.00050 0.000000 0.000000 0.000000      2019.1575
 LS04        -0.08290 0.00040         0.36560 0.00020        -0.00390 0.00050 0.000000 0.000000 0.000000      2019.1602
 LS04        -0.08060 0.00040         0.36650 0.00020         0.00020 0.00050 0.000000 0.000000 0.000000      2019.1630
 LS04        -0.08020 0.00040         0.36730 0.00020        -0.01880 0.00040 0.000000 0.000000 0.000000      2019.1657
 LS04        -0.07700 0.00050         0.36540 0.00020        -0.02060 0.00050 0.000000 0.000000 0.000000      2019.1685
 LS04        -0.08160 0.00050         0.36560 0.00020        -0.03410 0.00050 0.000000 0.000000 0.000000      2019.1712
 LS04        -0.07810 0.00040         0.36860 0.00020        -0.00340 0.00050 0.000000 0.000000 0.000000      2019.1739
 LS04        -0.07090 0.00040         0.36790 0.00020         0.01470 0.00050 0.000000 0.000000 0.000000      2019.1767
 LS04        -0.07320 0.00040         0.36970 0.00020        -0.00520 0.00050 0.000000 0.000000 0.000000      2019.1794
 LS04        -0.07560 0.00050         0.36680 0.00020        -0.00840 0.00060 0.000000 0.000000 0.000000      2019.1822
 LS04        -0.07447 0.00045         0.36510 0.00020        -0.00873 0.00055 0.000000 0.000000 0.000000      2019.1849
 LS04        -0.07400 0.00040         0.36360 0.00020        -0.00950 0.00050 0.000000 0.000000 0.000000      2019.1877
 LS04        -0.07535 0.00040         0.36571 0.00020        -0.01377 0.00050 0.000000 0.000000 0.000000      2019.1905
 LS04        -0.07710 0.00040         0.36690 0.00020        -0.01850 0.00050 0.000000 0.000000 0.000000      2019.1932
 LS04        -0.07370 0.00050         0.36600 0.00020        -0.00940 0.00060 0.000000 0.000000 0.000000      2019.1959
 LS04        -0.07400 0.00040         0.36670 0.00020        -0.01360 0.00050 0.000000 0.000000 0.000000      2019.1986
 LS04        -0.07750 0.00050         0.36560 0.00020        -0.03510 0.00050 0.000000 0.000000 0.000000      2019.2014
 LS04        -0.07700 0.00050         0.36540 0.00020        -0.02847 0.00050 0.000000 0.000000 0.000000      2019.2041
 LS04        -0.07678 0.00050         0.36510 0.00020        -0.01820 0.00050 0.000000 0.000000 0.000000      2019.2069
 LS04        -0.07638 0.00050         0.36467 0.00020        -0.00985 0.00050 0.000000 0.000000 0.000000      2019.2096
 LS04        -0.07620 0.00050         0.36410 0.00020        -0.00940 0.00050 0.000000 0.000000 0.000000      2019.2123
 LS04        -0.07710 0.00050         0.36280 0.00030        -0.01530 0.00050 0.000000 0.000000 0.000000      2019.2150
 LS04        -0.07380 0.00050         0.36380 0.00020        -0.02100 0.00060 0.000000 0.000000 0.000000      2019.2178
 LS04        -0.07810 0.00050         0.37020 0.00030        -0.01870 0.00060 0.000000 0.000000 0.000000      2019.2205
 LS04        -0.07300 0.00040         0.36600 0.00020        -0.00840 0.00050 0.000000 0.000000 0.000000      2019.2232
 LS04        -0.07610 0.00050         0.36020 0.00030        -0.02350 0.00060 0.000000 0.000000 0.000000      2019.2260
 LS04        -0.07582 0.00050         0.36302 0.00025        -0.01850 0.00055 0.000000 0.000000 0.000000      2019.2288
 LS04        -0.07540 0.00050         0.36540 0.00020        -0.01350 0.00050 0.000000 0.000000 0.000000      2019.2315
 LS04        -0.07440 0.00050         0.36520 0.00030        -0.02020 0.00060 0.000000 0.000000 0.000000      2019.2342
 LS04        -0.07428 0.00050         0.36587 0.00029        -0.02212 0.00060 0.000000 0.000000 0.000000      2019.2370
 LS04        -0.07510 0.00050         0.36690 0.00020        -0.02300 0.00060 0.000000 0.000000 0.000000      2019.2397
