 LS05        -0.15640 0.00020         0.34040 0.00010         0.08340 0.00020 0.000000 0.000000 0.000000      2018.2397
 LS05        -0.15540 0.00020         0.34060 0.00010         0.08410 0.00020 0.000000 0.000000 0.000000      2018.2425
 LS05        -0.15540 0.00020         0.33840 0.00010         0.07970 0.00020 0.000000 0.000000 0.000000      2018.2452
 LS05        -0.15540 0.00020         0.33580 0.00010         0.07780 0.00020 0.000000 0.000000 0.000000      2018.2479
 LS05        -0.15650 0.00020         0.33880 0.00010         0.08610 0.00020 0.000000 0.000000 0.000000      2018.2507
 LS05        -0.15570 0.00020         0.34030 0.00010         0.08760 0.00020 0.000000 0.000000 0.000000      2018.2534
 LS05        -0.15650 0.00020         0.33980 0.00010         0.08780 0.00020 0.000000 0.000000 0.000000      2018.2562
 LS05        -0.15620 0.00020         0.33830 0.00010         0.08630 0.00020 0.000000 0.000000 0.000000      2018.2589
 LS05        -0.15590 0.00020         0.33860 0.00010         0.07830 0.00020 0.000000 0.000000 0.000000      2018.2617
 LS05        -0.15600 0.00020         0.33970 0.00010         0.08160 0.00020 0.000000 0.000000 0.000000      2018.2643
 LS05        -0.15710 0.00020         0.34050 0.00010         0.08350 0.00020 0.000000 0.000000 0.000000      2018.2670
 LS05        -0.15480 0.00020         0.34050 0.00010         0.09110 0.00020 0.000000 0.000000 0.000000      2018.2698
 LS05        -0.15500 0.00020         0.34050 0.00010         0.08970 0.00020 0.000000 0.000000 0.000000      2018.2725
 LS05        -0.15620 0.00020         0.34010 0.00010         0.09360 0.00020 0.000000 0.000000 0.000000      2018.2753
 LS05        -0.15740 0.00020         0.34210 0.00010         0.09170 0.00020 0.000000 0.000000 0.000000      2018.2780
 LS05        -0.15570 0.00020         0.33780 0.00010         0.08220 0.00020 0.000000 0.000000 0.000000      2018.2808
 LS05        -0.15620 0.00020         0.33910 0.00010         0.07860 0.00020 0.000000 0.000000 0.000000      2018.2835
 LS05        -0.15420 0.00020         0.34040 0.00010         0.08070 0.00020 0.000000 0.000000 0.000000      2018.2863
 LS05        -0.15520 0.00020         0.33920 0.00010         0.07860 0.00020 0.000000 0.000000 0.000000      2018.2890
 LS05        -0.15800 0.00020         0.33970 0.00010         0.08050 0.00020 0.000000 0.000000 0.000000      2018.2917
 LS05        -0.15490 0.00020         0.33810 0.00010         0.08620 0.00020 0.000000 0.000000 0.000000      2018.2945
 LS05        -0.15520 0.00020         0.33900 0.00010         0.08680 0.00020 0.000000 0.000000 0.000000      2018.2972
 LS05        -0.15600 0.00020         0.34160 0.00010         0.08500 0.00030 0.000000 0.000000 0.000000      2018.3000
 LS05        -0.15550 0.00020         0.34210 0.00010         0.08200 0.00020 0.000000 0.000000 0.000000      2018.3027
 LS05        -0.15560 0.00020         0.34240 0.00010         0.08920 0.00020 0.000000 0.000000 0.000000      2018.3055
 LS05        -0.15440 0.00020         0.34220 0.00010         0.08080 0.00020 0.000000 0.000000 0.000000      2018.3082
 LS05        -0.15570 0.00020         0.34120 0.00010         0.08200 0.00020 0.000000 0.000000 0.000000      2018.3110
 LS05        -0.15550 0.00020         0.34200 0.00010         0.08330 0.00020 0.000000 0.000000 0.000000      2018.3137
 LS05        -0.15530 0.00020         0.34130 0.00010         0.07680 0.00020 0.000000 0.000000 0.000000      2018.3163
 LS05        -0.15530 0.00020         0.34070 0.00010         0.08120 0.00020 0.000000 0.000000 0.000000      2018.3192
 LS05        -0.15550 0.00020         0.33970 0.00010         0.08590 0.00020 0.000000 0.000000 0.000000      2018.3218
 LS05        -0.15660 0.00020         0.33980 0.00010         0.08470 0.00030 0.000000 0.000000 0.000000      2018.3246
 LS05        -0.15630 0.00020         0.34180 0.00010         0.08600 0.00020 0.000000 0.000000 0.000000      2018.3273
 LS05        -0.15531 0.00020         0.34154 0.00010         0.08172 0.00020 0.000000 0.000000 0.000000      2018.3301
 LS05        -0.15490 0.00020         0.34080 0.00010         0.07730 0.00020 0.000000 0.000000 0.000000      2018.3328
 LS05        -0.15650 0.00020         0.34260 0.00010         0.08350 0.00020 0.000000 0.000000 0.000000      2018.3356
 LS05        -0.15790 0.00020         0.34100 0.00010         0.08730 0.00020 0.000000 0.000000 0.000000      2018.3383
 LS05        -0.15640 0.00020         0.34000 0.00010         0.08980 0.00030 0.000000 0.000000 0.000000      2018.3410
 LS05        -0.15490 0.00020         0.33930 0.00010         0.08340 0.00020 0.000000 0.000000 0.000000      2018.3438
 LS05        -0.15680 0.00020         0.34410 0.00010         0.08500 0.00020 0.000000 0.000000 0.000000      2018.3465
 LS05        -0.15610 0.00020         0.34370 0.00010         0.08920 0.00020 0.000000 0.000000 0.000000      2018.3493
 LS05        -0.15610 0.00020         0.34430 0.00010         0.08450 0.00020 0.000000 0.000000 0.000000      2018.3520
 LS05        -0.15560 0.00020         0.34160 0.00010         0.08520 0.00020 0.000000 0.000000 0.000000      2018.3548
 LS05        -0.15560 0.00020         0.34190 0.00010         0.08660 0.00020 0.000000 0.000000 0.000000      2018.3575
 LS05        -0.15500 0.00020         0.34200 0.00010         0.08620 0.00020 0.000000 0.000000 0.000000      2018.3603
 LS05        -0.15660 0.00020         0.34240 0.00010         0.08780 0.00020 0.000000 0.000000 0.000000      2018.3630
 LS05        -0.15690 0.00020         0.34290 0.00010         0.09680 0.00020 0.000000 0.000000 0.000000      2018.3657
 LS05        -0.15540 0.00020         0.34130 0.00010         0.08710 0.00020 0.000000 0.000000 0.000000      2018.3685
 LS05        -0.15620 0.00020         0.34270 0.00010         0.09400 0.00030 0.000000 0.000000 0.000000      2018.3712
 LS05        -0.15780 0.00020         0.34500 0.00010         0.09250 0.00020 0.000000 0.000000 0.000000      2018.3740
 LS05        -0.15470 0.00020         0.34300 0.00010         0.09190 0.00020 0.000000 0.000000 0.000000      2018.3767
 LS05        -0.15660 0.00020         0.34600 0.00010         0.08840 0.00030 0.000000 0.000000 0.000000      2018.3795
 LS05        -0.15540 0.00020         0.34400 0.00010         0.09340 0.00020 0.000000 0.000000 0.000000      2018.3821
 LS05        -0.15420 0.00020         0.34430 0.00010         0.08560 0.00020 0.000000 0.000000 0.000000      2018.3850
 LS05        -0.15710 0.00020         0.34890 0.00010         0.08460 0.00020 0.000000 0.000000 0.000000      2018.3876
 LS05        -0.15720 0.00020         0.34740 0.00010         0.09240 0.00020 0.000000 0.000000 0.000000      2018.3903
 LS05        -0.15520 0.00020         0.34660 0.00010         0.09240 0.00020 0.000000 0.000000 0.000000      2018.3931
 LS05        -0.15640 0.00020         0.34710 0.00010         0.08490 0.00020 0.000000 0.000000 0.000000      2018.3958
 LS05        -0.15500 0.00020         0.34480 0.00010         0.07960 0.00020 0.000000 0.000000 0.000000      2018.3986
 LS05        -0.15710 0.00020         0.34640 0.00010         0.08640 0.00020 0.000000 0.000000 0.000000      2018.4013
 LS05        -0.15480 0.00020         0.34570 0.00010         0.07960 0.00020 0.000000 0.000000 0.000000      2018.4041
 LS05        -0.15750 0.00020         0.34850 0.00010         0.09030 0.00020 0.000000 0.000000 0.000000      2018.4068
 LS05        -0.15780 0.00020         0.34620 0.00010         0.08530 0.00020 0.000000 0.000000 0.000000      2018.4096
 LS05        -0.15830 0.00020         0.34840 0.00010         0.08530 0.00020 0.000000 0.000000 0.000000      2018.4123
 LS05        -0.15800 0.00020         0.34690 0.00010         0.08410 0.00020 0.000000 0.000000 0.000000      2018.4150
 LS05        -0.15720 0.00020         0.34670 0.00010         0.08820 0.00020 0.000000 0.000000 0.000000      2018.4178
 LS05        -0.15850 0.00020         0.34850 0.00010         0.08490 0.00020 0.000000 0.000000 0.000000      2018.4205
 LS05        -0.15750 0.00020         0.35040 0.00010         0.08190 0.00020 0.000000 0.000000 0.000000      2018.4233
 LS05        -0.15770 0.00020         0.34550 0.00010         0.08820 0.00020 0.000000 0.000000 0.000000      2018.4260
 LS05        -0.15610 0.00020         0.34980 0.00010         0.09260 0.00020 0.000000 0.000000 0.000000      2018.4288
 LS05        -0.15460 0.00020         0.35160 0.00010         0.09500 0.00020 0.000000 0.000000 0.000000      2018.4315
 LS05        -0.15700 0.00020         0.34530 0.00010         0.09810 0.00020 0.000000 0.000000 0.000000      2018.4343
 LS05        -0.15890 0.00020         0.34830 0.00010         0.10210 0.00030 0.000000 0.000000 0.000000      2018.4370
 LS05        -0.15610 0.00020         0.34820 0.00010         0.09100 0.00020 0.000000 0.000000 0.000000      2018.4396
 LS05        -0.15870 0.00020         0.34910 0.00010         0.11720 0.00020 0.000000 0.000000 0.000000      2018.4424
 LS05        -0.15720 0.00020         0.34830 0.00010         0.10510 0.00030 0.000000 0.000000 0.000000      2018.4451
 LS05        -0.15760 0.00020         0.34670 0.00010         0.10720 0.00030 0.000000 0.000000 0.000000      2018.4479
 LS05        -0.15530 0.00020         0.34670 0.00010         0.09800 0.00020 0.000000 0.000000 0.000000      2018.4506
 LS05        -0.15840 0.00020         0.34780 0.00010         0.11290 0.00030 0.000000 0.000000 0.000000      2018.4534
 LS05        -0.15970 0.00020         0.35210 0.00010         0.10660 0.00030 0.000000 0.000000 0.000000      2018.4561
 LS05        -0.15930 0.00020         0.34900 0.00010         0.11330 0.00030 0.000000 0.000000 0.000000      2018.4589
 LS05        -0.15970 0.00020         0.34850 0.00010         0.10260 0.00030 0.000000 0.000000 0.000000      2018.4616
 LS05        -0.15900 0.00020         0.34630 0.00010         0.10090 0.00030 0.000000 0.000000 0.000000      2018.4643
 LS05        -0.15830 0.00020         0.34780 0.00010         0.09860 0.00030 0.000000 0.000000 0.000000      2018.4671
 LS05        -0.15710 0.00020         0.35080 0.00010         0.09900 0.00030 0.000000 0.000000 0.000000      2018.4698
 LS05        -0.15920 0.00020         0.34910 0.00010         0.09540 0.00030 0.000000 0.000000 0.000000      2018.4726
 LS05        -0.15820 0.00020         0.35050 0.00010         0.09370 0.00030 0.000000 0.000000 0.000000      2018.4753
 LS05        -0.15860 0.00020         0.34930 0.00010         0.08740 0.00030 0.000000 0.000000 0.000000      2018.4781
 LS05        -0.15600 0.00020         0.34540 0.00020         0.08440 0.00030 0.000000 0.000000 0.000000      2018.4808
 LS05        -0.15550 0.00020         0.35100 0.00010         0.08210 0.00030 0.000000 0.000000 0.000000      2018.4836
 LS05        -0.15610 0.00030         0.35170 0.00020         0.08290 0.00030 0.000000 0.000000 0.000000      2018.4863
 LS05        -0.15930 0.00020         0.35010 0.00010         0.07710 0.00030 0.000000 0.000000 0.000000      2018.4890
 LS05        -0.15910 0.00020         0.34750 0.00020         0.08660 0.00030 0.000000 0.000000 0.000000      2018.4918
 LS05        -0.15740 0.00020         0.35170 0.00010         0.06930 0.00030 0.000000 0.000000 0.000000      2018.4944
 LS05        -0.15790 0.00030         0.34990 0.00020         0.08380 0.00030 0.000000 0.000000 0.000000      2018.4973
 LS05        -0.15750 0.00020         0.35270 0.00010         0.08490 0.00030 0.000000 0.000000 0.000000      2018.4999
 LS05        -0.15840 0.00020         0.35480 0.00010         0.08530 0.00030 0.000000 0.000000 0.000000      2018.5028
 LS05        -0.15780 0.00020         0.35470 0.00010         0.09320 0.00030 0.000000 0.000000 0.000000      2018.5054
 LS05        -0.15770 0.00020         0.35230 0.00010         0.08000 0.00030 0.000000 0.000000 0.000000      2018.5082
 LS05        -0.15696 0.00020         0.35310 0.00010         0.07854 0.00030 0.000000 0.000000 0.000000      2018.5109
 LS05        -0.15650 0.00020         0.35370 0.00010         0.07790 0.00030 0.000000 0.000000 0.000000      2018.5136
 LS05        -0.15803 0.00020         0.35495 0.00010         0.08401 0.00030 0.000000 0.000000 0.000000      2018.5163
 LS05        -0.15990 0.00020         0.35560 0.00010         0.08720 0.00030 0.000000 0.000000 0.000000      2018.5191
 LS05        -0.15880 0.00020         0.35700 0.00010         0.08430 0.00030 0.000000 0.000000 0.000000      2018.5219
 LS05        -0.15920 0.00020         0.35520 0.00010         0.07820 0.00030 0.000000 0.000000 0.000000      2018.5246
 LS05        -0.15860 0.00020         0.35580 0.00010         0.06400 0.00030 0.000000 0.000000 0.000000      2018.5274
 LS05        -0.16095 0.00025         0.35479 0.00015         0.07918 0.00030 0.000000 0.000000 0.000000      2018.5302
 LS05        -0.16330 0.00030         0.35330 0.00020         0.08490 0.00030 0.000000 0.000000 0.000000      2018.5329
 LS05        -0.16170 0.00020         0.35650 0.00010         0.07570 0.00030 0.000000 0.000000 0.000000      2018.5356
 LS05        -0.16260 0.00020         0.35690 0.00010         0.07990 0.00030 0.000000 0.000000 0.000000      2018.5383
 LS05        -0.16040 0.00020         0.35330 0.00010         0.09590 0.00020 0.000000 0.000000 0.000000      2018.5411
 LS05        -0.16170 0.00020         0.35760 0.00010         0.09880 0.00030 0.000000 0.000000 0.000000      2018.5438
 LS05        -0.15480 0.00020         0.35660 0.00020         0.08980 0.00030 0.000000 0.000000 0.000000      2018.5466
 LS05        -0.15990 0.00030         0.35780 0.00020         0.07810 0.00030 0.000000 0.000000 0.000000      2018.5493
 LS05        -0.15750 0.00020         0.35350 0.00010         0.07180 0.00030 0.000000 0.000000 0.000000      2018.5521
 LS05        -0.16330 0.00020         0.34950 0.00010         0.09320 0.00030 0.000000 0.000000 0.000000      2018.5548
 LS05        -0.16080 0.00020         0.35390 0.00010         0.08620 0.00030 0.000000 0.000000 0.000000      2018.5576
 LS05        -0.15830 0.00020         0.35240 0.00010         0.07250 0.00030 0.000000 0.000000 0.000000      2018.5602
 LS05        -0.16290 0.00020         0.34940 0.00010         0.08000 0.00030 0.000000 0.000000 0.000000      2018.5629
 LS05        -0.16100 0.00020         0.35270 0.00010         0.08300 0.00030 0.000000 0.000000 0.000000      2018.5657
 LS05        -0.16100 0.00020         0.35490 0.00010         0.08680 0.00030 0.000000 0.000000 0.000000      2018.5684
 LS05        -0.15940 0.00020         0.35530 0.00010         0.10220 0.00030 0.000000 0.000000 0.000000      2018.5712
 LS05        -0.15970 0.00020         0.35490 0.00010         0.07640 0.00030 0.000000 0.000000 0.000000      2018.5739
 LS05        -0.16070 0.00020         0.35280 0.00010         0.08210 0.00030 0.000000 0.000000 0.000000      2018.5767
 LS05        -0.16090 0.00020         0.35250 0.00010         0.08870 0.00020 0.000000 0.000000 0.000000      2018.5794
 LS05        -0.16220 0.00020         0.35560 0.00010         0.08330 0.00020 0.000000 0.000000 0.000000      2018.5822
 LS05        -0.15990 0.00020         0.35400 0.00010         0.07620 0.00030 0.000000 0.000000 0.000000      2018.5849
 LS05        -0.16050 0.00020         0.35560 0.00010         0.08140 0.00020 0.000000 0.000000 0.000000      2018.5876
 LS05        -0.16280 0.00020         0.35340 0.00010         0.08500 0.00030 0.000000 0.000000 0.000000      2018.5904
 LS05        -0.16190 0.00020         0.35410 0.00010         0.07900 0.00030 0.000000 0.000000 0.000000      2018.5931
 LS05        -0.16050 0.00020         0.35570 0.00010         0.08310 0.00030 0.000000 0.000000 0.000000      2018.5959
 LS05        -0.16090 0.00020         0.35750 0.00010         0.07760 0.00030 0.000000 0.000000 0.000000      2018.5986
 LS05        -0.16130 0.00020         0.35580 0.00010         0.07500 0.00030 0.000000 0.000000 0.000000      2018.6014
 LS05        -0.16100 0.00020         0.35240 0.00010         0.08160 0.00030 0.000000 0.000000 0.000000      2018.6041
 LS05        -0.15950 0.00020         0.35220 0.00010         0.07030 0.00030 0.000000 0.000000 0.000000      2018.6069
 LS05        -0.16230 0.00020         0.35680 0.00010         0.08210 0.00020 0.000000 0.000000 0.000000      2018.6096
 LS05        -0.16130 0.00020         0.35770 0.00010         0.07380 0.00030 0.000000 0.000000 0.000000      2018.6122
 LS05        -0.16270 0.00020         0.35710 0.00010         0.07790 0.00020 0.000000 0.000000 0.000000      2018.6151
 LS05        -0.16310 0.00020         0.35520 0.00010         0.07570 0.00020 0.000000 0.000000 0.000000      2018.6177
 LS05        -0.16400 0.00020         0.35370 0.00010         0.06600 0.00030 0.000000 0.000000 0.000000      2018.6205
 LS05        -0.16210 0.00020         0.35560 0.00010         0.07770 0.00030 0.000000 0.000000 0.000000      2018.6232
 LS05        -0.16370 0.00020         0.35660 0.00010         0.08250 0.00020 0.000000 0.000000 0.000000      2018.6260
 LS05        -0.16350 0.00020         0.35590 0.00010         0.07690 0.00020 0.000000 0.000000 0.000000      2018.6287
 LS05        -0.16130 0.00020         0.35780 0.00010         0.06890 0.00020 0.000000 0.000000 0.000000      2018.6315
 LS05        -0.16030 0.00020         0.35000 0.00010         0.07930 0.00030 0.000000 0.000000 0.000000      2018.6342
 LS05        -0.16050 0.00020         0.35280 0.00010         0.06960 0.00030 0.000000 0.000000 0.000000      2018.6369
 LS05        -0.16160 0.00020         0.35770 0.00010         0.08110 0.00020 0.000000 0.000000 0.000000      2018.6397
 LS05        -0.16340 0.00020         0.35570 0.00010         0.07340 0.00020 0.000000 0.000000 0.000000      2018.6424
 LS05        -0.16090 0.00020         0.35830 0.00010         0.06910 0.00030 0.000000 0.000000 0.000000      2018.6452
 LS05        -0.16400 0.00020         0.35860 0.00010         0.07560 0.00030 0.000000 0.000000 0.000000      2018.6479
 LS05        -0.16290 0.00020         0.35830 0.00010         0.07470 0.00020 0.000000 0.000000 0.000000      2018.6507
 LS05        -0.16200 0.00020         0.35690 0.00010         0.07250 0.00020 0.000000 0.000000 0.000000      2018.6534
 LS05        -0.16340 0.00020         0.35670 0.00010         0.08010 0.00020 0.000000 0.000000 0.000000      2018.6562
 LS05        -0.16230 0.00020         0.35640 0.00010         0.07220 0.00030 0.000000 0.000000 0.000000      2018.6589
 LS05        -0.16520 0.00020         0.35510 0.00010         0.06580 0.00030 0.000000 0.000000 0.000000      2018.6616
 LS05        -0.16640 0.00020         0.35620 0.00010         0.06570 0.00030 0.000000 0.000000 0.000000      2018.6644
 LS05        -0.16290 0.00020         0.35290 0.00010         0.08970 0.00030 0.000000 0.000000 0.000000      2018.6671
 LS05        -0.16050 0.00020         0.35380 0.00010         0.09800 0.00030 0.000000 0.000000 0.000000      2018.6699
 LS05        -0.16230 0.00020         0.35460 0.00010         0.07160 0.00020 0.000000 0.000000 0.000000      2018.6726
 LS05        -0.16210 0.00020         0.35380 0.00010         0.07930 0.00020 0.000000 0.000000 0.000000      2018.6754
 LS05        -0.16200 0.00020         0.35910 0.00010         0.07750 0.00030 0.000000 0.000000 0.000000      2018.6780
 LS05        -0.16420 0.00020         0.35990 0.00010         0.07660 0.00020 0.000000 0.000000 0.000000      2018.6809
 LS05        -0.16310 0.00020         0.35760 0.00010         0.06790 0.00020 0.000000 0.000000 0.000000      2018.6835
 LS05        -0.16160 0.00020         0.35810 0.00010         0.07910 0.00020 0.000000 0.000000 0.000000      2018.6862
 LS05        -0.16270 0.00020         0.35850 0.00010         0.07470 0.00020 0.000000 0.000000 0.000000      2018.6890
 LS05        -0.16190 0.00020         0.36280 0.00010         0.08110 0.00020 0.000000 0.000000 0.000000      2018.6917
 LS05        -0.16230 0.00020         0.35720 0.00010         0.07840 0.00020 0.000000 0.000000 0.000000      2018.6945
 LS05        -0.16280 0.00020         0.35650 0.00010         0.08160 0.00020 0.000000 0.000000 0.000000      2018.6972
 LS05        -0.16250 0.00020         0.35680 0.00010         0.07170 0.00020 0.000000 0.000000 0.000000      2018.7000
 LS05        -0.16320 0.00020         0.35810 0.00010         0.07110 0.00020 0.000000 0.000000 0.000000      2018.7027
 LS05        -0.16210 0.00020         0.35640 0.00010         0.07700 0.00020 0.000000 0.000000 0.000000      2018.7055
 LS05        -0.16200 0.00020         0.35730 0.00010         0.07730 0.00020 0.000000 0.000000 0.000000      2018.7082
 LS05        -0.16170 0.00020         0.35760 0.00010         0.06610 0.00020 0.000000 0.000000 0.000000      2018.7109
 LS05        -0.16340 0.00020         0.35840 0.00010         0.08020 0.00020 0.000000 0.000000 0.000000      2018.7137
 LS05        -0.16220 0.00020         0.35890 0.00010         0.07810 0.00020 0.000000 0.000000 0.000000      2018.7164
 LS05        -0.16170 0.00020         0.35720 0.00010         0.07430 0.00020 0.000000 0.000000 0.000000      2018.7192
 LS05        -0.16160 0.00020         0.35870 0.00010         0.07780 0.00020 0.000000 0.000000 0.000000      2018.7219
 LS05        -0.16360 0.00020         0.35800 0.00010         0.07320 0.00020 0.000000 0.000000 0.000000      2018.7247
 LS05        -0.16310 0.00020         0.35940 0.00010         0.07130 0.00020 0.000000 0.000000 0.000000      2018.7274
 LS05        -0.16170 0.00020         0.35950 0.00010         0.07760 0.00020 0.000000 0.000000 0.000000      2018.7302
 LS05        -0.16170 0.00020         0.35730 0.00010         0.07560 0.00020 0.000000 0.000000 0.000000      2018.7329
 LS05        -0.16270 0.00020         0.35910 0.00010         0.07610 0.00020 0.000000 0.000000 0.000000      2018.7355
 LS05        -0.16310 0.00020         0.35990 0.00010         0.07540 0.00020 0.000000 0.000000 0.000000      2018.7383
 LS05        -0.16320 0.00020         0.35920 0.00010         0.07550 0.00020 0.000000 0.000000 0.000000      2018.7410
 LS05        -0.16230 0.00020         0.35790 0.00010         0.07550 0.00020 0.000000 0.000000 0.000000      2018.7438
 LS05        -0.16180 0.00020         0.35840 0.00010         0.07630 0.00020 0.000000 0.000000 0.000000      2018.7465
 LS05        -0.16330 0.00020         0.36080 0.00010         0.07380 0.00020 0.000000 0.000000 0.000000      2018.7493
 LS05        -0.16310 0.00020         0.35920 0.00010         0.07340 0.00020 0.000000 0.000000 0.000000      2018.7520
 LS05        -0.16310 0.00020         0.36110 0.00010         0.07070 0.00020 0.000000 0.000000 0.000000      2018.7547
 LS05        -0.16420 0.00020         0.36110 0.00010         0.07540 0.00020 0.000000 0.000000 0.000000      2018.7575
 LS05        -0.16300 0.00020         0.36240 0.00010         0.07610 0.00020 0.000000 0.000000 0.000000      2018.7602
 LS05        -0.16110 0.00020         0.36140 0.00010         0.07110 0.00020 0.000000 0.000000 0.000000      2018.7630
 LS05        -0.16110 0.00020         0.36160 0.00010         0.07270 0.00020 0.000000 0.000000 0.000000      2018.7657
 LS05        -0.16210 0.00020         0.35940 0.00010         0.07240 0.00020 0.000000 0.000000 0.000000      2018.7685
 LS05        -0.16210 0.00020         0.35800 0.00010         0.07480 0.00020 0.000000 0.000000 0.000000      2018.7712
 LS05        -0.16070 0.00020         0.36060 0.00010         0.07170 0.00020 0.000000 0.000000 0.000000      2018.7740
 LS05        -0.16300 0.00020         0.36040 0.00010         0.07130 0.00020 0.000000 0.000000 0.000000      2018.7767
 LS05        -0.16340 0.00020         0.36190 0.00010         0.07150 0.00020 0.000000 0.000000 0.000000      2018.7794
 LS05        -0.16310 0.00020         0.35980 0.00010         0.07920 0.00020 0.000000 0.000000 0.000000      2018.7822
 LS05        -0.16310 0.00020         0.36210 0.00010         0.07140 0.00020 0.000000 0.000000 0.000000      2018.7849
 LS05        -0.16510 0.00020         0.36250 0.00010         0.07320 0.00020 0.000000 0.000000 0.000000      2018.7877
 LS05        -0.16450 0.00020         0.36080 0.00010         0.07030 0.00020 0.000000 0.000000 0.000000      2018.7903
 LS05        -0.16430 0.00020         0.36240 0.00010         0.07860 0.00020 0.000000 0.000000 0.000000      2018.7932
 LS05        -0.16410 0.00020         0.36200 0.00010         0.07230 0.00020 0.000000 0.000000 0.000000      2018.7958
 LS05        -0.16410 0.00020         0.36100 0.00010         0.07670 0.00020 0.000000 0.000000 0.000000      2018.7986
 LS05        -0.16450 0.00020         0.36120 0.00010         0.08090 0.00020 0.000000 0.000000 0.000000      2018.8013
 LS05        -0.16450 0.00020         0.36090 0.00010         0.07300 0.00020 0.000000 0.000000 0.000000      2018.8040
 LS05        -0.16360 0.00020         0.36410 0.00010         0.07650 0.00020 0.000000 0.000000 0.000000      2018.8068
 LS05        -0.16470 0.00020         0.36160 0.00010         0.07660 0.00020 0.000000 0.000000 0.000000      2018.8095
 LS05        -0.16560 0.00020         0.36250 0.00010         0.07530 0.00020 0.000000 0.000000 0.000000      2018.8123
 LS05        -0.16560 0.00020         0.36110 0.00010         0.07300 0.00020 0.000000 0.000000 0.000000      2018.8150
 LS05        -0.16530 0.00020         0.36150 0.00010         0.06770 0.00020 0.000000 0.000000 0.000000      2018.8178
 LS05        -0.16630 0.00020         0.36110 0.00010         0.07180 0.00020 0.000000 0.000000 0.000000      2018.8205
 LS05        -0.16620 0.00020         0.36020 0.00010         0.07540 0.00020 0.000000 0.000000 0.000000      2018.8233
 LS05        -0.16560 0.00020         0.36200 0.00010         0.07150 0.00020 0.000000 0.000000 0.000000      2018.8260
 LS05        -0.16600 0.00020         0.36250 0.00010         0.07410 0.00020 0.000000 0.000000 0.000000      2018.8287
 LS05        -0.16460 0.00020         0.36230 0.00010         0.07020 0.00020 0.000000 0.000000 0.000000      2018.8315
 LS05        -0.16530 0.00020         0.36270 0.00010         0.07350 0.00020 0.000000 0.000000 0.000000      2018.8342
 LS05        -0.16550 0.00020         0.36220 0.00010         0.07880 0.00020 0.000000 0.000000 0.000000      2018.8370
 LS05        -0.16510 0.00020         0.36120 0.00010         0.07780 0.00020 0.000000 0.000000 0.000000      2018.8397
 LS05        -0.16550 0.00020         0.36420 0.00010         0.08260 0.00020 0.000000 0.000000 0.000000      2018.8425
 LS05        -0.16510 0.00020         0.36480 0.00010         0.07630 0.00020 0.000000 0.000000 0.000000      2018.8452
 LS05        -0.16570 0.00020         0.36340 0.00010         0.07610 0.00020 0.000000 0.000000 0.000000      2018.8480
 LS05        -0.16620 0.00020         0.36270 0.00010         0.07640 0.00020 0.000000 0.000000 0.000000      2018.8507
 LS05        -0.16620 0.00020         0.36390 0.00010         0.07510 0.00020 0.000000 0.000000 0.000000      2018.8533
 LS05        -0.16620 0.00020         0.36510 0.00010         0.08430 0.00020 0.000000 0.000000 0.000000      2018.8561
 LS05        -0.16540 0.00020         0.36330 0.00010         0.07570 0.00020 0.000000 0.000000 0.000000      2018.8588
 LS05        -0.16490 0.00020         0.36360 0.00010         0.08040 0.00020 0.000000 0.000000 0.000000      2018.8616
 LS05        -0.16580 0.00020         0.36540 0.00010         0.07820 0.00020 0.000000 0.000000 0.000000      2018.8643
 LS05        -0.16650 0.00020         0.36390 0.00010         0.08360 0.00020 0.000000 0.000000 0.000000      2018.8671
 LS05        -0.16520 0.00020         0.36660 0.00010         0.08090 0.00020 0.000000 0.000000 0.000000      2018.8698
 LS05        -0.16550 0.00020         0.36590 0.00010         0.07820 0.00020 0.000000 0.000000 0.000000      2018.8726
 LS05        -0.16530 0.00020         0.36530 0.00010         0.07610 0.00020 0.000000 0.000000 0.000000      2018.8753
 LS05        -0.16610 0.00020         0.36680 0.00010         0.07450 0.00020 0.000000 0.000000 0.000000      2018.8780
 LS05        -0.16520 0.00020         0.36760 0.00010         0.07260 0.00020 0.000000 0.000000 0.000000      2018.8808
 LS05        -0.16480 0.00020         0.36750 0.00010         0.07620 0.00020 0.000000 0.000000 0.000000      2018.8835
 LS05        -0.16650 0.00020         0.36330 0.00010         0.08090 0.00020 0.000000 0.000000 0.000000      2018.8863
 LS05        -0.16660 0.00020         0.36500 0.00010         0.08170 0.00020 0.000000 0.000000 0.000000      2018.8890
 LS05        -0.16660 0.00020         0.36760 0.00010         0.07810 0.00020 0.000000 0.000000 0.000000      2018.8918
 LS05        -0.16710 0.00020         0.36460 0.00010         0.07920 0.00020 0.000000 0.000000 0.000000      2018.8945
 LS05        -0.16580 0.00020         0.36460 0.00010         0.07390 0.00020 0.000000 0.000000 0.000000      2018.8973
 LS05        -0.16630 0.00020         0.36530 0.00010         0.08210 0.00020 0.000000 0.000000 0.000000      2018.9000
 LS05        -0.16790 0.00020         0.36650 0.00010         0.08260 0.00020 0.000000 0.000000 0.000000      2018.9027
 LS05        -0.16750 0.00020         0.36540 0.00010         0.07990 0.00020 0.000000 0.000000 0.000000      2018.9055
 LS05        -0.16610 0.00020         0.36620 0.00010         0.08100 0.00020 0.000000 0.000000 0.000000      2018.9081
 LS05        -0.16590 0.00020         0.36610 0.00010         0.07860 0.00020 0.000000 0.000000 0.000000      2018.9110
 LS05        -0.16560 0.00020         0.36540 0.00010         0.07720 0.00020 0.000000 0.000000 0.000000      2018.9136
 LS05        -0.16350 0.00020         0.36580 0.00010         0.07740 0.00020 0.000000 0.000000 0.000000      2018.9164
 LS05        -0.16230 0.00020         0.36580 0.00010         0.07770 0.00020 0.000000 0.000000 0.000000      2018.9191
 LS05        -0.16280 0.00020         0.36560 0.00010         0.07410 0.00020 0.000000 0.000000 0.000000      2018.9219
 LS05        -0.16310 0.00020         0.36560 0.00010         0.07760 0.00020 0.000000 0.000000 0.000000      2018.9246
 LS05        -0.16370 0.00020         0.36620 0.00010         0.07870 0.00020 0.000000 0.000000 0.000000      2018.9273
 LS05        -0.16370 0.00020         0.36800 0.00010         0.07900 0.00020 0.000000 0.000000 0.000000      2018.9301
 LS05        -0.16190 0.00020         0.36980 0.00010         0.07480 0.00020 0.000000 0.000000 0.000000      2018.9328
 LS05        -0.16360 0.00020         0.36890 0.00010         0.07620 0.00020 0.000000 0.000000 0.000000      2018.9356
 LS05        -0.16270 0.00020         0.36720 0.00010         0.07410 0.00020 0.000000 0.000000 0.000000      2018.9383
 LS05        -0.16260 0.00020         0.36880 0.00010         0.07650 0.00020 0.000000 0.000000 0.000000      2018.9411
 LS05        -0.16278 0.00020         0.36958 0.00010         0.07795 0.00020 0.000000 0.000000 0.000000      2018.9439
 LS05        -0.16330 0.00020         0.37000 0.00010         0.07820 0.00020 0.000000 0.000000 0.000000      2018.9466
 LS05        -0.16340 0.00020         0.37070 0.00010         0.07280 0.00020 0.000000 0.000000 0.000000      2018.9493
 LS05        -0.16370 0.00020         0.36920 0.00010         0.07360 0.00020 0.000000 0.000000 0.000000      2018.9520
 LS05        -0.16460 0.00020         0.36930 0.00010         0.07920 0.00020 0.000000 0.000000 0.000000      2018.9548
 LS05        -0.16320 0.00020         0.36700 0.00010         0.08320 0.00020 0.000000 0.000000 0.000000      2018.9575
 LS05        -0.16330 0.00020         0.36680 0.00010         0.08010 0.00020 0.000000 0.000000 0.000000      2018.9603
 LS05        -0.16410 0.00020         0.36680 0.00010         0.08500 0.00020 0.000000 0.000000 0.000000      2018.9630
 LS05        -0.16330 0.00020         0.36560 0.00010         0.08510 0.00020 0.000000 0.000000 0.000000      2018.9658
 LS05        -0.16510 0.00020         0.36620 0.00010         0.08490 0.00020 0.000000 0.000000 0.000000      2018.9684
 LS05        -0.16450 0.00020         0.36580 0.00010         0.08440 0.00020 0.000000 0.000000 0.000000      2018.9713
 LS05        -0.16410 0.00020         0.36810 0.00010         0.07710 0.00020 0.000000 0.000000 0.000000      2018.9739
 LS05        -0.16380 0.00020         0.36850 0.00010         0.08110 0.00020 0.000000 0.000000 0.000000      2018.9766
 LS05        -0.16400 0.00020         0.36950 0.00010         0.08640 0.00020 0.000000 0.000000 0.000000      2018.9794
 LS05        -0.16210 0.00020         0.36880 0.00010         0.08370 0.00020 0.000000 0.000000 0.000000      2018.9821
 LS05        -0.16220 0.00020         0.37130 0.00010         0.07560 0.00020 0.000000 0.000000 0.000000      2018.9849
 LS05        -0.16130 0.00020         0.36980 0.00010         0.07760 0.00020 0.000000 0.000000 0.000000      2018.9876
 LS05        -0.16280 0.00020         0.36740 0.00010         0.07240 0.00020 0.000000 0.000000 0.000000      2018.9904
 LS05        -0.16290 0.00020         0.36940 0.00010         0.07370 0.00020 0.000000 0.000000 0.000000      2018.9931
 LS05        -0.16280 0.00020         0.36910 0.00010         0.06780 0.00020 0.000000 0.000000 0.000000      2018.9959
 LS05        -0.16280 0.00020         0.36880 0.00010         0.06860 0.00020 0.000000 0.000000 0.000000      2018.9986
 LS05        -0.16210 0.00020         0.36980 0.00010         0.06890 0.00020 0.000000 0.000000 0.000000      2019.0013
 LS05        -0.16550 0.00020         0.36980 0.00010         0.07530 0.00020 0.000000 0.000000 0.000000      2019.0041
 LS05        -0.16470 0.00020         0.36870 0.00010         0.07480 0.00020 0.000000 0.000000 0.000000      2019.0068
 LS05        -0.16460 0.00020         0.36880 0.00010         0.07360 0.00020 0.000000 0.000000 0.000000      2019.0096
 LS05        -0.16500 0.00020         0.36880 0.00010         0.07830 0.00020 0.000000 0.000000 0.000000      2019.0123
 LS05        -0.16390 0.00020         0.37190 0.00010         0.08380 0.00020 0.000000 0.000000 0.000000      2019.0151
 LS05        -0.16490 0.00020         0.37240 0.00010         0.08150 0.00020 0.000000 0.000000 0.000000      2019.0178
 LS05        -0.16370 0.00020         0.37000 0.00010         0.08150 0.00020 0.000000 0.000000 0.000000      2019.0206
 LS05        -0.16620 0.00020         0.37180 0.00010         0.08300 0.00020 0.000000 0.000000 0.000000      2019.0233
 LS05        -0.16690 0.00020         0.37060 0.00010         0.08080 0.00020 0.000000 0.000000 0.000000      2019.0259
 LS05        -0.16550 0.00020         0.36990 0.00010         0.08330 0.00020 0.000000 0.000000 0.000000      2019.0288
 LS05        -0.16420 0.00020         0.36940 0.00010         0.08100 0.00020 0.000000 0.000000 0.000000      2019.0314
 LS05        -0.16540 0.00020         0.37010 0.00010         0.07980 0.00020 0.000000 0.000000 0.000000      2019.0342
 LS05        -0.16630 0.00020         0.36960 0.00010         0.08020 0.00020 0.000000 0.000000 0.000000      2019.0369
 LS05        -0.16640 0.00020         0.36920 0.00010         0.07550 0.00030 0.000000 0.000000 0.000000      2019.0397
 LS05        -0.16460 0.00020         0.37240 0.00010         0.07890 0.00020 0.000000 0.000000 0.000000      2019.0424
 LS05        -0.16530 0.00020         0.37150 0.00010         0.08090 0.00020 0.000000 0.000000 0.000000      2019.0452
 LS05        -0.16460 0.00020         0.36900 0.00010         0.07870 0.00020 0.000000 0.000000 0.000000      2019.0479
 LS05        -0.16430 0.00020         0.37030 0.00010         0.07360 0.00020 0.000000 0.000000 0.000000      2019.0506
 LS05        -0.16550 0.00020         0.37180 0.00010         0.07830 0.00020 0.000000 0.000000 0.000000      2019.0534
 LS05        -0.16570 0.00020         0.37280 0.00010         0.07860 0.00020 0.000000 0.000000 0.000000      2019.0561
 LS05        -0.16360 0.00020         0.37140 0.00010         0.08310 0.00020 0.000000 0.000000 0.000000      2019.0589
 LS05        -0.16480 0.00020         0.37310 0.00010         0.08070 0.00020 0.000000 0.000000 0.000000      2019.0616
 LS05        -0.16280 0.00020         0.37090 0.00010         0.07900 0.00020 0.000000 0.000000 0.000000      2019.0644
 LS05        -0.16370 0.00020         0.37070 0.00010         0.07870 0.00020 0.000000 0.000000 0.000000      2019.0671
 LS05        -0.16500 0.00020         0.37250 0.00010         0.08140 0.00020 0.000000 0.000000 0.000000      2019.0699
 LS05        -0.16460 0.00020         0.37020 0.00010         0.08020 0.00020 0.000000 0.000000 0.000000      2019.0726
 LS05        -0.16390 0.00020         0.37090 0.00010         0.07870 0.00020 0.000000 0.000000 0.000000      2019.0753
 LS05        -0.16370 0.00020         0.36880 0.00010         0.08130 0.00020 0.000000 0.000000 0.000000      2019.0781
 LS05        -0.16350 0.00020         0.37040 0.00010         0.08000 0.00020 0.000000 0.000000 0.000000      2019.0808
 LS05        -0.16560 0.00020         0.37000 0.00010         0.08140 0.00020 0.000000 0.000000 0.000000      2019.0836
 LS05        -0.16400 0.00020         0.37080 0.00010         0.07920 0.00020 0.000000 0.000000 0.000000      2019.0862
 LS05        -0.16460 0.00020         0.36960 0.00010         0.07180 0.00020 0.000000 0.000000 0.000000      2019.0891
 LS05        -0.16360 0.00020         0.37140 0.00010         0.08070 0.00020 0.000000 0.000000 0.000000      2019.0917
 LS05        -0.16230 0.00020         0.37200 0.00010         0.08030 0.00020 0.000000 0.000000 0.000000      2019.0945
 LS05        -0.16240 0.00020         0.37190 0.00010         0.08490 0.00020 0.000000 0.000000 0.000000      2019.0972
 LS05        -0.16340 0.00020         0.37270 0.00010         0.08580 0.00020 0.000000 0.000000 0.000000      2019.0999
 LS05        -0.16340 0.00020         0.37110 0.00010         0.08520 0.00020 0.000000 0.000000 0.000000      2019.1027
 LS05        -0.16190 0.00020         0.37160 0.00010         0.08640 0.00020 0.000000 0.000000 0.000000      2019.1054
 LS05        -0.16350 0.00020         0.37000 0.00010         0.08270 0.00020 0.000000 0.000000 0.000000      2019.1082
 LS05        -0.16420 0.00020         0.37280 0.00010         0.08200 0.00020 0.000000 0.000000 0.000000      2019.1109
 LS05        -0.16400 0.00020         0.37230 0.00010         0.08320 0.00020 0.000000 0.000000 0.000000      2019.1137
 LS05        -0.16520 0.00020         0.37120 0.00010         0.07850 0.00020 0.000000 0.000000 0.000000      2019.1164
 LS05        -0.16570 0.00020         0.37080 0.00010         0.07770 0.00020 0.000000 0.000000 0.000000      2019.1192
 LS05        -0.16310 0.00020         0.37230 0.00010         0.07780 0.00020 0.000000 0.000000 0.000000      2019.1219
 LS05        -0.16440 0.00020         0.37010 0.00010         0.08270 0.00020 0.000000 0.000000 0.000000      2019.1246
 LS05        -0.16390 0.00020         0.37110 0.00010         0.08390 0.00020 0.000000 0.000000 0.000000      2019.1274
 LS05        -0.16350 0.00020         0.37320 0.00010         0.08690 0.00020 0.000000 0.000000 0.000000      2019.1301
 LS05        -0.16780 0.00020         0.37320 0.00010         0.08180 0.00030 0.000000 0.000000 0.000000      2019.1329
 LS05        -0.16580 0.00020         0.37260 0.00010         0.08640 0.00020 0.000000 0.000000 0.000000      2019.1356
 LS05        -0.16470 0.00020         0.37390 0.00010         0.08080 0.00020 0.000000 0.000000 0.000000      2019.1384
 LS05        -0.16280 0.00020         0.37240 0.00010         0.07770 0.00020 0.000000 0.000000 0.000000      2019.1411
 LS05        -0.16470 0.00020         0.37180 0.00010         0.08150 0.00020 0.000000 0.000000 0.000000      2019.1439
 LS05        -0.16465 0.00020         0.37099 0.00010         0.08140 0.00020 0.000000 0.000000 0.000000      2019.1465
 LS05        -0.16470 0.00020         0.37000 0.00010         0.08040 0.00020 0.000000 0.000000 0.000000      2019.1492
 LS05        -0.16540 0.00020         0.37230 0.00010         0.07940 0.00020 0.000000 0.000000 0.000000      2019.1520
 LS05        -0.16620 0.00020         0.37280 0.00010         0.08830 0.00020 0.000000 0.000000 0.000000      2019.1547
 LS05        -0.16660 0.00020         0.37350 0.00010         0.08330 0.00020 0.000000 0.000000 0.000000      2019.1575
 LS05        -0.16810 0.00020         0.37340 0.00010         0.08690 0.00020 0.000000 0.000000 0.000000      2019.1602
 LS05        -0.16530 0.00020         0.37130 0.00010         0.08400 0.00020 0.000000 0.000000 0.000000      2019.1630
 LS05        -0.16580 0.00020         0.37520 0.00010         0.08070 0.00020 0.000000 0.000000 0.000000      2019.1657
 LS05        -0.16560 0.00020         0.37460 0.00010         0.08560 0.00020 0.000000 0.000000 0.000000      2019.1685
 LS05        -0.16550 0.00020         0.37470 0.00010         0.08160 0.00020 0.000000 0.000000 0.000000      2019.1712
 LS05        -0.16450 0.00020         0.37580 0.00010         0.08300 0.00020 0.000000 0.000000 0.000000      2019.1739
 LS05        -0.16480 0.00020         0.37450 0.00010         0.08230 0.00020 0.000000 0.000000 0.000000      2019.1767
 LS05        -0.16340 0.00020         0.37340 0.00010         0.07700 0.00020 0.000000 0.000000 0.000000      2019.1794
 LS05        -0.16440 0.00020         0.37240 0.00010         0.07880 0.00020 0.000000 0.000000 0.000000      2019.1822
 LS05        -0.16418 0.00020         0.37331 0.00010         0.07877 0.00020 0.000000 0.000000 0.000000      2019.1849
 LS05        -0.16430 0.00020         0.37400 0.00010         0.07870 0.00020 0.000000 0.000000 0.000000      2019.1877
 LS05        -0.16518 0.00020         0.37400 0.00010         0.08094 0.00020 0.000000 0.000000 0.000000      2019.1905
 LS05        -0.16620 0.00020         0.37370 0.00010         0.08300 0.00020 0.000000 0.000000 0.000000      2019.1932
 LS05        -0.16450 0.00020         0.37250 0.00010         0.07880 0.00020 0.000000 0.000000 0.000000      2019.1959
 LS05        -0.16350 0.00020         0.37360 0.00010         0.08030 0.00020 0.000000 0.000000 0.000000      2019.1986
 LS05        -0.16360 0.00020         0.37500 0.00010         0.07870 0.00020 0.000000 0.000000 0.000000      2019.2014
 LS05        -0.16338 0.00020         0.37506 0.00010         0.07948 0.00020 0.000000 0.000000 0.000000      2019.2041
 LS05        -0.16289 0.00020         0.37510 0.00010         0.08134 0.00020 0.000000 0.000000 0.000000      2019.2069
 LS05        -0.16265 0.00020         0.37511 0.00010         0.08310 0.00020 0.000000 0.000000 0.000000      2019.2096
 LS05        -0.16250 0.00020         0.37510 0.00010         0.08450 0.00020 0.000000 0.000000 0.000000      2019.2123
 LS05        -0.16290 0.00020         0.37360 0.00010         0.08660 0.00020 0.000000 0.000000 0.000000      2019.2150
 LS05        -0.16313 0.00020         0.37317 0.00010         0.08308 0.00020 0.000000 0.000000 0.000000      2019.2177
 LS05        -0.16340 0.00020         0.37260 0.00010         0.07720 0.00020 0.000000 0.000000 0.000000      2019.2205
 LS05        -0.16240 0.00020         0.37210 0.00010         0.07450 0.00020 0.000000 0.000000 0.000000      2019.2232
 LS05        -0.16540 0.00020         0.37300 0.00010         0.08030 0.00020 0.000000 0.000000 0.000000      2019.2260
 LS05        -0.16459 0.00020         0.37327 0.00010         0.08147 0.00020 0.000000 0.000000 0.000000      2019.2288
 LS05        -0.16360 0.00020         0.37330 0.00010         0.08180 0.00020 0.000000 0.000000 0.000000      2019.2315
 LS05        -0.16230 0.00020         0.37200 0.00010         0.08000 0.00020 0.000000 0.000000 0.000000      2019.2342
 LS05        -0.16300 0.00020         0.37370 0.00010         0.08590 0.00020 0.000000 0.000000 0.000000      2019.2370
 LS05        -0.16390 0.00020         0.37680 0.00010         0.08610 0.00020 0.000000 0.000000 0.000000      2019.2397
