 LS07        -0.11150 0.00030         0.39700 0.00020        -0.00550 0.00030 0.000000 0.000000 0.000000      2018.2397
 LS07        -0.11420 0.00030         0.39950 0.00020         0.00030 0.00030 0.000000 0.000000 0.000000      2018.2425
 LS07        -0.11390 0.00020         0.39740 0.00020        -0.00320 0.00030 0.000000 0.000000 0.000000      2018.2452
 LS07        -0.11110 0.00020         0.39740 0.00020        -0.00550 0.00030 0.000000 0.000000 0.000000      2018.2479
 LS07        -0.11090 0.00030         0.39770 0.00020        -0.01340 0.00030 0.000000 0.000000 0.000000      2018.2507
 LS07        -0.10970 0.00030         0.39970 0.00020        -0.00010 0.00030 0.000000 0.000000 0.000000      2018.2534
 LS07        -0.11360 0.00030         0.39760 0.00020         0.00490 0.00030 0.000000 0.000000 0.000000      2018.2562
 LS07        -0.11470 0.00020         0.39610 0.00020         0.00220 0.00030 0.000000 0.000000 0.000000      2018.2589
 LS07        -0.11390 0.00020         0.39850 0.00020        -0.00140 0.00030 0.000000 0.000000 0.000000      2018.2617
 LS07        -0.11400 0.00020         0.39780 0.00010        -0.00090 0.00030 0.000000 0.000000 0.000000      2018.2643
 LS07        -0.11420 0.00030         0.39990 0.00020         0.00100 0.00030 0.000000 0.000000 0.000000      2018.2670
 LS07        -0.11320 0.00030         0.39920 0.00020         0.00160 0.00030 0.000000 0.000000 0.000000      2018.2698
 LS07        -0.11250 0.00030         0.39830 0.00020         0.00490 0.00030 0.000000 0.000000 0.000000      2018.2725
 LS07        -0.11410 0.00030         0.39750 0.00020         0.00540 0.00030 0.000000 0.000000 0.000000      2018.2753
 LS07        -0.11420 0.00030         0.40090 0.00020         0.00360 0.00030 0.000000 0.000000 0.000000      2018.2780
 LS07        -0.11250 0.00030         0.39740 0.00020        -0.00630 0.00030 0.000000 0.000000 0.000000      2018.2808
 LS07        -0.11280 0.00020         0.39710 0.00020        -0.00990 0.00030 0.000000 0.000000 0.000000      2018.2835
 LS07        -0.11170 0.00020         0.39860 0.00020        -0.00740 0.00030 0.000000 0.000000 0.000000      2018.2863
 LS07        -0.11180 0.00020         0.39900 0.00020        -0.00860 0.00030 0.000000 0.000000 0.000000      2018.2890
 LS07        -0.11460 0.00030         0.39850 0.00020        -0.00730 0.00030 0.000000 0.000000 0.000000      2018.2917
 LS07        -0.11270 0.00030         0.39740 0.00020         0.00060 0.00030 0.000000 0.000000 0.000000      2018.2945
 LS07        -0.11350 0.00030         0.39790 0.00020         0.00060 0.00030 0.000000 0.000000 0.000000      2018.2972
 LS07        -0.11300 0.00030         0.40070 0.00020         0.00240 0.00030 0.000000 0.000000 0.000000      2018.3000
 LS07        -0.11220 0.00030         0.39910 0.00020        -0.00740 0.00030 0.000000 0.000000 0.000000      2018.3027
 LS07        -0.11400 0.00030         0.40090 0.00020        -0.00800 0.00030 0.000000 0.000000 0.000000      2018.3055
 LS07        -0.11380 0.00020         0.40120 0.00020        -0.00430 0.00030 0.000000 0.000000 0.000000      2018.3082
 LS07        -0.11460 0.00030         0.40100 0.00020         0.00020 0.00030 0.000000 0.000000 0.000000      2018.3110
 LS07        -0.11310 0.00020         0.40140 0.00020        -0.01110 0.00030 0.000000 0.000000 0.000000      2018.3137
 LS07        -0.11310 0.00020         0.39840 0.00020        -0.01510 0.00030 0.000000 0.000000 0.000000      2018.3163
 LS07        -0.11170 0.00030         0.39650 0.00020        -0.02310 0.00030 0.000000 0.000000 0.000000      2018.3192
 LS07        -0.11410 0.00030         0.39800 0.00020        -0.00130 0.00030 0.000000 0.000000 0.000000      2018.3218
 LS07        -0.11460 0.00030         0.39780 0.00020         0.00230 0.00040 0.000000 0.000000 0.000000      2018.3246
 LS07        -0.11330 0.00030         0.40010 0.00020        -0.00720 0.00030 0.000000 0.000000 0.000000      2018.3273
 LS07        -0.11335 0.00025         0.39943 0.00020        -0.00691 0.00030 0.000000 0.000000 0.000000      2018.3301
 LS07        -0.11370 0.00020         0.39870 0.00020        -0.00680 0.00030 0.000000 0.000000 0.000000      2018.3328
 LS07        -0.11360 0.00030         0.39950 0.00020        -0.01210 0.00030 0.000000 0.000000 0.000000      2018.3356
 LS07        -0.11510 0.00030         0.40040 0.00020         0.00000 0.00030 0.000000 0.000000 0.000000      2018.3383
 LS07        -0.11570 0.00030         0.39980 0.00020        -0.00110 0.00030 0.000000 0.000000 0.000000      2018.3410
 LS07        -0.11340 0.00030         0.39890 0.00020        -0.00470 0.00030 0.000000 0.000000 0.000000      2018.3438
 LS07        -0.11350 0.00030         0.40180 0.00020         0.00140 0.00040 0.000000 0.000000 0.000000      2018.3465
 LS07        -0.11340 0.00030         0.40080 0.00020        -0.00240 0.00030 0.000000 0.000000 0.000000      2018.3493
 LS07        -0.11490 0.00020         0.40160 0.00020        -0.00660 0.00030 0.000000 0.000000 0.000000      2018.3520
 LS07        -0.11370 0.00030         0.40010 0.00020        -0.00810 0.00030 0.000000 0.000000 0.000000      2018.3548
 LS07        -0.11130 0.00030         0.39970 0.00020        -0.02030 0.00030 0.000000 0.000000 0.000000      2018.3575
 LS07        -0.11040 0.00030         0.40120 0.00020        -0.00790 0.00030 0.000000 0.000000 0.000000      2018.3603
 LS07        -0.11350 0.00030         0.40160 0.00020         0.00280 0.00030 0.000000 0.000000 0.000000      2018.3630
 LS07        -0.11280 0.00030         0.40110 0.00020        -0.00060 0.00040 0.000000 0.000000 0.000000      2018.3657
 LS07        -0.11090 0.00030         0.40110 0.00020        -0.00790 0.00040 0.000000 0.000000 0.000000      2018.3685
 LS07        -0.11260 0.00030         0.40230 0.00020         0.00120 0.00040 0.000000 0.000000 0.000000      2018.3712
 LS07        -0.11250 0.00030         0.40220 0.00020        -0.01240 0.00040 0.000000 0.000000 0.000000      2018.3740
 LS07        -0.11240 0.00030         0.40170 0.00020        -0.00170 0.00040 0.000000 0.000000 0.000000      2018.3767
 LS07        -0.11340 0.00030         0.40220 0.00020        -0.00400 0.00040 0.000000 0.000000 0.000000      2018.3795
 LS07        -0.11200 0.00030         0.40090 0.00020        -0.00470 0.00030 0.000000 0.000000 0.000000      2018.3821
 LS07        -0.11290 0.00030         0.40300 0.00020        -0.02010 0.00040 0.000000 0.000000 0.000000      2018.3850
 LS07        -0.11260 0.00030         0.40620 0.00020        -0.01060 0.00030 0.000000 0.000000 0.000000      2018.3876
 LS07        -0.11350 0.00030         0.40310 0.00020        -0.01370 0.00030 0.000000 0.000000 0.000000      2018.3903
 LS07        -0.11490 0.00030         0.40710 0.00020         0.01650 0.00030 0.000000 0.000000 0.000000      2018.3931
 LS07        -0.11480 0.00030         0.40680 0.00020         0.00240 0.00030 0.000000 0.000000 0.000000      2018.3958
 LS07        -0.11380 0.00030         0.40560 0.00020        -0.00550 0.00030 0.000000 0.000000 0.000000      2018.3986
 LS07        -0.11290 0.00030         0.40430 0.00020        -0.00900 0.00030 0.000000 0.000000 0.000000      2018.4013
 LS07        -0.11190 0.00030         0.40490 0.00020        -0.00610 0.00030 0.000000 0.000000 0.000000      2018.4041
 LS07        -0.11310 0.00030         0.40530 0.00020        -0.00830 0.00030 0.000000 0.000000 0.000000      2018.4068
 LS07        -0.11540 0.00020         0.40410 0.00020        -0.00580 0.00030 0.000000 0.000000 0.000000      2018.4096
 LS07        -0.11440 0.00030         0.40510 0.00020        -0.00350 0.00030 0.000000 0.000000 0.000000      2018.4123
 LS07        -0.11540 0.00030         0.40500 0.00020        -0.00120 0.00030 0.000000 0.000000 0.000000      2018.4150
 LS07        -0.11594 0.00030         0.40507 0.00020        -0.00373 0.00030 0.000000 0.000000 0.000000      2018.4178
 LS07        -0.11620 0.00030         0.40520 0.00020        -0.00910 0.00030 0.000000 0.000000 0.000000      2018.4205
 LS07        -0.11390 0.00030         0.40700 0.00020        -0.01490 0.00030 0.000000 0.000000 0.000000      2018.4233
 LS07        -0.11340 0.00030         0.40400 0.00020        -0.02660 0.00030 0.000000 0.000000 0.000000      2018.4260
 LS07        -0.11350 0.00030         0.40680 0.00020        -0.01530 0.00030 0.000000 0.000000 0.000000      2018.4288
 LS07        -0.11520 0.00030         0.40760 0.00020        -0.00130 0.00030 0.000000 0.000000 0.000000      2018.4315
 LS07        -0.11380 0.00030         0.40630 0.00020        -0.00910 0.00030 0.000000 0.000000 0.000000      2018.4343
 LS07        -0.11580 0.00030         0.40710 0.00020        -0.00720 0.00030 0.000000 0.000000 0.000000      2018.4370
 LS07        -0.11560 0.00030         0.40820 0.00020        -0.01150 0.00030 0.000000 0.000000 0.000000      2018.4396
 LS07        -0.11700 0.00030         0.40530 0.00020         0.00010 0.00030 0.000000 0.000000 0.000000      2018.4424
 LS07        -0.11770 0.00030         0.40560 0.00020        -0.00450 0.00030 0.000000 0.000000 0.000000      2018.4451
 LS07        -0.11590 0.00020         0.40620 0.00020        -0.00270 0.00030 0.000000 0.000000 0.000000      2018.4479
 LS07        -0.11550 0.00020         0.40540 0.00020        -0.00390 0.00030 0.000000 0.000000 0.000000      2018.4506
 LS07        -0.11640 0.00030         0.40710 0.00020        -0.00430 0.00030 0.000000 0.000000 0.000000      2018.4534
 LS07        -0.11660 0.00030         0.40930 0.00020        -0.00150 0.00030 0.000000 0.000000 0.000000      2018.4561
 LS07        -0.11770 0.00030         0.40630 0.00020        -0.00320 0.00030 0.000000 0.000000 0.000000      2018.4589
 LS07        -0.11860 0.00030         0.40880 0.00020        -0.00060 0.00040 0.000000 0.000000 0.000000      2018.4616
 LS07        -0.11800 0.00030         0.40760 0.00020        -0.00630 0.00040 0.000000 0.000000 0.000000      2018.4643
 LS07        -0.11630 0.00030         0.40730 0.00020        -0.00800 0.00030 0.000000 0.000000 0.000000      2018.4671
 LS07        -0.11670 0.00030         0.40910 0.00020        -0.00190 0.00030 0.000000 0.000000 0.000000      2018.4698
 LS07        -0.11820 0.00030         0.40620 0.00020        -0.01130 0.00030 0.000000 0.000000 0.000000      2018.4726
 LS07        -0.11930 0.00030         0.40550 0.00020        -0.00660 0.00030 0.000000 0.000000 0.000000      2018.4753
 LS07        -0.11750 0.00030         0.40750 0.00020        -0.00630 0.00030 0.000000 0.000000 0.000000      2018.4781
 LS07        -0.11530 0.00030         0.40560 0.00020        -0.01130 0.00040 0.000000 0.000000 0.000000      2018.4808
 LS07        -0.11610 0.00030         0.40590 0.00020        -0.01050 0.00040 0.000000 0.000000 0.000000      2018.4836
 LS07        -0.11770 0.00030         0.41010 0.00020        -0.01410 0.00040 0.000000 0.000000 0.000000      2018.4863
 LS07        -0.11810 0.00030         0.40850 0.00020        -0.00370 0.00040 0.000000 0.000000 0.000000      2018.4890
 LS07        -0.11600 0.00030         0.41070 0.00020        -0.00330 0.00040 0.000000 0.000000 0.000000      2018.4918
 LS07        -0.11640 0.00030         0.40790 0.00020        -0.00910 0.00040 0.000000 0.000000 0.000000      2018.4944
 LS07        -0.11650 0.00030         0.40860 0.00020        -0.01420 0.00040 0.000000 0.000000 0.000000      2018.4973
 LS07        -0.11810 0.00030         0.41060 0.00020         0.00020 0.00030 0.000000 0.000000 0.000000      2018.4999
 LS07        -0.11500 0.00030         0.41360 0.00020        -0.00700 0.00030 0.000000 0.000000 0.000000      2018.5028
 LS07        -0.11740 0.00030         0.41070 0.00020        -0.00240 0.00030 0.000000 0.000000 0.000000      2018.5054
 LS07        -0.11640 0.00030         0.40960 0.00020        -0.00490 0.00040 0.000000 0.000000 0.000000      2018.5082
 LS07        -0.11610 0.00030         0.41010 0.00020        -0.01310 0.00030 0.000000 0.000000 0.000000      2018.5109
 LS07        -0.11500 0.00030         0.40930 0.00020        -0.00800 0.00040 0.000000 0.000000 0.000000      2018.5136
 LS07        -0.11660 0.00030         0.41090 0.00020        -0.00220 0.00040 0.000000 0.000000 0.000000      2018.5164
 LS07        -0.11750 0.00030         0.41140 0.00020        -0.00150 0.00030 0.000000 0.000000 0.000000      2018.5191
 LS07        -0.11680 0.00030         0.41130 0.00020        -0.01250 0.00030 0.000000 0.000000 0.000000      2018.5219
 LS07        -0.11770 0.00030         0.41290 0.00020        -0.00780 0.00040 0.000000 0.000000 0.000000      2018.5246
 LS07        -0.11500 0.00030         0.41240 0.00020        -0.02300 0.00040 0.000000 0.000000 0.000000      2018.5274
 LS07        -0.11870 0.00030         0.41220 0.00020        -0.00920 0.00040 0.000000 0.000000 0.000000      2018.5301
 LS07        -0.11760 0.00030         0.41440 0.00020        -0.00920 0.00040 0.000000 0.000000 0.000000      2018.5329
 LS07        -0.11750 0.00030         0.41560 0.00020        -0.01460 0.00040 0.000000 0.000000 0.000000      2018.5356
 LS07        -0.11930 0.00030         0.41580 0.00020        -0.00460 0.00030 0.000000 0.000000 0.000000      2018.5383
 LS07        -0.11810 0.00030         0.41630 0.00020        -0.01670 0.00040 0.000000 0.000000 0.000000      2018.5411
 LS07        -0.11580 0.00030         0.41440 0.00020        -0.01670 0.00040 0.000000 0.000000 0.000000      2018.5438
 LS07        -0.11480 0.00030         0.41420 0.00020        -0.01120 0.00040 0.000000 0.000000 0.000000      2018.5466
 LS07        -0.11408 0.00030         0.41410 0.00020        -0.00918 0.00040 0.000000 0.000000 0.000000      2018.5494
 LS07        -0.11390 0.00030         0.41340 0.00020        -0.00860 0.00040 0.000000 0.000000 0.000000      2018.5521
 LS07        -0.11650 0.00030         0.40990 0.00020        -0.01030 0.00040 0.000000 0.000000 0.000000      2018.5548
 LS07        -0.11900 0.00030         0.41180 0.00020        -0.01130 0.00040 0.000000 0.000000 0.000000      2018.5576
 LS07        -0.11800 0.00030         0.41390 0.00020        -0.00710 0.00040 0.000000 0.000000 0.000000      2018.5602
 LS07        -0.11760 0.00030         0.41330 0.00020        -0.01990 0.00040 0.000000 0.000000 0.000000      2018.5629
 LS07        -0.11640 0.00030         0.41110 0.00020        -0.01390 0.00040 0.000000 0.000000 0.000000      2018.5657
 LS07        -0.11970 0.00030         0.41510 0.00020        -0.00940 0.00040 0.000000 0.000000 0.000000      2018.5684
 LS07        -0.11960 0.00030         0.41430 0.00020        -0.00840 0.00040 0.000000 0.000000 0.000000      2018.5712
 LS07        -0.11600 0.00030         0.41700 0.00020        -0.02220 0.00040 0.000000 0.000000 0.000000      2018.5739
 LS07        -0.12130 0.00030         0.41490 0.00020        -0.01450 0.00040 0.000000 0.000000 0.000000      2018.5767
 LS07        -0.12000 0.00030         0.41440 0.00020        -0.01110 0.00030 0.000000 0.000000 0.000000      2018.5794
 LS07        -0.11960 0.00030         0.41310 0.00020        -0.01710 0.00030 0.000000 0.000000 0.000000      2018.5822
 LS07        -0.11920 0.00030         0.41710 0.00020        -0.01740 0.00040 0.000000 0.000000 0.000000      2018.5849
 LS07        -0.12060 0.00030         0.41460 0.00020        -0.01140 0.00030 0.000000 0.000000 0.000000      2018.5876
 LS07        -0.12180 0.00030         0.41440 0.00020        -0.01130 0.00040 0.000000 0.000000 0.000000      2018.5904
 LS07        -0.11810 0.00030         0.41370 0.00020        -0.02390 0.00040 0.000000 0.000000 0.000000      2018.5931
 LS07        -0.11800 0.00030         0.41490 0.00020        -0.01550 0.00040 0.000000 0.000000 0.000000      2018.5959
 LS07        -0.11940 0.00030         0.41620 0.00020        -0.02360 0.00040 0.000000 0.000000 0.000000      2018.5986
 LS07        -0.12110 0.00030         0.41380 0.00020        -0.01390 0.00040 0.000000 0.000000 0.000000      2018.6014
 LS07        -0.12130 0.00030         0.41890 0.00020        -0.02360 0.00040 0.000000 0.000000 0.000000      2018.6041
 LS07        -0.12200 0.00030         0.41540 0.00020        -0.01870 0.00040 0.000000 0.000000 0.000000      2018.6069
 LS07        -0.12160 0.00030         0.41710 0.00020        -0.00570 0.00030 0.000000 0.000000 0.000000      2018.6096
 LS07        -0.12180 0.00030         0.41950 0.00020        -0.01160 0.00040 0.000000 0.000000 0.000000      2018.6122
 LS07        -0.12230 0.00030         0.41610 0.00020        -0.00940 0.00030 0.000000 0.000000 0.000000      2018.6151
 LS07        -0.12110 0.00030         0.41410 0.00020        -0.01280 0.00040 0.000000 0.000000 0.000000      2018.6177
 LS07        -0.12330 0.00030         0.41820 0.00020        -0.01890 0.00040 0.000000 0.000000 0.000000      2018.6205
 LS07        -0.12090 0.00030         0.41610 0.00020        -0.01060 0.00040 0.000000 0.000000 0.000000      2018.6232
 LS07        -0.12080 0.00030         0.41450 0.00020        -0.02660 0.00040 0.000000 0.000000 0.000000      2018.6260
 LS07        -0.12130 0.00030         0.41560 0.00020        -0.01570 0.00030 0.000000 0.000000 0.000000      2018.6287
 LS07        -0.12060 0.00030         0.41740 0.00020        -0.02300 0.00040 0.000000 0.000000 0.000000      2018.6315
 LS07        -0.12213 0.00030         0.41682 0.00020        -0.01277 0.00040 0.000000 0.000000 0.000000      2018.6342
 LS07        -0.12420 0.00030         0.41560 0.00020        -0.00580 0.00040 0.000000 0.000000 0.000000      2018.6369
 LS07        -0.12100 0.00030         0.41570 0.00020        -0.02120 0.00030 0.000000 0.000000 0.000000      2018.6397
 LS07        -0.12120 0.00030         0.41530 0.00020        -0.01380 0.00030 0.000000 0.000000 0.000000      2018.6424
 LS07        -0.12250 0.00030         0.41850 0.00020        -0.01450 0.00030 0.000000 0.000000 0.000000      2018.6452
 LS07        -0.12390 0.00030         0.41340 0.00020        -0.01230 0.00040 0.000000 0.000000 0.000000      2018.6479
 LS07        -0.12130 0.00030         0.41750 0.00020        -0.01420 0.00030 0.000000 0.000000 0.000000      2018.6507
 LS07        -0.12170 0.00030         0.41940 0.00020        -0.01080 0.00030 0.000000 0.000000 0.000000      2018.6534
 LS07        -0.12340 0.00030         0.41570 0.00020        -0.01280 0.00040 0.000000 0.000000 0.000000      2018.6562
 LS07        -0.12110 0.00030         0.41600 0.00020        -0.01710 0.00040 0.000000 0.000000 0.000000      2018.6589
 LS07        -0.12040 0.00030         0.41190 0.00020        -0.03010 0.00040 0.000000 0.000000 0.000000      2018.6616
 LS07        -0.11950 0.00030         0.41780 0.00020        -0.01380 0.00040 0.000000 0.000000 0.000000      2018.6644
 LS07        -0.11920 0.00030         0.41780 0.00020        -0.00920 0.00040 0.000000 0.000000 0.000000      2018.6671
 LS07        -0.12040 0.00030         0.41940 0.00020        -0.00150 0.00040 0.000000 0.000000 0.000000      2018.6699
 LS07        -0.12140 0.00030         0.41560 0.00020        -0.01650 0.00030 0.000000 0.000000 0.000000      2018.6726
 LS07        -0.12200 0.00030         0.41440 0.00020        -0.02710 0.00030 0.000000 0.000000 0.000000      2018.6754
 LS07        -0.12110 0.00030         0.41730 0.00020        -0.02700 0.00040 0.000000 0.000000 0.000000      2018.6780
 LS07        -0.12250 0.00030         0.41880 0.00020        -0.01290 0.00040 0.000000 0.000000 0.000000      2018.6809
 LS07        -0.12190 0.00020         0.41790 0.00020        -0.01990 0.00030 0.000000 0.000000 0.000000      2018.6835
 LS07        -0.12100 0.00020         0.41640 0.00020        -0.02220 0.00030 0.000000 0.000000 0.000000      2018.6862
 LS07        -0.12220 0.00020         0.41950 0.00020        -0.01610 0.00030 0.000000 0.000000 0.000000      2018.6890
 LS07        -0.12160 0.00030         0.42180 0.00020        -0.01720 0.00030 0.000000 0.000000 0.000000      2018.6917
 LS07        -0.12100 0.00030         0.41810 0.00020        -0.01720 0.00030 0.000000 0.000000 0.000000      2018.6945
 LS07        -0.12160 0.00020         0.41800 0.00020        -0.01360 0.00030 0.000000 0.000000 0.000000      2018.6972
 LS07        -0.12090 0.00020         0.41900 0.00020        -0.01750 0.00030 0.000000 0.000000 0.000000      2018.7000
 LS07        -0.12300 0.00030         0.41940 0.00020        -0.01060 0.00030 0.000000 0.000000 0.000000      2018.7027
 LS07        -0.12150 0.00030         0.41730 0.00020        -0.01780 0.00030 0.000000 0.000000 0.000000      2018.7055
 LS07        -0.12160 0.00020         0.41830 0.00020        -0.02040 0.00030 0.000000 0.000000 0.000000      2018.7082
 LS07        -0.12000 0.00030         0.41820 0.00020        -0.01840 0.00030 0.000000 0.000000 0.000000      2018.7109
 LS07        -0.12140 0.00020         0.41860 0.00020        -0.01770 0.00030 0.000000 0.000000 0.000000      2018.7137
 LS07        -0.12260 0.00020         0.41810 0.00020        -0.01370 0.00030 0.000000 0.000000 0.000000      2018.7164
 LS07        -0.12070 0.00030         0.41780 0.00020        -0.01770 0.00030 0.000000 0.000000 0.000000      2018.7192
 LS07        -0.12190 0.00030         0.41610 0.00020        -0.02140 0.00030 0.000000 0.000000 0.000000      2018.7219
 LS07        -0.12340 0.00030         0.41750 0.00020        -0.02050 0.00030 0.000000 0.000000 0.000000      2018.7247
 LS07        -0.12160 0.00030         0.41970 0.00020        -0.01490 0.00030 0.000000 0.000000 0.000000      2018.7274
 LS07        -0.12170 0.00030         0.41920 0.00020        -0.01610 0.00030 0.000000 0.000000 0.000000      2018.7302
 LS07        -0.12010 0.00030         0.41760 0.00020        -0.01240 0.00030 0.000000 0.000000 0.000000      2018.7329
 LS07        -0.12070 0.00030         0.41900 0.00020        -0.01680 0.00030 0.000000 0.000000 0.000000      2018.7355
 LS07        -0.12230 0.00030         0.41890 0.00020        -0.02100 0.00030 0.000000 0.000000 0.000000      2018.7383
 LS07        -0.12130 0.00020         0.42150 0.00020        -0.01760 0.00030 0.000000 0.000000 0.000000      2018.7410
 LS07        -0.12090 0.00020         0.41880 0.00020        -0.01470 0.00030 0.000000 0.000000 0.000000      2018.7438
 LS07        -0.12170 0.00020         0.41810 0.00020        -0.02010 0.00030 0.000000 0.000000 0.000000      2018.7465
 LS07        -0.12330 0.00030         0.42120 0.00020        -0.01350 0.00030 0.000000 0.000000 0.000000      2018.7493
 LS07        -0.12310 0.00020         0.41990 0.00020        -0.01560 0.00030 0.000000 0.000000 0.000000      2018.7520
 LS07        -0.12180 0.00020         0.42190 0.00020        -0.02070 0.00030 0.000000 0.000000 0.000000      2018.7547
 LS07        -0.12320 0.00020         0.42230 0.00020        -0.01440 0.00030 0.000000 0.000000 0.000000      2018.7575
 LS07        -0.12210 0.00020         0.42270 0.00020        -0.01190 0.00030 0.000000 0.000000 0.000000      2018.7602
 LS07        -0.12160 0.00030         0.42150 0.00020        -0.01480 0.00030 0.000000 0.000000 0.000000      2018.7630
 LS07        -0.12030 0.00030         0.42250 0.00020        -0.01720 0.00030 0.000000 0.000000 0.000000      2018.7657
 LS07        -0.12050 0.00030         0.42150 0.00020        -0.01030 0.00030 0.000000 0.000000 0.000000      2018.7685
 LS07        -0.12220 0.00020         0.41860 0.00020        -0.01960 0.00030 0.000000 0.000000 0.000000      2018.7712
 LS07        -0.12020 0.00020         0.42160 0.00020        -0.01880 0.00030 0.000000 0.000000 0.000000      2018.7740
 LS07        -0.12220 0.00020         0.42040 0.00020        -0.01510 0.00030 0.000000 0.000000 0.000000      2018.7767
 LS07        -0.12180 0.00030         0.42130 0.00020        -0.01780 0.00030 0.000000 0.000000 0.000000      2018.7794
 LS07        -0.12250 0.00030         0.42260 0.00020        -0.00720 0.00030 0.000000 0.000000 0.000000      2018.7822
 LS07        -0.12320 0.00030         0.42200 0.00020        -0.00710 0.00030 0.000000 0.000000 0.000000      2018.7849
 LS07        -0.12330 0.00030         0.42420 0.00020        -0.01310 0.00030 0.000000 0.000000 0.000000      2018.7877
 LS07        -0.12340 0.00030         0.42130 0.00020        -0.01690 0.00030 0.000000 0.000000 0.000000      2018.7903
 LS07        -0.12470 0.00020         0.42380 0.00020        -0.01130 0.00030 0.000000 0.000000 0.000000      2018.7932
 LS07        -0.12360 0.00020         0.42340 0.00020        -0.01270 0.00030 0.000000 0.000000 0.000000      2018.7958
 LS07        -0.12220 0.00020         0.42280 0.00020        -0.00290 0.00030 0.000000 0.000000 0.000000      2018.7986
 LS07        -0.12300 0.00030         0.42260 0.00020        -0.00760 0.00030 0.000000 0.000000 0.000000      2018.8013
 LS07        -0.12270 0.00020         0.42320 0.00020        -0.01170 0.00030 0.000000 0.000000 0.000000      2018.8040
 LS07        -0.12350 0.00020         0.42430 0.00020        -0.00530 0.00030 0.000000 0.000000 0.000000      2018.8068
 LS07        -0.12340 0.00020         0.42300 0.00020        -0.00930 0.00030 0.000000 0.000000 0.000000      2018.8095
 LS07        -0.12310 0.00030         0.42370 0.00020        -0.01460 0.00030 0.000000 0.000000 0.000000      2018.8123
 LS07        -0.12350 0.00030         0.42310 0.00020        -0.01550 0.00030 0.000000 0.000000 0.000000      2018.8150
 LS07        -0.12250 0.00030         0.42260 0.00020        -0.01710 0.00030 0.000000 0.000000 0.000000      2018.8178
 LS07        -0.12490 0.00020         0.42230 0.00020        -0.01270 0.00030 0.000000 0.000000 0.000000      2018.8205
 LS07        -0.12490 0.00020         0.42310 0.00020        -0.01150 0.00030 0.000000 0.000000 0.000000      2018.8233
 LS07        -0.12370 0.00020         0.42190 0.00020        -0.01250 0.00030 0.000000 0.000000 0.000000      2018.8260
 LS07        -0.12390 0.00030         0.42400 0.00020        -0.01360 0.00030 0.000000 0.000000 0.000000      2018.8287
 LS07        -0.12280 0.00020         0.42460 0.00020        -0.01050 0.00030 0.000000 0.000000 0.000000      2018.8315
 LS07        -0.12250 0.00020         0.42440 0.00020        -0.00440 0.00030 0.000000 0.000000 0.000000      2018.8342
 LS07        -0.12390 0.00020         0.42390 0.00020        -0.00740 0.00030 0.000000 0.000000 0.000000      2018.8370
 LS07        -0.12310 0.00020         0.42380 0.00020        -0.00520 0.00030 0.000000 0.000000 0.000000      2018.8397
 LS07        -0.12300 0.00020         0.42470 0.00020        -0.00920 0.00030 0.000000 0.000000 0.000000      2018.8425
 LS07        -0.12330 0.00020         0.42650 0.00020        -0.00660 0.00030 0.000000 0.000000 0.000000      2018.8452
 LS07        -0.12380 0.00020         0.42530 0.00020        -0.00680 0.00030 0.000000 0.000000 0.000000      2018.8480
 LS07        -0.12430 0.00020         0.42610 0.00020        -0.00120 0.00030 0.000000 0.000000 0.000000      2018.8507
 LS07        -0.12440 0.00020         0.42600 0.00020        -0.00750 0.00030 0.000000 0.000000 0.000000      2018.8533
 LS07        -0.12390 0.00030         0.42660 0.00020        -0.00430 0.00030 0.000000 0.000000 0.000000      2018.8561
 LS07        -0.12380 0.00020         0.42570 0.00020        -0.00540 0.00030 0.000000 0.000000 0.000000      2018.8588
 LS07        -0.12410 0.00020         0.42510 0.00020        -0.00620 0.00030 0.000000 0.000000 0.000000      2018.8616
 LS07        -0.12370 0.00020         0.42720 0.00020        -0.00390 0.00030 0.000000 0.000000 0.000000      2018.8643
 LS07        -0.12440 0.00020         0.42620 0.00020         0.00360 0.00030 0.000000 0.000000 0.000000      2018.8671
 LS07        -0.12350 0.00030         0.42850 0.00020        -0.00010 0.00030 0.000000 0.000000 0.000000      2018.8698
 LS07        -0.12270 0.00020         0.42830 0.00020        -0.00750 0.00030 0.000000 0.000000 0.000000      2018.8726
 LS07        -0.12510 0.00020         0.42750 0.00020        -0.00400 0.00030 0.000000 0.000000 0.000000      2018.8753
 LS07        -0.12410 0.00030         0.42870 0.00020        -0.00420 0.00030 0.000000 0.000000 0.000000      2018.8780
 LS07        -0.12340 0.00020         0.42810 0.00020        -0.00330 0.00030 0.000000 0.000000 0.000000      2018.8808
 LS07        -0.12210 0.00020         0.42940 0.00020        -0.00510 0.00030 0.000000 0.000000 0.000000      2018.8835
 LS07        -0.12310 0.00020         0.42810 0.00020        -0.00290 0.00030 0.000000 0.000000 0.000000      2018.8863
 LS07        -0.12460 0.00020         0.42780 0.00020        -0.01310 0.00030 0.000000 0.000000 0.000000      2018.8890
 LS07        -0.12400 0.00030         0.42860 0.00020        -0.00730 0.00030 0.000000 0.000000 0.000000      2018.8918
 LS07        -0.12330 0.00020         0.42770 0.00020        -0.00470 0.00030 0.000000 0.000000 0.000000      2018.8945
 LS07        -0.12170 0.00020         0.42760 0.00020        -0.00860 0.00030 0.000000 0.000000 0.000000      2018.8973
 LS07        -0.12230 0.00020         0.43010 0.00020        -0.01220 0.00030 0.000000 0.000000 0.000000      2018.9000
 LS07        -0.12470 0.00030         0.43030 0.00020        -0.00740 0.00030 0.000000 0.000000 0.000000      2018.9027
 LS07        -0.12380 0.00030         0.42780 0.00020        -0.01520 0.00030 0.000000 0.000000 0.000000      2018.9055
 LS07        -0.12270 0.00020         0.42850 0.00020        -0.00780 0.00030 0.000000 0.000000 0.000000      2018.9081
 LS07        -0.12430 0.00020         0.43100 0.00020        -0.00290 0.00030 0.000000 0.000000 0.000000      2018.9110
 LS07        -0.12220 0.00020         0.42980 0.00020        -0.00190 0.00030 0.000000 0.000000 0.000000      2018.9136
 LS07        -0.12140 0.00030         0.42860 0.00020        -0.00510 0.00030 0.000000 0.000000 0.000000      2018.9164
 LS07        -0.12030 0.00030         0.42820 0.00020        -0.00810 0.00030 0.000000 0.000000 0.000000      2018.9191
 LS07        -0.12200 0.00030         0.42820 0.00020        -0.00630 0.00030 0.000000 0.000000 0.000000      2018.9219
 LS07        -0.12120 0.00020         0.42790 0.00020        -0.00350 0.00030 0.000000 0.000000 0.000000      2018.9246
 LS07        -0.12220 0.00020         0.42880 0.00020        -0.00580 0.00030 0.000000 0.000000 0.000000      2018.9273
 LS07        -0.12190 0.00020         0.43050 0.00020        -0.00340 0.00030 0.000000 0.000000 0.000000      2018.9301
 LS07        -0.12270 0.00020         0.43250 0.00020        -0.00160 0.00030 0.000000 0.000000 0.000000      2018.9328
 LS07        -0.12230 0.00030         0.43060 0.00020        -0.00210 0.00030 0.000000 0.000000 0.000000      2018.9356
 LS07        -0.12180 0.00030         0.43030 0.00020        -0.00320 0.00030 0.000000 0.000000 0.000000      2018.9383
 LS07        -0.12080 0.00020         0.43240 0.00020        -0.00220 0.00030 0.000000 0.000000 0.000000      2018.9411
 LS07        -0.12170 0.00020         0.43170 0.00020        -0.00253 0.00030 0.000000 0.000000 0.000000      2018.9439
 LS07        -0.12270 0.00020         0.43080 0.00020        -0.00460 0.00030 0.000000 0.000000 0.000000      2018.9466
 LS07        -0.12190 0.00020         0.43260 0.00020        -0.00690 0.00030 0.000000 0.000000 0.000000      2018.9493
 LS07        -0.12180 0.00030         0.43060 0.00020        -0.00940 0.00030 0.000000 0.000000 0.000000      2018.9520
 LS07        -0.12200 0.00020         0.43010 0.00020        -0.00140 0.00030 0.000000 0.000000 0.000000      2018.9548
 LS07        -0.12110 0.00020         0.42950 0.00020        -0.00440 0.00030 0.000000 0.000000 0.000000      2018.9575
 LS07        -0.12160 0.00030         0.42680 0.00020        -0.01050 0.00030 0.000000 0.000000 0.000000      2018.9603
 LS07        -0.12250 0.00020         0.43030 0.00020        -0.00380 0.00030 0.000000 0.000000 0.000000      2018.9630
 LS07        -0.12230 0.00030         0.42780 0.00020        -0.00260 0.00030 0.000000 0.000000 0.000000      2018.9658
 LS07        -0.12240 0.00030         0.43040 0.00020         0.00070 0.00030 0.000000 0.000000 0.000000      2018.9684
 LS07        -0.12310 0.00030         0.42940 0.00020         0.00290 0.00030 0.000000 0.000000 0.000000      2018.9713
 LS07        -0.12270 0.00020         0.43070 0.00020         0.00510 0.00030 0.000000 0.000000 0.000000      2018.9739
 LS07        -0.12200 0.00030         0.43190 0.00020        -0.00610 0.00030 0.000000 0.000000 0.000000      2018.9766
 LS07        -0.12170 0.00020         0.43040 0.00020        -0.00310 0.00030 0.000000 0.000000 0.000000      2018.9794
 LS07        -0.12140 0.00030         0.43070 0.00020        -0.00590 0.00030 0.000000 0.000000 0.000000      2018.9821
 LS07        -0.12070 0.00020         0.43190 0.00020        -0.00440 0.00030 0.000000 0.000000 0.000000      2018.9849
 LS07        -0.11990 0.00030         0.43050 0.00020        -0.00320 0.00030 0.000000 0.000000 0.000000      2018.9876
 LS07        -0.12030 0.00030         0.43030 0.00020        -0.01410 0.00030 0.000000 0.000000 0.000000      2018.9904
 LS07        -0.12230 0.00030         0.43380 0.00020        -0.01530 0.00030 0.000000 0.000000 0.000000      2018.9931
 LS07        -0.12250 0.00020         0.43150 0.00020        -0.01150 0.00030 0.000000 0.000000 0.000000      2018.9959
 LS07        -0.12160 0.00030         0.42970 0.00020        -0.01240 0.00030 0.000000 0.000000 0.000000      2018.9986
 LS07        -0.12140 0.00030         0.43120 0.00020        -0.00990 0.00030 0.000000 0.000000 0.000000      2019.0013
 LS07        -0.12260 0.00030         0.42870 0.00020        -0.00570 0.00040 0.000000 0.000000 0.000000      2019.0041
 LS07        -0.12310 0.00030         0.43060 0.00020        -0.01090 0.00030 0.000000 0.000000 0.000000      2019.0068
 LS07        -0.12320 0.00030         0.43080 0.00020        -0.00530 0.00030 0.000000 0.000000 0.000000      2019.0096
 LS07        -0.12350 0.00030         0.43310 0.00020         0.00220 0.00030 0.000000 0.000000 0.000000      2019.0123
 LS07        -0.12310 0.00030         0.43190 0.00020        -0.00690 0.00030 0.000000 0.000000 0.000000      2019.0151
 LS07        -0.12280 0.00030         0.43240 0.00020        -0.00520 0.00030 0.000000 0.000000 0.000000      2019.0178
 LS07        -0.12230 0.00020         0.43110 0.00020        -0.00690 0.00030 0.000000 0.000000 0.000000      2019.0206
 LS07        -0.12500 0.00030         0.43180 0.00020        -0.00340 0.00030 0.000000 0.000000 0.000000      2019.0233
 LS07        -0.12470 0.00020         0.43100 0.00020        -0.00810 0.00030 0.000000 0.000000 0.000000      2019.0259
 LS07        -0.12410 0.00020         0.43310 0.00020         0.00590 0.00030 0.000000 0.000000 0.000000      2019.0288
 LS07        -0.12260 0.00020         0.43130 0.00020         0.00120 0.00030 0.000000 0.000000 0.000000      2019.0314
 LS07        -0.12430 0.00030         0.43130 0.00020        -0.00820 0.00030 0.000000 0.000000 0.000000      2019.0342
 LS07        -0.12530 0.00030         0.43270 0.00020        -0.00330 0.00030 0.000000 0.000000 0.000000      2019.0369
 LS07        -0.12420 0.00030         0.43190 0.00020        -0.00900 0.00040 0.000000 0.000000 0.000000      2019.0397
 LS07        -0.12400 0.00020         0.43440 0.00020         0.00080 0.00030 0.000000 0.000000 0.000000      2019.0424
 LS07        -0.12410 0.00020         0.43410 0.00020         0.00030 0.00030 0.000000 0.000000 0.000000      2019.0452
 LS07        -0.12370 0.00030         0.43130 0.00020         0.00830 0.00030 0.000000 0.000000 0.000000      2019.0479
 LS07        -0.12290 0.00030         0.43350 0.00020         0.00450 0.00030 0.000000 0.000000 0.000000      2019.0506
 LS07        -0.12370 0.00030         0.43370 0.00020        -0.00230 0.00030 0.000000 0.000000 0.000000      2019.0534
 LS07        -0.12350 0.00020         0.43520 0.00020        -0.00240 0.00030 0.000000 0.000000 0.000000      2019.0561
 LS07        -0.12100 0.00020         0.43290 0.00020        -0.00520 0.00030 0.000000 0.000000 0.000000      2019.0589
 LS07        -0.12280 0.00020         0.43350 0.00020        -0.00460 0.00030 0.000000 0.000000 0.000000      2019.0616
 LS07        -0.12200 0.00030         0.43300 0.00020        -0.00470 0.00030 0.000000 0.000000 0.000000      2019.0644
 LS07        -0.12250 0.00020         0.43160 0.00020        -0.00320 0.00030 0.000000 0.000000 0.000000      2019.0671
 LS07        -0.12340 0.00030         0.43430 0.00020         0.00150 0.00030 0.000000 0.000000 0.000000      2019.0699
 LS07        -0.12150 0.00020         0.43350 0.00020        -0.00370 0.00030 0.000000 0.000000 0.000000      2019.0726
 LS07        -0.12080 0.00020         0.43370 0.00020        -0.00160 0.00030 0.000000 0.000000 0.000000      2019.0753
 LS07        -0.12220 0.00030         0.43310 0.00020         0.00370 0.00030 0.000000 0.000000 0.000000      2019.0781
 LS07        -0.12340 0.00030         0.43290 0.00020         0.00250 0.00030 0.000000 0.000000 0.000000      2019.0808
 LS07        -0.12400 0.00020         0.43370 0.00020         0.00210 0.00030 0.000000 0.000000 0.000000      2019.0836
 LS07        -0.12360 0.00020         0.43480 0.00020         0.00750 0.00030 0.000000 0.000000 0.000000      2019.0862
 LS07        -0.12350 0.00030         0.43200 0.00020         0.00900 0.00030 0.000000 0.000000 0.000000      2019.0891
 LS07        -0.12260 0.00020         0.43410 0.00020        -0.00100 0.00030 0.000000 0.000000 0.000000      2019.0917
 LS07        -0.12180 0.00020         0.43500 0.00020         0.00890 0.00030 0.000000 0.000000 0.000000      2019.0945
 LS07        -0.12150 0.00030         0.43360 0.00020         0.00980 0.00030 0.000000 0.000000 0.000000      2019.0972
 LS07        -0.12020 0.00020         0.43320 0.00020         0.00060 0.00030 0.000000 0.000000 0.000000      2019.0999
 LS07        -0.12100 0.00020         0.43330 0.00020        -0.00030 0.00030 0.000000 0.000000 0.000000      2019.1027
 LS07        -0.11980 0.00030         0.43200 0.00020        -0.00900 0.00030 0.000000 0.000000 0.000000      2019.1054
 LS07        -0.12190 0.00030         0.43270 0.00020         0.00000 0.00030 0.000000 0.000000 0.000000      2019.1082
 LS07        -0.12230 0.00030         0.43500 0.00020         0.00410 0.00030 0.000000 0.000000 0.000000      2019.1109
 LS07        -0.12220 0.00030         0.43440 0.00020        -0.00140 0.00030 0.000000 0.000000 0.000000      2019.1137
 LS07        -0.12220 0.00020         0.43340 0.00020        -0.00180 0.00030 0.000000 0.000000 0.000000      2019.1164
 LS07        -0.12280 0.00020         0.43230 0.00020        -0.00540 0.00030 0.000000 0.000000 0.000000      2019.1192
 LS07        -0.12250 0.00030         0.43360 0.00020         0.00150 0.00030 0.000000 0.000000 0.000000      2019.1219
 LS07        -0.12290 0.00030         0.43260 0.00020         0.00120 0.00030 0.000000 0.000000 0.000000      2019.1246
 LS07        -0.12300 0.00030         0.43310 0.00020        -0.00190 0.00030 0.000000 0.000000 0.000000      2019.1274
 LS07        -0.12090 0.00030         0.43440 0.00020        -0.00170 0.00030 0.000000 0.000000 0.000000      2019.1301
 LS07        -0.12380 0.00030         0.43630 0.00020        -0.00350 0.00040 0.000000 0.000000 0.000000      2019.1329
 LS07        -0.12390 0.00030         0.43470 0.00020         0.00180 0.00030 0.000000 0.000000 0.000000      2019.1356
 LS07        -0.12260 0.00030         0.43660 0.00020        -0.00710 0.00030 0.000000 0.000000 0.000000      2019.1384
 LS07        -0.12150 0.00030         0.43510 0.00020        -0.00650 0.00030 0.000000 0.000000 0.000000      2019.1411
 LS07        -0.12210 0.00030         0.43240 0.00020        -0.00570 0.00030 0.000000 0.000000 0.000000      2019.1439
 LS07        -0.12236 0.00030         0.43200 0.00020        -0.00680 0.00030 0.000000 0.000000 0.000000      2019.1465
 LS07        -0.12270 0.00030         0.43170 0.00020        -0.00890 0.00030 0.000000 0.000000 0.000000      2019.1492
 LS07        -0.12400 0.00030         0.43450 0.00020         0.00440 0.00030 0.000000 0.000000 0.000000      2019.1520
 LS07        -0.12400 0.00030         0.43480 0.00020        -0.00720 0.00030 0.000000 0.000000 0.000000      2019.1547
 LS07        -0.12550 0.00030         0.43500 0.00020        -0.00330 0.00030 0.000000 0.000000 0.000000      2019.1575
 LS07        -0.12600 0.00030         0.43740 0.00020         0.00190 0.00030 0.000000 0.000000 0.000000      2019.1602
 LS07        -0.12480 0.00030         0.43230 0.00020         0.00530 0.00030 0.000000 0.000000 0.000000      2019.1630
 LS07        -0.12500 0.00020         0.43720 0.00020         0.00460 0.00030 0.000000 0.000000 0.000000      2019.1657
 LS07        -0.12310 0.00020         0.43470 0.00020        -0.00090 0.00030 0.000000 0.000000 0.000000      2019.1685
 LS07        -0.12360 0.00030         0.43440 0.00020        -0.00290 0.00030 0.000000 0.000000 0.000000      2019.1712
 LS07        -0.12300 0.00020         0.43520 0.00020        -0.00460 0.00030 0.000000 0.000000 0.000000      2019.1739
 LS07        -0.12220 0.00020         0.43630 0.00020         0.00480 0.00030 0.000000 0.000000 0.000000      2019.1767
 LS07        -0.12120 0.00020         0.43360 0.00020        -0.00320 0.00030 0.000000 0.000000 0.000000      2019.1794
 LS07        -0.12350 0.00030         0.43340 0.00020        -0.00520 0.00030 0.000000 0.000000 0.000000      2019.1822
 LS07        -0.12258 0.00030         0.43351 0.00020        -0.00798 0.00030 0.000000 0.000000 0.000000      2019.1849
 LS07        -0.12210 0.00030         0.43360 0.00020        -0.01070 0.00030 0.000000 0.000000 0.000000      2019.1877
 LS07        -0.12228 0.00025         0.43451 0.00020        -0.00074 0.00030 0.000000 0.000000 0.000000      2019.1905
 LS07        -0.12260 0.00020         0.43480 0.00020         0.00350 0.00030 0.000000 0.000000 0.000000      2019.1932
 LS07        -0.12160 0.00030         0.43210 0.00020        -0.00740 0.00030 0.000000 0.000000 0.000000      2019.1959
 LS07        -0.12130 0.00020         0.43440 0.00020        -0.00720 0.00030 0.000000 0.000000 0.000000      2019.1986
 LS07        -0.12150 0.00030         0.43400 0.00020        -0.00890 0.00030 0.000000 0.000000 0.000000      2019.2014
 LS07        -0.12133 0.00030         0.43383 0.00020        -0.00740 0.00030 0.000000 0.000000 0.000000      2019.2041
 LS07        -0.12136 0.00030         0.43375 0.00020        -0.00454 0.00030 0.000000 0.000000 0.000000      2019.2069
 LS07        -0.12106 0.00030         0.43357 0.00020        -0.00267 0.00030 0.000000 0.000000 0.000000      2019.2096
 LS07        -0.12100 0.00030         0.43330 0.00020        -0.00250 0.00030 0.000000 0.000000 0.000000      2019.2123
 LS07        -0.11980 0.00030         0.43290 0.00020        -0.00610 0.00030 0.000000 0.000000 0.000000      2019.2150
 LS07        -0.11979 0.00030         0.43182 0.00020        -0.00809 0.00030 0.000000 0.000000 0.000000      2019.2177
 LS07        -0.12050 0.00030         0.43080 0.00020        -0.01010 0.00030 0.000000 0.000000 0.000000      2019.2205
 LS07        -0.12120 0.00030         0.43240 0.00020        -0.00750 0.00030 0.000000 0.000000 0.000000      2019.2232
 LS07        -0.12380 0.00030         0.43210 0.00020        -0.00530 0.00030 0.000000 0.000000 0.000000      2019.2260
 LS07        -0.12328 0.00030         0.43273 0.00020        -0.00408 0.00030 0.000000 0.000000 0.000000      2019.2288
 LS07        -0.12220 0.00030         0.43300 0.00020        -0.00390 0.00030 0.000000 0.000000 0.000000      2019.2315
 LS07        -0.12030 0.00030         0.43230 0.00020        -0.00610 0.00030 0.000000 0.000000 0.000000      2019.2342
 LS07        -0.11960 0.00030         0.43090 0.00020        -0.00910 0.00030 0.000000 0.000000 0.000000      2019.2370
 LS07        -0.12030 0.00030         0.43650 0.00020        -0.00330 0.00030 0.000000 0.000000 0.000000      2019.2397
