 LS08        -0.15170 0.00020         0.41800 0.00010         0.00070 0.00030 0.000000 0.000000 0.000000      2018.2397
 LS08        -0.15060 0.00020         0.41960 0.00010         0.00850 0.00030 0.000000 0.000000 0.000000      2018.2425
 LS08        -0.15040 0.00020         0.41850 0.00010        -0.00010 0.00030 0.000000 0.000000 0.000000      2018.2452
 LS08        -0.14980 0.00020         0.41540 0.00010        -0.00670 0.00030 0.000000 0.000000 0.000000      2018.2479
 LS08        -0.15140 0.00020         0.41590 0.00010         0.00610 0.00030 0.000000 0.000000 0.000000      2018.2507
 LS08        -0.14940 0.00020         0.41740 0.00010         0.00310 0.00030 0.000000 0.000000 0.000000      2018.2534
 LS08        -0.15080 0.00020         0.41900 0.00010        -0.00660 0.00030 0.000000 0.000000 0.000000      2018.2562
 LS08        -0.14980 0.00020         0.41970 0.00010        -0.00280 0.00030 0.000000 0.000000 0.000000      2018.2589
 LS08        -0.15080 0.00020         0.42020 0.00010        -0.00740 0.00030 0.000000 0.000000 0.000000      2018.2617
 LS08        -0.15300 0.00020         0.41930 0.00010         0.00770 0.00030 0.000000 0.000000 0.000000      2018.2643
 LS08        -0.15250 0.00020         0.41780 0.00010         0.00150 0.00030 0.000000 0.000000 0.000000      2018.2670
 LS08        -0.15170 0.00020         0.42040 0.00010         0.01980 0.00030 0.000000 0.000000 0.000000      2018.2698
 LS08        -0.14940 0.00020         0.41900 0.00010        -0.00070 0.00030 0.000000 0.000000 0.000000      2018.2725
 LS08        -0.15080 0.00020         0.42090 0.00010         0.00600 0.00030 0.000000 0.000000 0.000000      2018.2753
 LS08        -0.15200 0.00020         0.42140 0.00010         0.00760 0.00030 0.000000 0.000000 0.000000      2018.2780
 LS08        -0.15080 0.00020         0.41830 0.00010         0.01170 0.00030 0.000000 0.000000 0.000000      2018.2808
 LS08        -0.15190 0.00020         0.41950 0.00010         0.00060 0.00030 0.000000 0.000000 0.000000      2018.2835
 LS08        -0.15140 0.00020         0.41940 0.00010         0.00620 0.00030 0.000000 0.000000 0.000000      2018.2863
 LS08        -0.15110 0.00020         0.42040 0.00010         0.00180 0.00030 0.000000 0.000000 0.000000      2018.2890
 LS08        -0.15330 0.00020         0.42100 0.00010        -0.00050 0.00030 0.000000 0.000000 0.000000      2018.2917
 LS08        -0.15150 0.00020         0.41850 0.00010         0.00730 0.00030 0.000000 0.000000 0.000000      2018.2945
 LS08        -0.15190 0.00020         0.41930 0.00010         0.00590 0.00030 0.000000 0.000000 0.000000      2018.2972
 LS08        -0.15120 0.00020         0.42050 0.00010         0.00800 0.00030 0.000000 0.000000 0.000000      2018.3000
 LS08        -0.15280 0.00020         0.42170 0.00010         0.00320 0.00030 0.000000 0.000000 0.000000      2018.3027
 LS08        -0.15170 0.00020         0.42240 0.00010         0.00510 0.00030 0.000000 0.000000 0.000000      2018.3055
 LS08        -0.15190 0.00020         0.42210 0.00010         0.00620 0.00030 0.000000 0.000000 0.000000      2018.3082
 LS08        -0.15280 0.00020         0.42140 0.00010         0.00580 0.00030 0.000000 0.000000 0.000000      2018.3110
 LS08        -0.15330 0.00020         0.42200 0.00010         0.00010 0.00030 0.000000 0.000000 0.000000      2018.3137
 LS08        -0.15210 0.00020         0.42130 0.00010         0.00720 0.00020 0.000000 0.000000 0.000000      2018.3163
 LS08        -0.15110 0.00020         0.42020 0.00010        -0.00540 0.00030 0.000000 0.000000 0.000000      2018.3192
 LS08        -0.15000 0.00020         0.41930 0.00010        -0.00550 0.00030 0.000000 0.000000 0.000000      2018.3218
 LS08        -0.15250 0.00020         0.41940 0.00010        -0.00130 0.00030 0.000000 0.000000 0.000000      2018.3246
 LS08        -0.15230 0.00020         0.41960 0.00010         0.00470 0.00030 0.000000 0.000000 0.000000      2018.3273
 LS08        -0.15240 0.00020         0.41870 0.00010         0.01240 0.00030 0.000000 0.000000 0.000000      2018.3301
 LS08        -0.15110 0.00020         0.41940 0.00010        -0.00130 0.00030 0.000000 0.000000 0.000000      2018.3328
 LS08        -0.15290 0.00020         0.42170 0.00010         0.00010 0.00030 0.000000 0.000000 0.000000      2018.3356
 LS08        -0.15410 0.00020         0.42280 0.00010        -0.00170 0.00030 0.000000 0.000000 0.000000      2018.3383
 LS08        -0.15310 0.00020         0.42050 0.00010         0.01030 0.00030 0.000000 0.000000 0.000000      2018.3410
 LS08        -0.15130 0.00020         0.42210 0.00010         0.00270 0.00030 0.000000 0.000000 0.000000      2018.3438
 LS08        -0.15160 0.00020         0.42190 0.00010        -0.00410 0.00030 0.000000 0.000000 0.000000      2018.3465
 LS08        -0.15020 0.00020         0.42220 0.00010         0.00460 0.00030 0.000000 0.000000 0.000000      2018.3493
 LS08        -0.15350 0.00020         0.42380 0.00010         0.01000 0.00030 0.000000 0.000000 0.000000      2018.3520
 LS08        -0.15120 0.00020         0.42100 0.00010        -0.00060 0.00030 0.000000 0.000000 0.000000      2018.3548
 LS08        -0.15300 0.00020         0.42100 0.00010         0.01090 0.00030 0.000000 0.000000 0.000000      2018.3575
 LS08        -0.15030 0.00020         0.42220 0.00010         0.00280 0.00030 0.000000 0.000000 0.000000      2018.3603
 LS08        -0.15300 0.00020         0.41910 0.00010         0.00830 0.00030 0.000000 0.000000 0.000000      2018.3630
 LS08        -0.14890 0.00020         0.42060 0.00010         0.00760 0.00030 0.000000 0.000000 0.000000      2018.3657
 LS08        -0.15150 0.00020         0.42030 0.00010         0.00950 0.00030 0.000000 0.000000 0.000000      2018.3685
 LS08        -0.15170 0.00020         0.42460 0.00010        -0.00090 0.00030 0.000000 0.000000 0.000000      2018.3712
 LS08        -0.15190 0.00020         0.42340 0.00010         0.00660 0.00030 0.000000 0.000000 0.000000      2018.3740
 LS08        -0.15000 0.00020         0.42080 0.00010         0.00320 0.00030 0.000000 0.000000 0.000000      2018.3767
 LS08        -0.15320 0.00020         0.42520 0.00010         0.00290 0.00030 0.000000 0.000000 0.000000      2018.3795
 LS08        -0.15120 0.00020         0.42320 0.00010        -0.00620 0.00030 0.000000 0.000000 0.000000      2018.3821
 LS08        -0.15000 0.00020         0.42450 0.00010        -0.00950 0.00030 0.000000 0.000000 0.000000      2018.3850
 LS08        -0.15100 0.00020         0.42540 0.00010         0.00510 0.00030 0.000000 0.000000 0.000000      2018.3876
 LS08        -0.15300 0.00020         0.42770 0.00010         0.00930 0.00030 0.000000 0.000000 0.000000      2018.3903
 LS08        -0.15310 0.00020         0.42470 0.00010         0.01330 0.00030 0.000000 0.000000 0.000000      2018.3931
 LS08        -0.15300 0.00020         0.42660 0.00010         0.00890 0.00030 0.000000 0.000000 0.000000      2018.3958
 LS08        -0.15410 0.00020         0.42600 0.00010         0.01070 0.00030 0.000000 0.000000 0.000000      2018.3986
 LS08        -0.15220 0.00020         0.42300 0.00010         0.00900 0.00030 0.000000 0.000000 0.000000      2018.4013
 LS08        -0.15080 0.00020         0.42450 0.00010        -0.00120 0.00030 0.000000 0.000000 0.000000      2018.4041
 LS08        -0.15350 0.00020         0.42520 0.00010         0.00650 0.00030 0.000000 0.000000 0.000000      2018.4068
 LS08        -0.15490 0.00020         0.42630 0.00010         0.00980 0.00030 0.000000 0.000000 0.000000      2018.4096
 LS08        -0.15550 0.00020         0.42650 0.00010         0.00950 0.00030 0.000000 0.000000 0.000000      2018.4123
 LS08        -0.15550 0.00020         0.42520 0.00010         0.01000 0.00030 0.000000 0.000000 0.000000      2018.4150
 LS08        -0.15410 0.00020         0.42680 0.00010         0.01050 0.00030 0.000000 0.000000 0.000000      2018.4178
 LS08        -0.15320 0.00020         0.42657 0.00010         0.00703 0.00030 0.000000 0.000000 0.000000      2018.4205
 LS08        -0.15280 0.00020         0.42600 0.00010        -0.00100 0.00030 0.000000 0.000000 0.000000      2018.4233
 LS08        -0.15400 0.00020         0.43000 0.00010        -0.01060 0.00030 0.000000 0.000000 0.000000      2018.4260
 LS08        -0.15170 0.00020         0.42890 0.00010        -0.00730 0.00030 0.000000 0.000000 0.000000      2018.4288
 LS08        -0.15270 0.00020         0.42700 0.00010         0.00160 0.00030 0.000000 0.000000 0.000000      2018.4315
 LS08        -0.15030 0.00020         0.42770 0.00010        -0.00430 0.00030 0.000000 0.000000 0.000000      2018.4343
 LS08        -0.15340 0.00020         0.42860 0.00010         0.00260 0.00030 0.000000 0.000000 0.000000      2018.4370
 LS08        -0.15600 0.00020         0.42680 0.00010         0.00260 0.00030 0.000000 0.000000 0.000000      2018.4396
 LS08        -0.15550 0.00020         0.42740 0.00010         0.01390 0.00030 0.000000 0.000000 0.000000      2018.4424
 LS08        -0.15340 0.00020         0.42500 0.00010        -0.00100 0.00030 0.000000 0.000000 0.000000      2018.4451
 LS08        -0.15510 0.00020         0.42540 0.00010         0.00660 0.00030 0.000000 0.000000 0.000000      2018.4479
 LS08        -0.15280 0.00020         0.42480 0.00010         0.00460 0.00020 0.000000 0.000000 0.000000      2018.4506
 LS08        -0.15450 0.00020         0.42880 0.00010         0.01560 0.00030 0.000000 0.000000 0.000000      2018.4534
 LS08        -0.15490 0.00020         0.42820 0.00010         0.00420 0.00030 0.000000 0.000000 0.000000      2018.4561
 LS08        -0.15490 0.00020         0.42770 0.00010         0.00930 0.00030 0.000000 0.000000 0.000000      2018.4589
 LS08        -0.15510 0.00020         0.42880 0.00010        -0.00010 0.00030 0.000000 0.000000 0.000000      2018.4616
 LS08        -0.15510 0.00020         0.42720 0.00010         0.01220 0.00030 0.000000 0.000000 0.000000      2018.4643
 LS08        -0.15470 0.00020         0.42920 0.00010         0.00890 0.00030 0.000000 0.000000 0.000000      2018.4671
 LS08        -0.15510 0.00020         0.42760 0.00010         0.00040 0.00030 0.000000 0.000000 0.000000      2018.4698
 LS08        -0.15510 0.00020         0.42900 0.00010        -0.00110 0.00030 0.000000 0.000000 0.000000      2018.4726
 LS08        -0.15590 0.00020         0.42580 0.00010         0.00650 0.00030 0.000000 0.000000 0.000000      2018.4753
 LS08        -0.15560 0.00020         0.42830 0.00010         0.00830 0.00030 0.000000 0.000000 0.000000      2018.4781
 LS08        -0.15450 0.00020         0.42720 0.00010         0.00830 0.00030 0.000000 0.000000 0.000000      2018.4808
 LS08        -0.15500 0.00020         0.42550 0.00010         0.00820 0.00030 0.000000 0.000000 0.000000      2018.4836
 LS08        -0.15430 0.00020         0.42840 0.00010        -0.01020 0.00030 0.000000 0.000000 0.000000      2018.4863
 LS08        -0.15680 0.00020         0.42520 0.00010         0.00340 0.00030 0.000000 0.000000 0.000000      2018.4890
 LS08        -0.15590 0.00020         0.42820 0.00010        -0.00040 0.00030 0.000000 0.000000 0.000000      2018.4918
 LS08        -0.15520 0.00020         0.42740 0.00010        -0.00770 0.00030 0.000000 0.000000 0.000000      2018.4944
 LS08        -0.15660 0.00020         0.42890 0.00010         0.00050 0.00030 0.000000 0.000000 0.000000      2018.4973
 LS08        -0.15630 0.00020         0.43050 0.00010         0.00750 0.00030 0.000000 0.000000 0.000000      2018.4999
 LS08        -0.15610 0.00020         0.42980 0.00010         0.00540 0.00030 0.000000 0.000000 0.000000      2018.5028
 LS08        -0.15510 0.00020         0.42970 0.00010         0.00640 0.00030 0.000000 0.000000 0.000000      2018.5054
 LS08        -0.15560 0.00020         0.42980 0.00010         0.00600 0.00030 0.000000 0.000000 0.000000      2018.5082
 LS08        -0.15480 0.00020         0.42810 0.00010        -0.00640 0.00030 0.000000 0.000000 0.000000      2018.5109
 LS08        -0.15330 0.00020         0.43060 0.00010        -0.01150 0.00030 0.000000 0.000000 0.000000      2018.5136
 LS08        -0.15490 0.00020         0.42940 0.00010         0.00240 0.00030 0.000000 0.000000 0.000000      2018.5164
 LS08        -0.15720 0.00020         0.42990 0.00010         0.00280 0.00030 0.000000 0.000000 0.000000      2018.5191
 LS08        -0.15580 0.00020         0.43130 0.00010         0.00310 0.00030 0.000000 0.000000 0.000000      2018.5219
 LS08        -0.15650 0.00020         0.43280 0.00010         0.00430 0.00030 0.000000 0.000000 0.000000      2018.5246
 LS08        -0.15550 0.00020         0.43050 0.00010        -0.00710 0.00030 0.000000 0.000000 0.000000      2018.5274
 LS08        -0.15562 0.00020         0.43029 0.00010        -0.00708 0.00030 0.000000 0.000000 0.000000      2018.5301
 LS08        -0.15604 0.00020         0.42949 0.00010        -0.00698 0.00030 0.000000 0.000000 0.000000      2018.5329
 LS08        -0.15653 0.00020         0.42923 0.00010        -0.00694 0.00030 0.000000 0.000000 0.000000      2018.5356
 LS08        -0.15710 0.00020         0.42916 0.00010        -0.00679 0.00030 0.000000 0.000000 0.000000      2018.5384
 LS08        -0.15740 0.00020         0.42880 0.00010        -0.00670 0.00030 0.000000 0.000000 0.000000      2018.5411
 LS08        -0.15640 0.00020         0.43230 0.00010        -0.00160 0.00030 0.000000 0.000000 0.000000      2018.5438
 LS08        -0.15500 0.00030         0.43230 0.00020        -0.00220 0.00030 0.000000 0.000000 0.000000      2018.5466
 LS08        -0.15790 0.00030         0.42980 0.00020        -0.00220 0.00030 0.000000 0.000000 0.000000      2018.5493
 LS08        -0.15450 0.00020         0.43360 0.00010        -0.00890 0.00030 0.000000 0.000000 0.000000      2018.5521
 LS08        -0.15630 0.00020         0.42970 0.00020         0.00830 0.00030 0.000000 0.000000 0.000000      2018.5548
 LS08        -0.15630 0.00020         0.42990 0.00010        -0.01410 0.00030 0.000000 0.000000 0.000000      2018.5576
 LS08        -0.15720 0.00020         0.43100 0.00010        -0.00510 0.00030 0.000000 0.000000 0.000000      2018.5602
 LS08        -0.15870 0.00020         0.43020 0.00010        -0.00670 0.00030 0.000000 0.000000 0.000000      2018.5629
 LS08        -0.15920 0.00020         0.43310 0.00010        -0.01720 0.00030 0.000000 0.000000 0.000000      2018.5657
 LS08        -0.15730 0.00020         0.43530 0.00010        -0.00080 0.00030 0.000000 0.000000 0.000000      2018.5684
 LS08        -0.15670 0.00020         0.43010 0.00010        -0.00440 0.00030 0.000000 0.000000 0.000000      2018.5712
 LS08        -0.15800 0.00020         0.42960 0.00010        -0.01280 0.00030 0.000000 0.000000 0.000000      2018.5739
 LS08        -0.16050 0.00020         0.43100 0.00010        -0.01470 0.00030 0.000000 0.000000 0.000000      2018.5767
 LS08        -0.15860 0.00020         0.43360 0.00010        -0.00520 0.00030 0.000000 0.000000 0.000000      2018.5794
 LS08        -0.15880 0.00020         0.43280 0.00010         0.00700 0.00030 0.000000 0.000000 0.000000      2018.5822
 LS08        -0.16010 0.00020         0.43250 0.00010        -0.00080 0.00030 0.000000 0.000000 0.000000      2018.5849
 LS08        -0.15820 0.00020         0.43150 0.00010        -0.00030 0.00030 0.000000 0.000000 0.000000      2018.5876
 LS08        -0.16020 0.00020         0.43200 0.00010        -0.00630 0.00030 0.000000 0.000000 0.000000      2018.5904
 LS08        -0.16050 0.00020         0.43300 0.00010        -0.00710 0.00030 0.000000 0.000000 0.000000      2018.5931
 LS08        -0.15990 0.00020         0.43340 0.00010        -0.00720 0.00030 0.000000 0.000000 0.000000      2018.5959
 LS08        -0.15760 0.00020         0.43450 0.00010        -0.00260 0.00030 0.000000 0.000000 0.000000      2018.5986
 LS08        -0.16010 0.00020         0.43390 0.00010        -0.01090 0.00030 0.000000 0.000000 0.000000      2018.6014
 LS08        -0.16030 0.00020         0.43510 0.00010        -0.01070 0.00030 0.000000 0.000000 0.000000      2018.6041
 LS08        -0.16100 0.00020         0.43490 0.00010        -0.00030 0.00030 0.000000 0.000000 0.000000      2018.6069
 LS08        -0.16020 0.00020         0.43560 0.00010        -0.00450 0.00030 0.000000 0.000000 0.000000      2018.6096
 LS08        -0.15950 0.00020         0.43830 0.00010        -0.00670 0.00030 0.000000 0.000000 0.000000      2018.6122
 LS08        -0.15890 0.00020         0.43560 0.00010        -0.00050 0.00030 0.000000 0.000000 0.000000      2018.6151
 LS08        -0.15960 0.00020         0.43220 0.00010        -0.00690 0.00030 0.000000 0.000000 0.000000      2018.6177
 LS08        -0.15890 0.00020         0.43580 0.00010        -0.02180 0.00030 0.000000 0.000000 0.000000      2018.6205
 LS08        -0.15830 0.00020         0.43370 0.00010        -0.01240 0.00030 0.000000 0.000000 0.000000      2018.6232
 LS08        -0.16140 0.00020         0.43420 0.00010        -0.00660 0.00030 0.000000 0.000000 0.000000      2018.6260
 LS08        -0.16010 0.00020         0.43410 0.00010        -0.00710 0.00030 0.000000 0.000000 0.000000      2018.6287
 LS08        -0.15910 0.00020         0.43250 0.00010        -0.00720 0.00030 0.000000 0.000000 0.000000      2018.6315
 LS08        -0.15870 0.00020         0.43070 0.00010        -0.01800 0.00030 0.000000 0.000000 0.000000      2018.6342
 LS08        -0.15960 0.00020         0.43430 0.00010        -0.00540 0.00030 0.000000 0.000000 0.000000      2018.6369
 LS08        -0.15950 0.00020         0.43460 0.00010        -0.01320 0.00030 0.000000 0.000000 0.000000      2018.6397
 LS08        -0.15980 0.00020         0.43420 0.00010        -0.01110 0.00030 0.000000 0.000000 0.000000      2018.6424
 LS08        -0.16110 0.00020         0.43550 0.00010        -0.00380 0.00030 0.000000 0.000000 0.000000      2018.6452
 LS08        -0.16035 0.00020         0.43572 0.00010        -0.00530 0.00030 0.000000 0.000000 0.000000      2018.6480
 LS08        -0.15950 0.00020         0.43580 0.00010        -0.00970 0.00030 0.000000 0.000000 0.000000      2018.6507
 LS08        -0.15910 0.00020         0.43590 0.00010        -0.00480 0.00030 0.000000 0.000000 0.000000      2018.6534
 LS08        -0.16020 0.00020         0.43660 0.00010        -0.01550 0.00030 0.000000 0.000000 0.000000      2018.6562
 LS08        -0.15830 0.00020         0.43560 0.00010        -0.01210 0.00030 0.000000 0.000000 0.000000      2018.6589
 LS08        -0.16000 0.00020         0.43580 0.00020        -0.00640 0.00030 0.000000 0.000000 0.000000      2018.6616
 LS08        -0.16050 0.00020         0.43990 0.00010        -0.00420 0.00030 0.000000 0.000000 0.000000      2018.6644
 LS08        -0.16010 0.00020         0.43680 0.00010        -0.01120 0.00030 0.000000 0.000000 0.000000      2018.6671
 LS08        -0.16030 0.00030         0.43750 0.00020        -0.00670 0.00030 0.000000 0.000000 0.000000      2018.6699
 LS08        -0.16030 0.00020         0.43530 0.00010        -0.00290 0.00030 0.000000 0.000000 0.000000      2018.6726
 LS08        -0.16060 0.00020         0.43430 0.00010        -0.00810 0.00030 0.000000 0.000000 0.000000      2018.6754
 LS08        -0.16150 0.00020         0.43750 0.00010        -0.00250 0.00030 0.000000 0.000000 0.000000      2018.6780
 LS08        -0.16090 0.00020         0.43920 0.00010        -0.00590 0.00030 0.000000 0.000000 0.000000      2018.6809
 LS08        -0.16010 0.00020         0.43770 0.00010        -0.00210 0.00030 0.000000 0.000000 0.000000      2018.6835
 LS08        -0.15840 0.00020         0.43520 0.00010        -0.01350 0.00020 0.000000 0.000000 0.000000      2018.6862
 LS08        -0.15920 0.00020         0.43710 0.00010        -0.00640 0.00030 0.000000 0.000000 0.000000      2018.6890
 LS08        -0.16020 0.00020         0.44150 0.00010        -0.00830 0.00030 0.000000 0.000000 0.000000      2018.6917
 LS08        -0.15890 0.00020         0.43670 0.00010        -0.00800 0.00030 0.000000 0.000000 0.000000      2018.6945
 LS08        -0.15970 0.00020         0.43800 0.00010        -0.00620 0.00030 0.000000 0.000000 0.000000      2018.6972
 LS08        -0.15950 0.00020         0.43720 0.00010        -0.00600 0.00030 0.000000 0.000000 0.000000      2018.7000
 LS08        -0.15990 0.00020         0.43700 0.00010        -0.00230 0.00030 0.000000 0.000000 0.000000      2018.7027
 LS08        -0.15980 0.00020         0.43600 0.00010        -0.00560 0.00030 0.000000 0.000000 0.000000      2018.7055
 LS08        -0.15980 0.00020         0.43610 0.00010        -0.00970 0.00020 0.000000 0.000000 0.000000      2018.7082
 LS08        -0.15840 0.00020         0.43740 0.00010        -0.00810 0.00030 0.000000 0.000000 0.000000      2018.7109
 LS08        -0.16070 0.00020         0.43830 0.00010        -0.00240 0.00020 0.000000 0.000000 0.000000      2018.7137
 LS08        -0.16110 0.00020         0.43710 0.00010        -0.00510 0.00030 0.000000 0.000000 0.000000      2018.7164
 LS08        -0.15870 0.00020         0.43820 0.00010        -0.01210 0.00030 0.000000 0.000000 0.000000      2018.7192
 LS08        -0.15840 0.00020         0.43850 0.00010        -0.01010 0.00030 0.000000 0.000000 0.000000      2018.7219
 LS08        -0.15940 0.00020         0.43500 0.00010        -0.01380 0.00030 0.000000 0.000000 0.000000      2018.7247
 LS08        -0.16040 0.00020         0.43870 0.00010        -0.00390 0.00030 0.000000 0.000000 0.000000      2018.7274
 LS08        -0.16000 0.00020         0.43570 0.00010        -0.00490 0.00030 0.000000 0.000000 0.000000      2018.7302
 LS08        -0.15720 0.00020         0.43640 0.00010        -0.01630 0.00030 0.000000 0.000000 0.000000      2018.7329
 LS08        -0.15960 0.00020         0.43930 0.00010        -0.00660 0.00030 0.000000 0.000000 0.000000      2018.7355
 LS08        -0.15900 0.00020         0.43810 0.00010        -0.01240 0.00030 0.000000 0.000000 0.000000      2018.7383
 LS08        -0.15970 0.00020         0.43750 0.00010        -0.01190 0.00030 0.000000 0.000000 0.000000      2018.7410
 LS08        -0.16000 0.00020         0.43790 0.00010        -0.00980 0.00030 0.000000 0.000000 0.000000      2018.7438
 LS08        -0.15890 0.00020         0.43690 0.00010        -0.01580 0.00030 0.000000 0.000000 0.000000      2018.7465
 LS08        -0.16060 0.00020         0.44120 0.00010        -0.01030 0.00030 0.000000 0.000000 0.000000      2018.7493
 LS08        -0.16070 0.00020         0.43900 0.00010        -0.00430 0.00020 0.000000 0.000000 0.000000      2018.7520
 LS08        -0.16040 0.00020         0.43900 0.00010        -0.01070 0.00030 0.000000 0.000000 0.000000      2018.7547
 LS08        -0.16050 0.00020         0.44050 0.00010        -0.01130 0.00030 0.000000 0.000000 0.000000      2018.7575
 LS08        -0.16060 0.00020         0.44140 0.00010        -0.00560 0.00030 0.000000 0.000000 0.000000      2018.7602
 LS08        -0.16050 0.00020         0.44030 0.00010        -0.00490 0.00030 0.000000 0.000000 0.000000      2018.7630
 LS08        -0.15860 0.00020         0.44120 0.00010        -0.00920 0.00030 0.000000 0.000000 0.000000      2018.7657
 LS08        -0.15750 0.00020         0.43870 0.00010        -0.01430 0.00030 0.000000 0.000000 0.000000      2018.7685
 LS08        -0.15880 0.00020         0.43780 0.00010        -0.01180 0.00030 0.000000 0.000000 0.000000      2018.7712
 LS08        -0.15840 0.00020         0.44090 0.00010        -0.01070 0.00030 0.000000 0.000000 0.000000      2018.7740
 LS08        -0.15970 0.00020         0.43930 0.00010        -0.00830 0.00030 0.000000 0.000000 0.000000      2018.7767
 LS08        -0.15910 0.00020         0.44100 0.00010        -0.00980 0.00030 0.000000 0.000000 0.000000      2018.7794
 LS08        -0.16030 0.00020         0.44040 0.00010        -0.00640 0.00030 0.000000 0.000000 0.000000      2018.7822
 LS08        -0.16150 0.00020         0.44040 0.00010        -0.00180 0.00030 0.000000 0.000000 0.000000      2018.7849
 LS08        -0.16180 0.00020         0.44210 0.00010        -0.00500 0.00030 0.000000 0.000000 0.000000      2018.7877
 LS08        -0.16180 0.00020         0.44150 0.00010        -0.00920 0.00030 0.000000 0.000000 0.000000      2018.7903
 LS08        -0.16110 0.00020         0.44200 0.00010        -0.00420 0.00030 0.000000 0.000000 0.000000      2018.7932
 LS08        -0.16230 0.00020         0.44320 0.00010        -0.00160 0.00030 0.000000 0.000000 0.000000      2018.7958
 LS08        -0.16140 0.00020         0.44140 0.00010        -0.00860 0.00030 0.000000 0.000000 0.000000      2018.7986
 LS08        -0.16240 0.00020         0.44090 0.00010         0.00140 0.00030 0.000000 0.000000 0.000000      2018.8013
 LS08        -0.16110 0.00020         0.44190 0.00010        -0.01040 0.00030 0.000000 0.000000 0.000000      2018.8040
 LS08        -0.16070 0.00020         0.44230 0.00010        -0.00280 0.00020 0.000000 0.000000 0.000000      2018.8068
 LS08        -0.16170 0.00020         0.44130 0.00010        -0.00300 0.00030 0.000000 0.000000 0.000000      2018.8095
 LS08        -0.16260 0.00020         0.44290 0.00010        -0.00550 0.00030 0.000000 0.000000 0.000000      2018.8123
 LS08        -0.16280 0.00020         0.43990 0.00010        -0.00660 0.00030 0.000000 0.000000 0.000000      2018.8150
 LS08        -0.16170 0.00020         0.44030 0.00010        -0.01500 0.00030 0.000000 0.000000 0.000000      2018.8178
 LS08        -0.16360 0.00020         0.44030 0.00010        -0.01120 0.00030 0.000000 0.000000 0.000000      2018.8205
 LS08        -0.16360 0.00020         0.43960 0.00010        -0.00610 0.00030 0.000000 0.000000 0.000000      2018.8233
 LS08        -0.16300 0.00020         0.44180 0.00010        -0.01240 0.00030 0.000000 0.000000 0.000000      2018.8260
 LS08        -0.16290 0.00020         0.44230 0.00010        -0.01320 0.00030 0.000000 0.000000 0.000000      2018.8287
 LS08        -0.16150 0.00020         0.44200 0.00010        -0.01210 0.00030 0.000000 0.000000 0.000000      2018.8315
 LS08        -0.16180 0.00020         0.44250 0.00010        -0.01340 0.00030 0.000000 0.000000 0.000000      2018.8342
 LS08        -0.16350 0.00020         0.44230 0.00010        -0.00290 0.00030 0.000000 0.000000 0.000000      2018.8370
 LS08        -0.16220 0.00020         0.44110 0.00010        -0.00410 0.00030 0.000000 0.000000 0.000000      2018.8397
 LS08        -0.16240 0.00020         0.44360 0.00010        -0.00040 0.00030 0.000000 0.000000 0.000000      2018.8425
 LS08        -0.16100 0.00020         0.44500 0.00010        -0.01290 0.00030 0.000000 0.000000 0.000000      2018.8452
 LS08        -0.16210 0.00020         0.44510 0.00010        -0.01310 0.00030 0.000000 0.000000 0.000000      2018.8480
 LS08        -0.16300 0.00020         0.44420 0.00010        -0.01080 0.00030 0.000000 0.000000 0.000000      2018.8507
 LS08        -0.16310 0.00020         0.44430 0.00010        -0.00800 0.00020 0.000000 0.000000 0.000000      2018.8533
 LS08        -0.16050 0.00020         0.44490 0.00010        -0.01250 0.00030 0.000000 0.000000 0.000000      2018.8561
 LS08        -0.16210 0.00020         0.44370 0.00010        -0.00350 0.00030 0.000000 0.000000 0.000000      2018.8588
 LS08        -0.16260 0.00020         0.44290 0.00010        -0.00410 0.00030 0.000000 0.000000 0.000000      2018.8616
 LS08        -0.16300 0.00020         0.44590 0.00010        -0.00690 0.00030 0.000000 0.000000 0.000000      2018.8643
 LS08        -0.16410 0.00020         0.44280 0.00010        -0.00250 0.00020 0.000000 0.000000 0.000000      2018.8671
 LS08        -0.16290 0.00020         0.44730 0.00010         0.00010 0.00030 0.000000 0.000000 0.000000      2018.8698
 LS08        -0.16150 0.00020         0.44570 0.00010        -0.00680 0.00030 0.000000 0.000000 0.000000      2018.8726
 LS08        -0.16280 0.00020         0.44600 0.00010        -0.00800 0.00030 0.000000 0.000000 0.000000      2018.8753
 LS08        -0.16350 0.00020         0.44790 0.00010        -0.00300 0.00030 0.000000 0.000000 0.000000      2018.8780
 LS08        -0.16280 0.00020         0.44830 0.00010        -0.00510 0.00020 0.000000 0.000000 0.000000      2018.8808
 LS08        -0.16220 0.00020         0.44690 0.00010         0.00020 0.00030 0.000000 0.000000 0.000000      2018.8835
 LS08        -0.16210 0.00020         0.44560 0.00010        -0.00330 0.00030 0.000000 0.000000 0.000000      2018.8863
 LS08        -0.16270 0.00020         0.44580 0.00010        -0.00300 0.00030 0.000000 0.000000 0.000000      2018.8890
 LS08        -0.16150 0.00020         0.44750 0.00010        -0.00400 0.00030 0.000000 0.000000 0.000000      2018.8918
 LS08        -0.16220 0.00020         0.44640 0.00010        -0.00480 0.00030 0.000000 0.000000 0.000000      2018.8945
 LS08        -0.16280 0.00020         0.44580 0.00010        -0.00650 0.00030 0.000000 0.000000 0.000000      2018.8973
 LS08        -0.16400 0.00020         0.44890 0.00010        -0.00670 0.00030 0.000000 0.000000 0.000000      2018.9000
 LS08        -0.16300 0.00020         0.45030 0.00010        -0.00500 0.00030 0.000000 0.000000 0.000000      2018.9027
 LS08        -0.16350 0.00020         0.44900 0.00010        -0.00180 0.00030 0.000000 0.000000 0.000000      2018.9055
 LS08        -0.16080 0.00020         0.44780 0.00010        -0.00720 0.00030 0.000000 0.000000 0.000000      2018.9081
 LS08        -0.16160 0.00020         0.44910 0.00010        -0.00860 0.00030 0.000000 0.000000 0.000000      2018.9110
 LS08        -0.16320 0.00020         0.44770 0.00010        -0.00290 0.00030 0.000000 0.000000 0.000000      2018.9136
 LS08        -0.16080 0.00020         0.44860 0.00010        -0.01140 0.00030 0.000000 0.000000 0.000000      2018.9164
 LS08        -0.15950 0.00020         0.44730 0.00010        -0.01310 0.00030 0.000000 0.000000 0.000000      2018.9191
 LS08        -0.16040 0.00020         0.44630 0.00010        -0.00890 0.00030 0.000000 0.000000 0.000000      2018.9219
 LS08        -0.15890 0.00020         0.44670 0.00010        -0.00650 0.00030 0.000000 0.000000 0.000000      2018.9246
 LS08        -0.16130 0.00020         0.44820 0.00010        -0.01030 0.00030 0.000000 0.000000 0.000000      2018.9273
 LS08        -0.16060 0.00020         0.44990 0.00010        -0.00290 0.00030 0.000000 0.000000 0.000000      2018.9301
 LS08        -0.16090 0.00020         0.45270 0.00010        -0.00580 0.00030 0.000000 0.000000 0.000000      2018.9328
 LS08        -0.16220 0.00020         0.45030 0.00010        -0.00770 0.00030 0.000000 0.000000 0.000000      2018.9356
 LS08        -0.16150 0.00020         0.44850 0.00010        -0.00200 0.00030 0.000000 0.000000 0.000000      2018.9383
 LS08        -0.15970 0.00020         0.45040 0.00010        -0.00940 0.00030 0.000000 0.000000 0.000000      2018.9411
 LS08        -0.15999 0.00020         0.45080 0.00010        -0.00814 0.00030 0.000000 0.000000 0.000000      2018.9439
 LS08        -0.16090 0.00020         0.45100 0.00010        -0.00700 0.00030 0.000000 0.000000 0.000000      2018.9466
 LS08        -0.16160 0.00020         0.45150 0.00010        -0.01110 0.00030 0.000000 0.000000 0.000000      2018.9493
 LS08        -0.16120 0.00020         0.44890 0.00010        -0.00420 0.00030 0.000000 0.000000 0.000000      2018.9520
 LS08        -0.16170 0.00020         0.45010 0.00010        -0.00300 0.00030 0.000000 0.000000 0.000000      2018.9548
 LS08        -0.16030 0.00020         0.44970 0.00010         0.00150 0.00020 0.000000 0.000000 0.000000      2018.9575
 LS08        -0.16030 0.00020         0.45000 0.00010        -0.00500 0.00030 0.000000 0.000000 0.000000      2018.9603
 LS08        -0.16190 0.00020         0.45010 0.00010        -0.00320 0.00030 0.000000 0.000000 0.000000      2018.9630
 LS08        -0.16060 0.00020         0.44950 0.00010         0.00250 0.00030 0.000000 0.000000 0.000000      2018.9658
 LS08        -0.16120 0.00020         0.44950 0.00010        -0.00490 0.00030 0.000000 0.000000 0.000000      2018.9684
 LS08        -0.16200 0.00020         0.44920 0.00010        -0.00660 0.00030 0.000000 0.000000 0.000000      2018.9713
 LS08        -0.16230 0.00020         0.44860 0.00010         0.00290 0.00030 0.000000 0.000000 0.000000      2018.9739
 LS08        -0.16140 0.00020         0.45220 0.00010         0.00110 0.00030 0.000000 0.000000 0.000000      2018.9766
 LS08        -0.16045 0.00020         0.45239 0.00010         0.00080 0.00030 0.000000 0.000000 0.000000      2018.9794
 LS08        -0.16000 0.00020         0.45240 0.00010         0.00050 0.00030 0.000000 0.000000 0.000000      2018.9821
 LS08        -0.15970 0.00020         0.45240 0.00010        -0.00100 0.00030 0.000000 0.000000 0.000000      2018.9849
 LS08        -0.15880 0.00020         0.45190 0.00010        -0.00690 0.00030 0.000000 0.000000 0.000000      2018.9876
 LS08        -0.16120 0.00020         0.45190 0.00010        -0.00440 0.00030 0.000000 0.000000 0.000000      2018.9904
 LS08        -0.16100 0.00020         0.45237 0.00010        -0.00853 0.00030 0.000000 0.000000 0.000000      2018.9931
 LS08        -0.16070 0.00020         0.45260 0.00010        -0.01540 0.00030 0.000000 0.000000 0.000000      2018.9959
 LS08        -0.16022 0.00020         0.45281 0.00010        -0.01482 0.00030 0.000000 0.000000 0.000000      2018.9986
 LS08        -0.15990 0.00020         0.45290 0.00010        -0.01370 0.00030 0.000000 0.000000 0.000000      2019.0013
 LS08        -0.16260 0.00020         0.45010 0.00010        -0.01120 0.00030 0.000000 0.000000 0.000000      2019.0041
 LS08        -0.16310 0.00020         0.45330 0.00010         0.00400 0.00030 0.000000 0.000000 0.000000      2019.0068
 LS08        -0.16260 0.00020         0.45030 0.00010        -0.00960 0.00030 0.000000 0.000000 0.000000      2019.0096
 LS08        -0.16130 0.00020         0.45290 0.00010        -0.00700 0.00030 0.000000 0.000000 0.000000      2019.0123
 LS08        -0.16140 0.00020         0.45570 0.00010        -0.00830 0.00030 0.000000 0.000000 0.000000      2019.0151
 LS08        -0.16380 0.00020         0.45600 0.00010        -0.00370 0.00030 0.000000 0.000000 0.000000      2019.0178
 LS08        -0.16400 0.00020         0.45410 0.00010         0.00480 0.00030 0.000000 0.000000 0.000000      2019.0206
 LS08        -0.16610 0.00020         0.45590 0.00010         0.00470 0.00030 0.000000 0.000000 0.000000      2019.0233
 LS08        -0.16420 0.00020         0.45280 0.00010        -0.00360 0.00030 0.000000 0.000000 0.000000      2019.0259
 LS08        -0.16450 0.00020         0.45300 0.00010        -0.00330 0.00030 0.000000 0.000000 0.000000      2019.0288
 LS08        -0.16340 0.00020         0.45300 0.00010        -0.00440 0.00030 0.000000 0.000000 0.000000      2019.0314
 LS08        -0.16360 0.00020         0.45240 0.00010        -0.00020 0.00030 0.000000 0.000000 0.000000      2019.0342
 LS08        -0.16500 0.00020         0.45370 0.00010         0.00500 0.00030 0.000000 0.000000 0.000000      2019.0369
 LS08        -0.16440 0.00030         0.45130 0.00020        -0.00630 0.00030 0.000000 0.000000 0.000000      2019.0397
 LS08        -0.16350 0.00020         0.45550 0.00010         0.00170 0.00030 0.000000 0.000000 0.000000      2019.0424
 LS08        -0.16450 0.00020         0.45500 0.00010        -0.00040 0.00030 0.000000 0.000000 0.000000      2019.0452
 LS08        -0.16470 0.00020         0.45470 0.00010        -0.00120 0.00030 0.000000 0.000000 0.000000      2019.0479
 LS08        -0.16330 0.00020         0.45330 0.00010         0.00240 0.00030 0.000000 0.000000 0.000000      2019.0506
 LS08        -0.16330 0.00020         0.45540 0.00010        -0.00320 0.00030 0.000000 0.000000 0.000000      2019.0534
 LS08        -0.16330 0.00020         0.45440 0.00010        -0.00390 0.00030 0.000000 0.000000 0.000000      2019.0561
 LS08        -0.16230 0.00020         0.45410 0.00010        -0.00670 0.00030 0.000000 0.000000 0.000000      2019.0589
 LS08        -0.16180 0.00020         0.45530 0.00010        -0.00570 0.00030 0.000000 0.000000 0.000000      2019.0616
 LS08        -0.16170 0.00020         0.45580 0.00010        -0.00420 0.00030 0.000000 0.000000 0.000000      2019.0644
 LS08        -0.16280 0.00020         0.45420 0.00010        -0.00090 0.00030 0.000000 0.000000 0.000000      2019.0671
 LS08        -0.16305 0.00020         0.45326 0.00010         0.00047 0.00030 0.000000 0.000000 0.000000      2019.0698
 LS08        -0.16340 0.00020         0.45250 0.00010         0.00070 0.00030 0.000000 0.000000 0.000000      2019.0726
 LS08        -0.16280 0.00020         0.45380 0.00010        -0.00030 0.00030 0.000000 0.000000 0.000000      2019.0753
 LS08        -0.16170 0.00020         0.45520 0.00010        -0.00410 0.00030 0.000000 0.000000 0.000000      2019.0781
 LS08        -0.16240 0.00020         0.45350 0.00010         0.00000 0.00030 0.000000 0.000000 0.000000      2019.0808
 LS08        -0.16480 0.00020         0.45480 0.00010         0.00270 0.00030 0.000000 0.000000 0.000000      2019.0836
 LS08        -0.16330 0.00020         0.45480 0.00010         0.00240 0.00030 0.000000 0.000000 0.000000      2019.0862
 LS08        -0.16270 0.00020         0.45300 0.00010         0.00490 0.00030 0.000000 0.000000 0.000000      2019.0891
 LS08        -0.16400 0.00020         0.45490 0.00010         0.00320 0.00030 0.000000 0.000000 0.000000      2019.0917
 LS08        -0.16200 0.00020         0.45540 0.00010        -0.00060 0.00020 0.000000 0.000000 0.000000      2019.0945
 LS08        -0.16340 0.00020         0.45500 0.00010         0.00420 0.00030 0.000000 0.000000 0.000000      2019.0972
 LS08        -0.16150 0.00020         0.45670 0.00010        -0.00170 0.00030 0.000000 0.000000 0.000000      2019.0999
 LS08        -0.16080 0.00020         0.45580 0.00010        -0.00470 0.00030 0.000000 0.000000 0.000000      2019.1027
 LS08        -0.16150 0.00020         0.45480 0.00010        -0.00350 0.00030 0.000000 0.000000 0.000000      2019.1054
 LS08        -0.16130 0.00020         0.45460 0.00010         0.00320 0.00030 0.000000 0.000000 0.000000      2019.1082
 LS08        -0.16350 0.00020         0.45630 0.00010         0.00570 0.00030 0.000000 0.000000 0.000000      2019.1109
 LS08        -0.16360 0.00020         0.45640 0.00010        -0.00220 0.00030 0.000000 0.000000 0.000000      2019.1137
 LS08        -0.16420 0.00020         0.45500 0.00010        -0.00350 0.00030 0.000000 0.000000 0.000000      2019.1164
 LS08        -0.16520 0.00020         0.45560 0.00010        -0.00280 0.00030 0.000000 0.000000 0.000000      2019.1192
 LS08        -0.16320 0.00020         0.45470 0.00010        -0.00500 0.00030 0.000000 0.000000 0.000000      2019.1219
 LS08        -0.16270 0.00020         0.45420 0.00010        -0.00140 0.00030 0.000000 0.000000 0.000000      2019.1246
 LS08        -0.16440 0.00020         0.45560 0.00010        -0.00400 0.00030 0.000000 0.000000 0.000000      2019.1274
 LS08        -0.16310 0.00020         0.45700 0.00010        -0.00380 0.00030 0.000000 0.000000 0.000000      2019.1301
 LS08        -0.16550 0.00030         0.45770 0.00020         0.00000 0.00040 0.000000 0.000000 0.000000      2019.1329
 LS08        -0.16560 0.00020         0.45640 0.00010         0.00390 0.00030 0.000000 0.000000 0.000000      2019.1356
 LS08        -0.16460 0.00020         0.45750 0.00010        -0.00450 0.00030 0.000000 0.000000 0.000000      2019.1384
 LS08        -0.16290 0.00020         0.45710 0.00010        -0.00950 0.00030 0.000000 0.000000 0.000000      2019.1411
 LS08        -0.16520 0.00020         0.45600 0.00010        -0.00110 0.00030 0.000000 0.000000 0.000000      2019.1439
 LS08        -0.16500 0.00020         0.45517 0.00010         0.00167 0.00030 0.000000 0.000000 0.000000      2019.1465
 LS08        -0.16500 0.00020         0.45470 0.00010         0.00270 0.00030 0.000000 0.000000 0.000000      2019.1492
 LS08        -0.16540 0.00020         0.45600 0.00010         0.01020 0.00030 0.000000 0.000000 0.000000      2019.1520
 LS08        -0.16570 0.00020         0.45610 0.00010         0.00160 0.00030 0.000000 0.000000 0.000000      2019.1547
 LS08        -0.16650 0.00020         0.45850 0.00010         0.00030 0.00030 0.000000 0.000000 0.000000      2019.1575
 LS08        -0.16760 0.00020         0.45730 0.00010         0.00040 0.00030 0.000000 0.000000 0.000000      2019.1602
 LS08        -0.16460 0.00020         0.45690 0.00010        -0.00230 0.00030 0.000000 0.000000 0.000000      2019.1630
 LS08        -0.16670 0.00020         0.45770 0.00010        -0.00070 0.00030 0.000000 0.000000 0.000000      2019.1657
 LS08        -0.16560 0.00020         0.45720 0.00010         0.00540 0.00030 0.000000 0.000000 0.000000      2019.1685
 LS08        -0.16460 0.00020         0.45800 0.00010        -0.00020 0.00030 0.000000 0.000000 0.000000      2019.1712
 LS08        -0.16560 0.00020         0.45850 0.00010        -0.00400 0.00030 0.000000 0.000000 0.000000      2019.1739
 LS08        -0.16480 0.00020         0.45990 0.00010        -0.00160 0.00030 0.000000 0.000000 0.000000      2019.1767
 LS08        -0.16440 0.00020         0.45750 0.00010        -0.00840 0.00030 0.000000 0.000000 0.000000      2019.1794
 LS08        -0.16510 0.00020         0.45520 0.00010         0.00020 0.00030 0.000000 0.000000 0.000000      2019.1822
 LS08        -0.16592 0.00020         0.45628 0.00010        -0.00258 0.00030 0.000000 0.000000 0.000000      2019.1849
 LS08        -0.16650 0.00020         0.45710 0.00010        -0.00770 0.00030 0.000000 0.000000 0.000000      2019.1877
 LS08        -0.16596 0.00020         0.45704 0.00010        -0.00385 0.00030 0.000000 0.000000 0.000000      2019.1905
 LS08        -0.16530 0.00020         0.45670 0.00010        -0.00190 0.00030 0.000000 0.000000 0.000000      2019.1932
 LS08        -0.16470 0.00020         0.45460 0.00010        -0.00310 0.00030 0.000000 0.000000 0.000000      2019.1959
 LS08        -0.16350 0.00020         0.45660 0.00010        -0.00510 0.00030 0.000000 0.000000 0.000000      2019.1986
 LS08        -0.16490 0.00020         0.45750 0.00010        -0.00200 0.00030 0.000000 0.000000 0.000000      2019.2014
 LS08        -0.16448 0.00020         0.45750 0.00010        -0.00182 0.00030 0.000000 0.000000 0.000000      2019.2041
 LS08        -0.16403 0.00020         0.45745 0.00010        -0.00297 0.00030 0.000000 0.000000 0.000000      2019.2069
 LS08        -0.16358 0.00020         0.45729 0.00010        -0.00422 0.00030 0.000000 0.000000 0.000000      2019.2096
 LS08        -0.16340 0.00020         0.45710 0.00010        -0.00480 0.00030 0.000000 0.000000 0.000000      2019.2123
 LS08        -0.16460 0.00020         0.45610 0.00010         0.00610 0.00030 0.000000 0.000000 0.000000      2019.2150
 LS08        -0.16210 0.00020         0.45570 0.00010        -0.00440 0.00030 0.000000 0.000000 0.000000      2019.2178
 LS08        -0.16440 0.00020         0.45630 0.00010        -0.00270 0.00030 0.000000 0.000000 0.000000      2019.2205
 LS08        -0.16420 0.00020         0.45750 0.00010        -0.00100 0.00030 0.000000 0.000000 0.000000      2019.2232
 LS08        -0.16580 0.00020         0.45590 0.00010        -0.00280 0.00030 0.000000 0.000000 0.000000      2019.2260
 LS08        -0.16554 0.00020         0.45602 0.00010        -0.00454 0.00030 0.000000 0.000000 0.000000      2019.2288
 LS08        -0.16530 0.00020         0.45620 0.00010        -0.00720 0.00030 0.000000 0.000000 0.000000      2019.2315
 LS08        -0.16470 0.00020         0.45630 0.00010        -0.00620 0.00030 0.000000 0.000000 0.000000      2019.2342
 LS08        -0.16340 0.00020         0.45490 0.00010        -0.00380 0.00030 0.000000 0.000000 0.000000      2019.2370
 LS08        -0.16370 0.00020         0.45950 0.00010        -0.01050 0.00030 0.000000 0.000000 0.000000      2019.2397
