 LS09        -0.06970 0.00020         0.41630 0.00010        -0.00460 0.00030 0.000000 0.000000 0.000000      2018.2397
 LS09        -0.07020 0.00020         0.41690 0.00010         0.00100 0.00030 0.000000 0.000000 0.000000      2018.2425
 LS09        -0.06980 0.00020         0.41520 0.00010        -0.00140 0.00030 0.000000 0.000000 0.000000      2018.2452
 LS09        -0.06940 0.00020         0.41370 0.00010         0.00260 0.00030 0.000000 0.000000 0.000000      2018.2479
 LS09        -0.06920 0.00020         0.41450 0.00010         0.00400 0.00030 0.000000 0.000000 0.000000      2018.2507
 LS09        -0.06920 0.00020         0.41700 0.00010         0.00140 0.00030 0.000000 0.000000 0.000000      2018.2534
 LS09        -0.06960 0.00020         0.41330 0.00010        -0.00310 0.00030 0.000000 0.000000 0.000000      2018.2562
 LS09        -0.06920 0.00020         0.41450 0.00010         0.00140 0.00030 0.000000 0.000000 0.000000      2018.2589
 LS09        -0.06800 0.00020         0.41650 0.00010        -0.00300 0.00030 0.000000 0.000000 0.000000      2018.2617
 LS09        -0.07060 0.00020         0.41590 0.00010         0.00340 0.00030 0.000000 0.000000 0.000000      2018.2643
 LS09        -0.07140 0.00020         0.41640 0.00010         0.00410 0.00030 0.000000 0.000000 0.000000      2018.2670
 LS09        -0.07140 0.00020         0.41640 0.00010         0.00810 0.00030 0.000000 0.000000 0.000000      2018.2698
 LS09        -0.06990 0.00020         0.41540 0.00010         0.00530 0.00030 0.000000 0.000000 0.000000      2018.2725
 LS09        -0.06980 0.00020         0.41640 0.00010         0.01090 0.00030 0.000000 0.000000 0.000000      2018.2753
 LS09        -0.07010 0.00020         0.41910 0.00010         0.00790 0.00030 0.000000 0.000000 0.000000      2018.2780
 LS09        -0.06820 0.00020         0.41810 0.00010        -0.00150 0.00030 0.000000 0.000000 0.000000      2018.2808
 LS09        -0.07050 0.00020         0.41650 0.00010        -0.00170 0.00030 0.000000 0.000000 0.000000      2018.2835
 LS09        -0.06900 0.00020         0.41660 0.00010         0.00140 0.00030 0.000000 0.000000 0.000000      2018.2863
 LS09        -0.06990 0.00020         0.41820 0.00010         0.00110 0.00030 0.000000 0.000000 0.000000      2018.2890
 LS09        -0.07200 0.00020         0.41730 0.00010         0.00320 0.00030 0.000000 0.000000 0.000000      2018.2917
 LS09        -0.06910 0.00020         0.41490 0.00010         0.00520 0.00030 0.000000 0.000000 0.000000      2018.2945
 LS09        -0.06950 0.00020         0.41620 0.00010         0.00480 0.00030 0.000000 0.000000 0.000000      2018.2972
 LS09        -0.06900 0.00020         0.41970 0.00010         0.00150 0.00030 0.000000 0.000000 0.000000      2018.3000
 LS09        -0.07020 0.00020         0.41920 0.00010         0.00440 0.00030 0.000000 0.000000 0.000000      2018.3027
 LS09        -0.07060 0.00020         0.42110 0.00010         0.00410 0.00030 0.000000 0.000000 0.000000      2018.3055
 LS09        -0.06930 0.00020         0.42140 0.00010        -0.00190 0.00030 0.000000 0.000000 0.000000      2018.3082
 LS09        -0.07010 0.00020         0.42100 0.00010        -0.00050 0.00030 0.000000 0.000000 0.000000      2018.3110
 LS09        -0.07050 0.00020         0.41950 0.00010        -0.00740 0.00030 0.000000 0.000000 0.000000      2018.3137
 LS09        -0.06990 0.00020         0.41810 0.00010        -0.00480 0.00030 0.000000 0.000000 0.000000      2018.3163
 LS09        -0.07000 0.00020         0.41810 0.00010        -0.00590 0.00030 0.000000 0.000000 0.000000      2018.3192
 LS09        -0.06860 0.00020         0.41680 0.00010        -0.00010 0.00030 0.000000 0.000000 0.000000      2018.3218
 LS09        -0.07120 0.00020         0.41870 0.00010        -0.00220 0.00030 0.000000 0.000000 0.000000      2018.3246
 LS09        -0.07130 0.00020         0.41870 0.00010        -0.00030 0.00030 0.000000 0.000000 0.000000      2018.3273
 LS09        -0.07030 0.00020         0.41650 0.00010         0.00710 0.00030 0.000000 0.000000 0.000000      2018.3301
 LS09        -0.07160 0.00020         0.41710 0.00010         0.00200 0.00030 0.000000 0.000000 0.000000      2018.3328
 LS09        -0.06980 0.00020         0.41830 0.00010        -0.00240 0.00030 0.000000 0.000000 0.000000      2018.3356
 LS09        -0.07140 0.00020         0.41990 0.00010         0.00400 0.00030 0.000000 0.000000 0.000000      2018.3383
 LS09        -0.07050 0.00020         0.41910 0.00010        -0.00040 0.00030 0.000000 0.000000 0.000000      2018.3410
 LS09        -0.07100 0.00020         0.41900 0.00010         0.00130 0.00030 0.000000 0.000000 0.000000      2018.3438
 LS09        -0.07070 0.00020         0.42030 0.00010         0.00230 0.00030 0.000000 0.000000 0.000000      2018.3465
 LS09        -0.07060 0.00020         0.42170 0.00010         0.00350 0.00030 0.000000 0.000000 0.000000      2018.3493
 LS09        -0.06950 0.00020         0.42360 0.00010        -0.00040 0.00030 0.000000 0.000000 0.000000      2018.3520
 LS09        -0.07210 0.00020         0.41970 0.00010         0.00480 0.00030 0.000000 0.000000 0.000000      2018.3548
 LS09        -0.06950 0.00020         0.42110 0.00010        -0.00530 0.00030 0.000000 0.000000 0.000000      2018.3575
 LS09        -0.06950 0.00020         0.42206 0.00010        -0.00344 0.00030 0.000000 0.000000 0.000000      2018.3603
 LS09        -0.06992 0.00020         0.42220 0.00010        -0.00236 0.00030 0.000000 0.000000 0.000000      2018.3630
 LS09        -0.07043 0.00020         0.42305 0.00010        -0.00010 0.00030 0.000000 0.000000 0.000000      2018.3657
 LS09        -0.07082 0.00020         0.42323 0.00010         0.00326 0.00030 0.000000 0.000000 0.000000      2018.3685
 LS09        -0.07125 0.00020         0.42351 0.00010         0.00550 0.00030 0.000000 0.000000 0.000000      2018.3713
 LS09        -0.07140 0.00020         0.42310 0.00010         0.00390 0.00030 0.000000 0.000000 0.000000      2018.3740
 LS09        -0.06930 0.00020         0.41880 0.00010        -0.00020 0.00030 0.000000 0.000000 0.000000      2018.3767
 LS09        -0.07070 0.00020         0.42400 0.00010         0.00120 0.00030 0.000000 0.000000 0.000000      2018.3795
 LS09        -0.06990 0.00020         0.42340 0.00010         0.00480 0.00030 0.000000 0.000000 0.000000      2018.3821
 LS09        -0.07010 0.00020         0.42130 0.00010         0.00210 0.00030 0.000000 0.000000 0.000000      2018.3850
 LS09        -0.07070 0.00020         0.42430 0.00010        -0.00130 0.00030 0.000000 0.000000 0.000000      2018.3876
 LS09        -0.07080 0.00020         0.42450 0.00010         0.00890 0.00030 0.000000 0.000000 0.000000      2018.3903
 LS09        -0.07200 0.00020         0.42470 0.00010         0.01110 0.00030 0.000000 0.000000 0.000000      2018.3931
 LS09        -0.07130 0.00020         0.42670 0.00010        -0.00310 0.00030 0.000000 0.000000 0.000000      2018.3958
 LS09        -0.06970 0.00020         0.42510 0.00010         0.00150 0.00030 0.000000 0.000000 0.000000      2018.3986
 LS09        -0.07140 0.00020         0.42490 0.00010         0.00640 0.00030 0.000000 0.000000 0.000000      2018.4013
 LS09        -0.07040 0.00020         0.42260 0.00010         0.01460 0.00030 0.000000 0.000000 0.000000      2018.4041
 LS09        -0.07090 0.00020         0.42440 0.00010         0.01040 0.00030 0.000000 0.000000 0.000000      2018.4068
 LS09        -0.07280 0.00020         0.42440 0.00010         0.00130 0.00030 0.000000 0.000000 0.000000      2018.4096
 LS09        -0.07330 0.00020         0.42630 0.00010         0.00150 0.00030 0.000000 0.000000 0.000000      2018.4123
 LS09        -0.07190 0.00020         0.42500 0.00010        -0.00410 0.00030 0.000000 0.000000 0.000000      2018.4150
 LS09        -0.07360 0.00020         0.42710 0.00010         0.00320 0.00030 0.000000 0.000000 0.000000      2018.4178
 LS09        -0.07210 0.00020         0.42550 0.00010         0.00330 0.00030 0.000000 0.000000 0.000000      2018.4205
 LS09        -0.07240 0.00020         0.42430 0.00010         0.00090 0.00030 0.000000 0.000000 0.000000      2018.4233
 LS09        -0.07240 0.00020         0.42600 0.00010        -0.00070 0.00030 0.000000 0.000000 0.000000      2018.4260
 LS09        -0.07180 0.00020         0.42920 0.00010        -0.00020 0.00030 0.000000 0.000000 0.000000      2018.4288
 LS09        -0.07180 0.00020         0.42780 0.00010        -0.00020 0.00030 0.000000 0.000000 0.000000      2018.4315
 LS09        -0.07030 0.00020         0.42310 0.00010        -0.00350 0.00030 0.000000 0.000000 0.000000      2018.4343
 LS09        -0.07310 0.00020         0.42660 0.00010         0.00390 0.00030 0.000000 0.000000 0.000000      2018.4370
 LS09        -0.07350 0.00020         0.42540 0.00010        -0.00060 0.00030 0.000000 0.000000 0.000000      2018.4396
 LS09        -0.07350 0.00020         0.42520 0.00010         0.00200 0.00030 0.000000 0.000000 0.000000      2018.4424
 LS09        -0.07420 0.00020         0.42570 0.00010         0.00090 0.00030 0.000000 0.000000 0.000000      2018.4451
 LS09        -0.07380 0.00020         0.42570 0.00010         0.00840 0.00030 0.000000 0.000000 0.000000      2018.4479
 LS09        -0.07300 0.00020         0.42500 0.00010         0.00060 0.00030 0.000000 0.000000 0.000000      2018.4506
 LS09        -0.07450 0.00020         0.42660 0.00010         0.00950 0.00030 0.000000 0.000000 0.000000      2018.4534
 LS09        -0.07390 0.00020         0.42930 0.00010         0.00760 0.00030 0.000000 0.000000 0.000000      2018.4561
 LS09        -0.07210 0.00020         0.42620 0.00010        -0.00220 0.00030 0.000000 0.000000 0.000000      2018.4589
 LS09        -0.07370 0.00020         0.42980 0.00010         0.00020 0.00030 0.000000 0.000000 0.000000      2018.4616
 LS09        -0.07310 0.00020         0.42770 0.00010         0.00400 0.00030 0.000000 0.000000 0.000000      2018.4643
 LS09        -0.07450 0.00020         0.42820 0.00010         0.00410 0.00030 0.000000 0.000000 0.000000      2018.4671
 LS09        -0.07430 0.00020         0.42810 0.00010         0.00310 0.00030 0.000000 0.000000 0.000000      2018.4698
 LS09        -0.07370 0.00020         0.42780 0.00010        -0.00270 0.00030 0.000000 0.000000 0.000000      2018.4726
 LS09        -0.07550 0.00020         0.42610 0.00010         0.00300 0.00030 0.000000 0.000000 0.000000      2018.4753
 LS09        -0.07470 0.00020         0.42720 0.00010         0.00230 0.00030 0.000000 0.000000 0.000000      2018.4781
 LS09        -0.07450 0.00020         0.42650 0.00010         0.00560 0.00030 0.000000 0.000000 0.000000      2018.4808
 LS09        -0.07200 0.00020         0.42710 0.00010        -0.00320 0.00030 0.000000 0.000000 0.000000      2018.4836
 LS09        -0.07480 0.00020         0.42840 0.00020        -0.00150 0.00030 0.000000 0.000000 0.000000      2018.4863
 LS09        -0.07560 0.00020         0.42570 0.00010         0.00090 0.00030 0.000000 0.000000 0.000000      2018.4890
 LS09        -0.07370 0.00020         0.42900 0.00010         0.00000 0.00030 0.000000 0.000000 0.000000      2018.4918
 LS09        -0.07440 0.00020         0.42690 0.00010         0.00440 0.00030 0.000000 0.000000 0.000000      2018.4944
 LS09        -0.07400 0.00020         0.42970 0.00010         0.00310 0.00030 0.000000 0.000000 0.000000      2018.4973
 LS09        -0.07280 0.00030         0.43130 0.00020         0.00200 0.00040 0.000000 0.000000 0.000000      2018.4999
 LS09        -0.07440 0.00020         0.42960 0.00010         0.00970 0.00030 0.000000 0.000000 0.000000      2018.5028
 LS09        -0.07300 0.00020         0.43010 0.00010         0.00740 0.00030 0.000000 0.000000 0.000000      2018.5054
 LS09        -0.07330 0.00020         0.42840 0.00010         0.00520 0.00030 0.000000 0.000000 0.000000      2018.5082
 LS09        -0.07310 0.00020         0.42660 0.00010         0.00150 0.00030 0.000000 0.000000 0.000000      2018.5109
 LS09        -0.07240 0.00020         0.42940 0.00010        -0.00180 0.00030 0.000000 0.000000 0.000000      2018.5136
 LS09        -0.07370 0.00020         0.42870 0.00010        -0.00210 0.00030 0.000000 0.000000 0.000000      2018.5164
 LS09        -0.07480 0.00020         0.43070 0.00010         0.00140 0.00030 0.000000 0.000000 0.000000      2018.5191
 LS09        -0.07270 0.00020         0.43130 0.00010        -0.00170 0.00030 0.000000 0.000000 0.000000      2018.5219
 LS09        -0.07380 0.00020         0.43090 0.00010        -0.00820 0.00030 0.000000 0.000000 0.000000      2018.5246
 LS09        -0.07310 0.00020         0.42810 0.00010        -0.00540 0.00030 0.000000 0.000000 0.000000      2018.5274
 LS09        -0.07610 0.00030         0.43100 0.00020         0.00000 0.00030 0.000000 0.000000 0.000000      2018.5301
 LS09        -0.07650 0.00020         0.43170 0.00020        -0.01040 0.00030 0.000000 0.000000 0.000000      2018.5329
 LS09        -0.07676 0.00020         0.43323 0.00015        -0.00702 0.00030 0.000000 0.000000 0.000000      2018.5356
 LS09        -0.07700 0.00020         0.43390 0.00010        -0.00320 0.00030 0.000000 0.000000 0.000000      2018.5383
 LS09        -0.07420 0.00020         0.43450 0.00010        -0.00200 0.00030 0.000000 0.000000 0.000000      2018.5411
 LS09        -0.07480 0.00020         0.43270 0.00010         0.00560 0.00030 0.000000 0.000000 0.000000      2018.5438
 LS09        -0.07510 0.00020         0.43340 0.00010        -0.00180 0.00030 0.000000 0.000000 0.000000      2018.5466
 LS09        -0.07560 0.00030         0.43040 0.00020         0.00730 0.00030 0.000000 0.000000 0.000000      2018.5493
 LS09        -0.07380 0.00030         0.43100 0.00020        -0.00480 0.00030 0.000000 0.000000 0.000000      2018.5521
 LS09        -0.07580 0.00020         0.43000 0.00010        -0.00450 0.00030 0.000000 0.000000 0.000000      2018.5548
 LS09        -0.07620 0.00030         0.43020 0.00020         0.00070 0.00030 0.000000 0.000000 0.000000      2018.5576
 LS09        -0.07470 0.00030         0.43160 0.00020        -0.01090 0.00030 0.000000 0.000000 0.000000      2018.5602
 LS09        -0.07500 0.00020         0.43190 0.00010        -0.00110 0.00030 0.000000 0.000000 0.000000      2018.5629
 LS09        -0.07510 0.00020         0.43180 0.00020         0.00400 0.00030 0.000000 0.000000 0.000000      2018.5657
 LS09        -0.07610 0.00020         0.43220 0.00010        -0.00390 0.00030 0.000000 0.000000 0.000000      2018.5684
 LS09        -0.07590 0.00020         0.43190 0.00010        -0.00200 0.00030 0.000000 0.000000 0.000000      2018.5712
 LS09        -0.07660 0.00020         0.43230 0.00010         0.00200 0.00030 0.000000 0.000000 0.000000      2018.5739
 LS09        -0.07860 0.00020         0.43290 0.00010         0.00070 0.00030 0.000000 0.000000 0.000000      2018.5767
 LS09        -0.07630 0.00020         0.43380 0.00010        -0.00230 0.00030 0.000000 0.000000 0.000000      2018.5794
 LS09        -0.07620 0.00020         0.43240 0.00010         0.00210 0.00030 0.000000 0.000000 0.000000      2018.5822
 LS09        -0.07580 0.00020         0.43520 0.00010        -0.00260 0.00030 0.000000 0.000000 0.000000      2018.5849
 LS09        -0.07570 0.00020         0.43150 0.00010         0.00110 0.00030 0.000000 0.000000 0.000000      2018.5876
 LS09        -0.07630 0.00020         0.43240 0.00010        -0.00240 0.00030 0.000000 0.000000 0.000000      2018.5904
 LS09        -0.07700 0.00020         0.43260 0.00010        -0.01440 0.00030 0.000000 0.000000 0.000000      2018.5931
 LS09        -0.07720 0.00020         0.43340 0.00010        -0.00390 0.00030 0.000000 0.000000 0.000000      2018.5959
 LS09        -0.07530 0.00020         0.43620 0.00010        -0.00390 0.00030 0.000000 0.000000 0.000000      2018.5986
 LS09        -0.07700 0.00020         0.43800 0.00010        -0.00720 0.00030 0.000000 0.000000 0.000000      2018.6014
 LS09        -0.07670 0.00020         0.43650 0.00010        -0.00650 0.00030 0.000000 0.000000 0.000000      2018.6041
 LS09        -0.07820 0.00020         0.43560 0.00010        -0.00600 0.00030 0.000000 0.000000 0.000000      2018.6069
 LS09        -0.07730 0.00020         0.43490 0.00010        -0.00120 0.00030 0.000000 0.000000 0.000000      2018.6096
 LS09        -0.07790 0.00020         0.43920 0.00010        -0.00520 0.00030 0.000000 0.000000 0.000000      2018.6122
 LS09        -0.07650 0.00020         0.43740 0.00010        -0.00540 0.00030 0.000000 0.000000 0.000000      2018.6151
 LS09        -0.07850 0.00020         0.43660 0.00010        -0.00880 0.00030 0.000000 0.000000 0.000000      2018.6177
 LS09        -0.07660 0.00030         0.43690 0.00020        -0.00860 0.00030 0.000000 0.000000 0.000000      2018.6205
 LS09        -0.07760 0.00020         0.43380 0.00010        -0.00690 0.00030 0.000000 0.000000 0.000000      2018.6232
 LS09        -0.07830 0.00020         0.43550 0.00010        -0.00800 0.00030 0.000000 0.000000 0.000000      2018.6260
 LS09        -0.07730 0.00020         0.43240 0.00010        -0.00670 0.00030 0.000000 0.000000 0.000000      2018.6287
 LS09        -0.07710 0.00020         0.43620 0.00010        -0.00830 0.00030 0.000000 0.000000 0.000000      2018.6315
 LS09        -0.07750 0.00020         0.43030 0.00010        -0.00660 0.00030 0.000000 0.000000 0.000000      2018.6342
 LS09        -0.07760 0.00030         0.43570 0.00020        -0.00580 0.00030 0.000000 0.000000 0.000000      2018.6369
 LS09        -0.07830 0.00020         0.43690 0.00010        -0.00380 0.00030 0.000000 0.000000 0.000000      2018.6397
 LS09        -0.07690 0.00020         0.43550 0.00010        -0.00500 0.00030 0.000000 0.000000 0.000000      2018.6424
 LS09        -0.07770 0.00020         0.43870 0.00010        -0.01600 0.00030 0.000000 0.000000 0.000000      2018.6452
 LS09        -0.07780 0.00020         0.43490 0.00010        -0.00430 0.00030 0.000000 0.000000 0.000000      2018.6479
 LS09        -0.07740 0.00020         0.43630 0.00010        -0.00630 0.00030 0.000000 0.000000 0.000000      2018.6507
 LS09        -0.07690 0.00020         0.43580 0.00010        -0.01480 0.00030 0.000000 0.000000 0.000000      2018.6534
 LS09        -0.07670 0.00020         0.43650 0.00010        -0.00990 0.00030 0.000000 0.000000 0.000000      2018.6562
 LS09        -0.07600 0.00020         0.43610 0.00010        -0.01150 0.00030 0.000000 0.000000 0.000000      2018.6589
 LS09        -0.07680 0.00030         0.43690 0.00020        -0.01640 0.00030 0.000000 0.000000 0.000000      2018.6616
 LS09        -0.07840 0.00020         0.44150 0.00010        -0.00600 0.00030 0.000000 0.000000 0.000000      2018.6644
 LS09        -0.07500 0.00020         0.43710 0.00010        -0.01160 0.00030 0.000000 0.000000 0.000000      2018.6671
 LS09        -0.07600 0.00030         0.43780 0.00020        -0.00950 0.00030 0.000000 0.000000 0.000000      2018.6699
 LS09        -0.07660 0.00020         0.43510 0.00010        -0.00750 0.00030 0.000000 0.000000 0.000000      2018.6726
 LS09        -0.07740 0.00020         0.43680 0.00010        -0.00660 0.00030 0.000000 0.000000 0.000000      2018.6754
 LS09        -0.07760 0.00020         0.43920 0.00010        -0.00880 0.00030 0.000000 0.000000 0.000000      2018.6780
 LS09        -0.07810 0.00020         0.43930 0.00010        -0.00720 0.00030 0.000000 0.000000 0.000000      2018.6809
 LS09        -0.07840 0.00020         0.43800 0.00010        -0.00870 0.00030 0.000000 0.000000 0.000000      2018.6835
 LS09        -0.07640 0.00020         0.43700 0.00010        -0.00780 0.00030 0.000000 0.000000 0.000000      2018.6862
 LS09        -0.07840 0.00020         0.43710 0.00010         0.00470 0.00030 0.000000 0.000000 0.000000      2018.6890
 LS09        -0.07630 0.00020         0.44240 0.00010        -0.01190 0.00030 0.000000 0.000000 0.000000      2018.6917
 LS09        -0.07710 0.00025         0.44189 0.00010        -0.00309 0.00030 0.000000 0.000000 0.000000      2018.6945
 LS09        -0.07820 0.00030         0.43990 0.00010         0.00100 0.00030 0.000000 0.000000 0.000000      2018.6972
 LS09        -0.07590 0.00020         0.43670 0.00010        -0.01690 0.00030 0.000000 0.000000 0.000000      2018.7000
 LS09        -0.07550 0.00020         0.44010 0.00010        -0.01050 0.00030 0.000000 0.000000 0.000000      2018.7027
 LS09        -0.07770 0.00020         0.43850 0.00010        -0.00920 0.00030 0.000000 0.000000 0.000000      2018.7055
 LS09        -0.07660 0.00020         0.43960 0.00010        -0.01160 0.00030 0.000000 0.000000 0.000000      2018.7082
 LS09        -0.07590 0.00020         0.43870 0.00010        -0.01570 0.00030 0.000000 0.000000 0.000000      2018.7109
 LS09        -0.07750 0.00020         0.43950 0.00010        -0.00940 0.00030 0.000000 0.000000 0.000000      2018.7137
 LS09        -0.07770 0.00020         0.44080 0.00010        -0.00750 0.00030 0.000000 0.000000 0.000000      2018.7164
 LS09        -0.07630 0.00020         0.44040 0.00010        -0.01320 0.00030 0.000000 0.000000 0.000000      2018.7192
 LS09        -0.07700 0.00020         0.43960 0.00010        -0.01420 0.00030 0.000000 0.000000 0.000000      2018.7219
 LS09        -0.07790 0.00020         0.43950 0.00010        -0.01720 0.00030 0.000000 0.000000 0.000000      2018.7247
 LS09        -0.07710 0.00020         0.44060 0.00010        -0.00430 0.00030 0.000000 0.000000 0.000000      2018.7274
 LS09        -0.07710 0.00020         0.44210 0.00010        -0.00870 0.00030 0.000000 0.000000 0.000000      2018.7302
 LS09        -0.07640 0.00020         0.44010 0.00010        -0.01020 0.00030 0.000000 0.000000 0.000000      2018.7329
 LS09        -0.07790 0.00020         0.44070 0.00010        -0.00610 0.00030 0.000000 0.000000 0.000000      2018.7355
 LS09        -0.07660 0.00020         0.44050 0.00010        -0.00870 0.00030 0.000000 0.000000 0.000000      2018.7383
 LS09        -0.07730 0.00020         0.44150 0.00010        -0.00890 0.00030 0.000000 0.000000 0.000000      2018.7410
 LS09        -0.07720 0.00020         0.43860 0.00010        -0.01080 0.00030 0.000000 0.000000 0.000000      2018.7438
 LS09        -0.07710 0.00020         0.44130 0.00010        -0.00750 0.00030 0.000000 0.000000 0.000000      2018.7465
 LS09        -0.07820 0.00020         0.44260 0.00010        -0.00850 0.00030 0.000000 0.000000 0.000000      2018.7493
 LS09        -0.07810 0.00020         0.44090 0.00010        -0.00820 0.00030 0.000000 0.000000 0.000000      2018.7520
 LS09        -0.07860 0.00020         0.44180 0.00010        -0.00860 0.00030 0.000000 0.000000 0.000000      2018.7547
 LS09        -0.07780 0.00020         0.44170 0.00010        -0.00720 0.00030 0.000000 0.000000 0.000000      2018.7575
 LS09        -0.07750 0.00020         0.44430 0.00010        -0.01200 0.00030 0.000000 0.000000 0.000000      2018.7602
 LS09        -0.07770 0.00020         0.44350 0.00010        -0.00470 0.00030 0.000000 0.000000 0.000000      2018.7630
 LS09        -0.07570 0.00020         0.44450 0.00010        -0.00700 0.00030 0.000000 0.000000 0.000000      2018.7657
 LS09        -0.07520 0.00020         0.44250 0.00010        -0.01310 0.00030 0.000000 0.000000 0.000000      2018.7685
 LS09        -0.07730 0.00020         0.44020 0.00010        -0.00820 0.00030 0.000000 0.000000 0.000000      2018.7712
 LS09        -0.07700 0.00020         0.44270 0.00010        -0.01150 0.00030 0.000000 0.000000 0.000000      2018.7740
 LS09        -0.07680 0.00020         0.44120 0.00010        -0.01580 0.00030 0.000000 0.000000 0.000000      2018.7767
 LS09        -0.07700 0.00020         0.44220 0.00010        -0.01070 0.00030 0.000000 0.000000 0.000000      2018.7794
 LS09        -0.07730 0.00020         0.44320 0.00010        -0.00500 0.00030 0.000000 0.000000 0.000000      2018.7822
 LS09        -0.07890 0.00020         0.44380 0.00010        -0.00860 0.00030 0.000000 0.000000 0.000000      2018.7849
 LS09        -0.07860 0.00020         0.44430 0.00010        -0.01400 0.00030 0.000000 0.000000 0.000000      2018.7877
 LS09        -0.07950 0.00020         0.44380 0.00010        -0.01670 0.00030 0.000000 0.000000 0.000000      2018.7903
 LS09        -0.07890 0.00020         0.44420 0.00010        -0.00760 0.00030 0.000000 0.000000 0.000000      2018.7932
 LS09        -0.07750 0.00020         0.44530 0.00010        -0.00550 0.00030 0.000000 0.000000 0.000000      2018.7958
 LS09        -0.07880 0.00020         0.44460 0.00010        -0.00480 0.00030 0.000000 0.000000 0.000000      2018.7986
 LS09        -0.07880 0.00020         0.44410 0.00010        -0.00590 0.00030 0.000000 0.000000 0.000000      2018.8013
 LS09        -0.07920 0.00020         0.44500 0.00010        -0.00400 0.00030 0.000000 0.000000 0.000000      2018.8040
 LS09        -0.07840 0.00020         0.44760 0.00010         0.00010 0.00030 0.000000 0.000000 0.000000      2018.8068
 LS09        -0.07890 0.00020         0.44500 0.00010        -0.00120 0.00030 0.000000 0.000000 0.000000      2018.8095
 LS09        -0.07930 0.00020         0.44630 0.00010        -0.00590 0.00030 0.000000 0.000000 0.000000      2018.8123
 LS09        -0.07960 0.00020         0.44510 0.00010        -0.00760 0.00030 0.000000 0.000000 0.000000      2018.8150
 LS09        -0.07930 0.00020         0.44500 0.00010        -0.00610 0.00030 0.000000 0.000000 0.000000      2018.8178
 LS09        -0.07970 0.00020         0.44550 0.00010        -0.00610 0.00030 0.000000 0.000000 0.000000      2018.8205
 LS09        -0.08060 0.00020         0.44450 0.00010        -0.00770 0.00030 0.000000 0.000000 0.000000      2018.8233
 LS09        -0.08020 0.00020         0.44600 0.00010        -0.00830 0.00030 0.000000 0.000000 0.000000      2018.8260
 LS09        -0.07950 0.00020         0.44760 0.00010        -0.00810 0.00030 0.000000 0.000000 0.000000      2018.8287
 LS09        -0.07900 0.00020         0.44640 0.00010        -0.00780 0.00030 0.000000 0.000000 0.000000      2018.8315
 LS09        -0.07970 0.00020         0.44460 0.00010        -0.00440 0.00030 0.000000 0.000000 0.000000      2018.8342
 LS09        -0.07990 0.00020         0.44600 0.00010        -0.00600 0.00030 0.000000 0.000000 0.000000      2018.8370
 LS09        -0.07950 0.00020         0.44580 0.00010        -0.00970 0.00030 0.000000 0.000000 0.000000      2018.8397
 LS09        -0.07900 0.00020         0.44650 0.00010        -0.00470 0.00030 0.000000 0.000000 0.000000      2018.8425
 LS09        -0.07870 0.00020         0.44710 0.00010        -0.00370 0.00030 0.000000 0.000000 0.000000      2018.8452
 LS09        -0.08020 0.00020         0.44730 0.00010         0.00060 0.00030 0.000000 0.000000 0.000000      2018.8480
 LS09        -0.08140 0.00020         0.44720 0.00010        -0.00360 0.00030 0.000000 0.000000 0.000000      2018.8507
 LS09        -0.08050 0.00020         0.44800 0.00010        -0.00900 0.00030 0.000000 0.000000 0.000000      2018.8533
 LS09        -0.07960 0.00020         0.44670 0.00010        -0.00630 0.00030 0.000000 0.000000 0.000000      2018.8561
 LS09        -0.08030 0.00020         0.44780 0.00010        -0.00080 0.00030 0.000000 0.000000 0.000000      2018.8588
 LS09        -0.07970 0.00020         0.44580 0.00010        -0.00370 0.00030 0.000000 0.000000 0.000000      2018.8616
 LS09        -0.08010 0.00020         0.44770 0.00010        -0.00090 0.00030 0.000000 0.000000 0.000000      2018.8643
 LS09        -0.08000 0.00020         0.44800 0.00010        -0.00020 0.00030 0.000000 0.000000 0.000000      2018.8671
 LS09        -0.07900 0.00020         0.45050 0.00010        -0.00760 0.00030 0.000000 0.000000 0.000000      2018.8698
 LS09        -0.07870 0.00020         0.44900 0.00010        -0.00450 0.00030 0.000000 0.000000 0.000000      2018.8726
 LS09        -0.07940 0.00020         0.45060 0.00010        -0.00200 0.00030 0.000000 0.000000 0.000000      2018.8753
 LS09        -0.08050 0.00020         0.45030 0.00010        -0.00680 0.00030 0.000000 0.000000 0.000000      2018.8780
 LS09        -0.08020 0.00020         0.45060 0.00010        -0.00340 0.00030 0.000000 0.000000 0.000000      2018.8808
 LS09        -0.07860 0.00020         0.44950 0.00010        -0.00510 0.00030 0.000000 0.000000 0.000000      2018.8835
 LS09        -0.07960 0.00020         0.44900 0.00010        -0.00890 0.00030 0.000000 0.000000 0.000000      2018.8863
 LS09        -0.07890 0.00020         0.44990 0.00010        -0.00390 0.00030 0.000000 0.000000 0.000000      2018.8890
 LS09        -0.08010 0.00020         0.45020 0.00010        -0.00080 0.00030 0.000000 0.000000 0.000000      2018.8918
 LS09        -0.08010 0.00020         0.44970 0.00010         0.00080 0.00030 0.000000 0.000000 0.000000      2018.8945
 LS09        -0.07910 0.00020         0.45020 0.00010        -0.00360 0.00030 0.000000 0.000000 0.000000      2018.8973
 LS09        -0.07990 0.00020         0.45240 0.00010        -0.00360 0.00030 0.000000 0.000000 0.000000      2018.9000
 LS09        -0.08000 0.00020         0.45270 0.00010        -0.00480 0.00030 0.000000 0.000000 0.000000      2018.9027
 LS09        -0.08000 0.00020         0.45360 0.00010         0.00100 0.00030 0.000000 0.000000 0.000000      2018.9055
 LS09        -0.07860 0.00020         0.45070 0.00010        -0.00550 0.00030 0.000000 0.000000 0.000000      2018.9081
 LS09        -0.07830 0.00020         0.45320 0.00010         0.00010 0.00030 0.000000 0.000000 0.000000      2018.9110
 LS09        -0.07920 0.00020         0.45080 0.00010        -0.00350 0.00030 0.000000 0.000000 0.000000      2018.9136
 LS09        -0.07770 0.00020         0.45070 0.00010        -0.00810 0.00030 0.000000 0.000000 0.000000      2018.9164
 LS09        -0.07640 0.00020         0.45070 0.00010        -0.00650 0.00030 0.000000 0.000000 0.000000      2018.9191
 LS09        -0.07780 0.00020         0.45150 0.00010        -0.00360 0.00030 0.000000 0.000000 0.000000      2018.9219
 LS09        -0.07600 0.00020         0.45190 0.00010         0.00190 0.00030 0.000000 0.000000 0.000000      2018.9246
 LS09        -0.07780 0.00020         0.45190 0.00010        -0.00340 0.00030 0.000000 0.000000 0.000000      2018.9273
 LS09        -0.07630 0.00020         0.45410 0.00010        -0.00440 0.00030 0.000000 0.000000 0.000000      2018.9301
 LS09        -0.07570 0.00020         0.45600 0.00010        -0.01210 0.00030 0.000000 0.000000 0.000000      2018.9328
 LS09        -0.07760 0.00020         0.45360 0.00010         0.00180 0.00030 0.000000 0.000000 0.000000      2018.9356
 LS09        -0.07670 0.00020         0.45150 0.00010        -0.00020 0.00030 0.000000 0.000000 0.000000      2018.9383
 LS09        -0.07650 0.00020         0.45460 0.00010        -0.00110 0.00030 0.000000 0.000000 0.000000      2018.9411
 LS09        -0.07675 0.00020         0.45389 0.00010        -0.00171 0.00030 0.000000 0.000000 0.000000      2018.9439
 LS09        -0.07710 0.00020         0.45310 0.00010        -0.00280 0.00030 0.000000 0.000000 0.000000      2018.9466
 LS09        -0.07710 0.00020         0.45440 0.00010        -0.00410 0.00030 0.000000 0.000000 0.000000      2018.9493
 LS09        -0.07600 0.00020         0.45420 0.00010        -0.00030 0.00030 0.000000 0.000000 0.000000      2018.9520
 LS09        -0.07700 0.00020         0.45280 0.00010        -0.00490 0.00030 0.000000 0.000000 0.000000      2018.9548
 LS09        -0.07640 0.00020         0.45340 0.00010        -0.00590 0.00030 0.000000 0.000000 0.000000      2018.9575
 LS09        -0.07740 0.00020         0.45100 0.00010        -0.00370 0.00030 0.000000 0.000000 0.000000      2018.9603
 LS09        -0.07790 0.00020         0.45260 0.00010         0.00090 0.00030 0.000000 0.000000 0.000000      2018.9630
 LS09        -0.07820 0.00020         0.45240 0.00010        -0.00130 0.00030 0.000000 0.000000 0.000000      2018.9658
 LS09        -0.07720 0.00020         0.45290 0.00010         0.00190 0.00030 0.000000 0.000000 0.000000      2018.9684
 LS09        -0.07770 0.00020         0.45360 0.00010         0.00540 0.00030 0.000000 0.000000 0.000000      2018.9713
 LS09        -0.07880 0.00020         0.45340 0.00010         0.00010 0.00030 0.000000 0.000000 0.000000      2018.9739
 LS09        -0.07670 0.00020         0.45450 0.00010         0.00310 0.00030 0.000000 0.000000 0.000000      2018.9766
 LS09        -0.07670 0.00020         0.45510 0.00010         0.00430 0.00030 0.000000 0.000000 0.000000      2018.9794
 LS09        -0.07500 0.00020         0.45410 0.00010         0.00080 0.00030 0.000000 0.000000 0.000000      2018.9821
 LS09        -0.07460 0.00020         0.45640 0.00010        -0.00110 0.00030 0.000000 0.000000 0.000000      2018.9849
 LS09        -0.07450 0.00020         0.45330 0.00010        -0.00830 0.00030 0.000000 0.000000 0.000000      2018.9876
 LS09        -0.07540 0.00020         0.45290 0.00010        -0.01070 0.00030 0.000000 0.000000 0.000000      2018.9904
 LS09        -0.07780 0.00020         0.45450 0.00010        -0.01150 0.00030 0.000000 0.000000 0.000000      2018.9931
 LS09        -0.07810 0.00020         0.45270 0.00010        -0.01280 0.00030 0.000000 0.000000 0.000000      2018.9959
 LS09        -0.07740 0.00020         0.45330 0.00010        -0.00690 0.00030 0.000000 0.000000 0.000000      2018.9986
 LS09        -0.07740 0.00020         0.45360 0.00010        -0.00790 0.00030 0.000000 0.000000 0.000000      2019.0013
 LS09        -0.07810 0.00020         0.45340 0.00010        -0.00470 0.00030 0.000000 0.000000 0.000000      2019.0041
 LS09        -0.07770 0.00020         0.45580 0.00010        -0.00280 0.00030 0.000000 0.000000 0.000000      2019.0068
 LS09        -0.07700 0.00020         0.45410 0.00010        -0.00760 0.00030 0.000000 0.000000 0.000000      2019.0096
 LS09        -0.07710 0.00020         0.45450 0.00010         0.00200 0.00030 0.000000 0.000000 0.000000      2019.0123
 LS09        -0.07830 0.00020         0.45590 0.00010        -0.00420 0.00030 0.000000 0.000000 0.000000      2019.0151
 LS09        -0.07940 0.00020         0.45590 0.00010        -0.00360 0.00030 0.000000 0.000000 0.000000      2019.0178
 LS09        -0.07870 0.00020         0.45600 0.00010         0.00090 0.00030 0.000000 0.000000 0.000000      2019.0206
 LS09        -0.08080 0.00020         0.45550 0.00010         0.00230 0.00030 0.000000 0.000000 0.000000      2019.0233
 LS09        -0.08050 0.00020         0.45290 0.00010        -0.00150 0.00030 0.000000 0.000000 0.000000      2019.0259
 LS09        -0.08020 0.00020         0.45460 0.00010         0.00380 0.00030 0.000000 0.000000 0.000000      2019.0288
 LS09        -0.07780 0.00020         0.45560 0.00010         0.00350 0.00030 0.000000 0.000000 0.000000      2019.0314
 LS09        -0.07870 0.00020         0.45550 0.00010        -0.00020 0.00030 0.000000 0.000000 0.000000      2019.0342
 LS09        -0.07893 0.00020         0.45424 0.00015        -0.00197 0.00030 0.000000 0.000000 0.000000      2019.0370
 LS09        -0.07940 0.00020         0.45290 0.00020        -0.00330 0.00030 0.000000 0.000000 0.000000      2019.0397
 LS09        -0.08020 0.00020         0.45630 0.00010         0.00260 0.00030 0.000000 0.000000 0.000000      2019.0424
 LS09        -0.07850 0.00020         0.45760 0.00010         0.00150 0.00030 0.000000 0.000000 0.000000      2019.0452
 LS09        -0.07910 0.00020         0.45500 0.00010         0.00730 0.00030 0.000000 0.000000 0.000000      2019.0479
 LS09        -0.07860 0.00020         0.45670 0.00010         0.00290 0.00030 0.000000 0.000000 0.000000      2019.0506
 LS09        -0.07940 0.00020         0.45700 0.00010         0.00030 0.00030 0.000000 0.000000 0.000000      2019.0534
 LS09        -0.08050 0.00020         0.45740 0.00010         0.00160 0.00030 0.000000 0.000000 0.000000      2019.0561
 LS09        -0.07930 0.00020         0.45700 0.00010         0.00210 0.00030 0.000000 0.000000 0.000000      2019.0589
 LS09        -0.07820 0.00020         0.45714 0.00010         0.00176 0.00030 0.000000 0.000000 0.000000      2019.0617
 LS09        -0.07760 0.00020         0.45720 0.00010         0.00040 0.00030 0.000000 0.000000 0.000000      2019.0644
 LS09        -0.07720 0.00020         0.45650 0.00010        -0.00360 0.00030 0.000000 0.000000 0.000000      2019.0671
 LS09        -0.07619 0.00020         0.45729 0.00010        -0.00191 0.00030 0.000000 0.000000 0.000000      2019.0698
 LS09        -0.07560 0.00020         0.45760 0.00010        -0.00110 0.00030 0.000000 0.000000 0.000000      2019.0726
 LS09        -0.07750 0.00020         0.45550 0.00010        -0.00120 0.00030 0.000000 0.000000 0.000000      2019.0753
 LS09        -0.07940 0.00020         0.45480 0.00010        -0.00480 0.00030 0.000000 0.000000 0.000000      2019.0781
 LS09        -0.07860 0.00020         0.45540 0.00010        -0.00430 0.00030 0.000000 0.000000 0.000000      2019.0808
 LS09        -0.07860 0.00020         0.45690 0.00010         0.00650 0.00030 0.000000 0.000000 0.000000      2019.0836
 LS09        -0.07680 0.00020         0.45940 0.00010         0.00430 0.00030 0.000000 0.000000 0.000000      2019.0862
 LS09        -0.07870 0.00020         0.45750 0.00010         0.00650 0.00030 0.000000 0.000000 0.000000      2019.0891
 LS09        -0.07920 0.00020         0.45830 0.00010         0.00630 0.00030 0.000000 0.000000 0.000000      2019.0917
 LS09        -0.07740 0.00020         0.45930 0.00010        -0.00140 0.00030 0.000000 0.000000 0.000000      2019.0945
 LS09        -0.07790 0.00020         0.45740 0.00010         0.00770 0.00030 0.000000 0.000000 0.000000      2019.0972
 LS09        -0.07720 0.00020         0.45810 0.00010         0.00730 0.00030 0.000000 0.000000 0.000000      2019.0999
 LS09        -0.07530 0.00020         0.45840 0.00010         0.00020 0.00030 0.000000 0.000000 0.000000      2019.1027
 LS09        -0.07530 0.00020         0.45950 0.00010         0.00120 0.00030 0.000000 0.000000 0.000000      2019.1054
 LS09        -0.07960 0.00020         0.45650 0.00010        -0.00330 0.00030 0.000000 0.000000 0.000000      2019.1082
 LS09        -0.07830 0.00020         0.45870 0.00010         0.00050 0.00030 0.000000 0.000000 0.000000      2019.1109
 LS09        -0.07710 0.00020         0.45880 0.00010         0.00180 0.00030 0.000000 0.000000 0.000000      2019.1137
 LS09        -0.07920 0.00020         0.45850 0.00010        -0.00240 0.00030 0.000000 0.000000 0.000000      2019.1164
 LS09        -0.07890 0.00020         0.45730 0.00010        -0.00190 0.00030 0.000000 0.000000 0.000000      2019.1192
 LS09        -0.07690 0.00020         0.45870 0.00010        -0.00010 0.00030 0.000000 0.000000 0.000000      2019.1219
 LS09        -0.07830 0.00020         0.45560 0.00010         0.00750 0.00030 0.000000 0.000000 0.000000      2019.1246
 LS09        -0.07760 0.00020         0.45940 0.00010         0.00320 0.00030 0.000000 0.000000 0.000000      2019.1274
 LS09        -0.07720 0.00020         0.45780 0.00010         0.00610 0.00030 0.000000 0.000000 0.000000      2019.1301
 LS09        -0.08240 0.00030         0.45940 0.00020         0.00370 0.00040 0.000000 0.000000 0.000000      2019.1329
 LS09        -0.08100 0.00020         0.45640 0.00010        -0.00120 0.00030 0.000000 0.000000 0.000000      2019.1356
 LS09        -0.07870 0.00020         0.46020 0.00010        -0.00080 0.00030 0.000000 0.000000 0.000000      2019.1384
 LS09        -0.07720 0.00020         0.45920 0.00010        -0.00530 0.00030 0.000000 0.000000 0.000000      2019.1411
 LS09        -0.07860 0.00020         0.45790 0.00010        -0.00010 0.00030 0.000000 0.000000 0.000000      2019.1439
 LS09        -0.07810 0.00020         0.45724 0.00010         0.00073 0.00030 0.000000 0.000000 0.000000      2019.1465
 LS09        -0.07770 0.00020         0.45650 0.00010         0.00110 0.00030 0.000000 0.000000 0.000000      2019.1492
 LS09        -0.07900 0.00020         0.45990 0.00010         0.00170 0.00030 0.000000 0.000000 0.000000      2019.1520
 LS09        -0.07820 0.00020         0.45990 0.00010         0.01080 0.00030 0.000000 0.000000 0.000000      2019.1547
 LS09        -0.07950 0.00020         0.46070 0.00010         0.00090 0.00030 0.000000 0.000000 0.000000      2019.1575
 LS09        -0.07990 0.00020         0.46250 0.00010         0.00170 0.00030 0.000000 0.000000 0.000000      2019.1602
 LS09        -0.07960 0.00020         0.45590 0.00010         0.00820 0.00030 0.000000 0.000000 0.000000      2019.1630
 LS09        -0.08040 0.00020         0.45980 0.00010         0.00350 0.00030 0.000000 0.000000 0.000000      2019.1657
 LS09        -0.07970 0.00020         0.45940 0.00010         0.00210 0.00030 0.000000 0.000000 0.000000      2019.1685
 LS09        -0.07900 0.00020         0.46000 0.00010         0.00220 0.00030 0.000000 0.000000 0.000000      2019.1712
 LS09        -0.07840 0.00020         0.45990 0.00010         0.00140 0.00030 0.000000 0.000000 0.000000      2019.1739
 LS09        -0.07810 0.00020         0.46090 0.00010         0.00160 0.00030 0.000000 0.000000 0.000000      2019.1767
 LS09        -0.07720 0.00020         0.45800 0.00010         0.00230 0.00030 0.000000 0.000000 0.000000      2019.1794
 LS09        -0.07880 0.00020         0.45770 0.00010        -0.00110 0.00030 0.000000 0.000000 0.000000      2019.1822
 LS09        -0.07869 0.00020         0.45915 0.00010        -0.00332 0.00030 0.000000 0.000000 0.000000      2019.1849
 LS09        -0.07870 0.00020         0.46060 0.00010        -0.00500 0.00030 0.000000 0.000000 0.000000      2019.1877
 LS09        -0.07881 0.00020         0.46001 0.00010        -0.00336 0.00030 0.000000 0.000000 0.000000      2019.1905
 LS09        -0.07910 0.00020         0.45920 0.00010        -0.00200 0.00030 0.000000 0.000000 0.000000      2019.1932
 LS09        -0.07820 0.00020         0.45920 0.00010        -0.00180 0.00030 0.000000 0.000000 0.000000      2019.1959
 LS09        -0.07800 0.00020         0.45890 0.00010        -0.00320 0.00030 0.000000 0.000000 0.000000      2019.1986
 LS09        -0.07870 0.00020         0.46030 0.00010        -0.00730 0.00030 0.000000 0.000000 0.000000      2019.2014
 LS09        -0.07845 0.00020         0.46189 0.00010        -0.00652 0.00030 0.000000 0.000000 0.000000      2019.2041
 LS09        -0.07786 0.00020         0.46317 0.00010        -0.00600 0.00030 0.000000 0.000000 0.000000      2019.2069
 LS09        -0.07743 0.00020         0.46416 0.00010        -0.00384 0.00030 0.000000 0.000000 0.000000      2019.2096
 LS09        -0.07740 0.00020         0.46400 0.00010        -0.00290 0.00030 0.000000 0.000000 0.000000      2019.2123
 LS09        -0.07880 0.00020         0.45970 0.00010         0.00770 0.00030 0.000000 0.000000 0.000000      2019.2150
 LS09        -0.07600 0.00020         0.46040 0.00010        -0.00280 0.00030 0.000000 0.000000 0.000000      2019.2178
 LS09        -0.07740 0.00020         0.45820 0.00010        -0.00430 0.00030 0.000000 0.000000 0.000000      2019.2205
 LS09        -0.07810 0.00020         0.45850 0.00010         0.00130 0.00030 0.000000 0.000000 0.000000      2019.2232
 LS09        -0.07980 0.00020         0.45880 0.00010         0.00100 0.00030 0.000000 0.000000 0.000000      2019.2260
 LS09        -0.07851 0.00020         0.45869 0.00010        -0.00029 0.00030 0.000000 0.000000 0.000000      2019.2288
 LS09        -0.07730 0.00020         0.45840 0.00010        -0.00140 0.00030 0.000000 0.000000 0.000000      2019.2315
 LS09        -0.07730 0.00020         0.46060 0.00010        -0.00030 0.00030 0.000000 0.000000 0.000000      2019.2342
 LS09        -0.07570 0.00020         0.45920 0.00010        -0.00300 0.00030 0.000000 0.000000 0.000000      2019.2370
 LS09        -0.07760 0.00020         0.46350 0.00010         0.00020 0.00030 0.000000 0.000000 0.000000      2019.2397
