 LS10        -0.08870 0.00020         0.35290 0.00010         0.05220 0.00030 0.000000 0.000000 0.000000      2018.2397
 LS10        -0.08990 0.00020         0.35450 0.00010         0.06070 0.00030 0.000000 0.000000 0.000000      2018.2425
 LS10        -0.09090 0.00020         0.35360 0.00010         0.05380 0.00030 0.000000 0.000000 0.000000      2018.2452
 LS10        -0.09110 0.00020         0.35380 0.00010         0.06530 0.00030 0.000000 0.000000 0.000000      2018.2479
 LS10        -0.09170 0.00020         0.35110 0.00010         0.04980 0.00030 0.000000 0.000000 0.000000      2018.2507
 LS10        -0.08740 0.00020         0.35580 0.00010         0.05940 0.00030 0.000000 0.000000 0.000000      2018.2534
 LS10        -0.08840 0.00020         0.35430 0.00010         0.05750 0.00030 0.000000 0.000000 0.000000      2018.2562
 LS10        -0.09030 0.00020         0.35210 0.00010         0.05610 0.00030 0.000000 0.000000 0.000000      2018.2589
 LS10        -0.08960 0.00020         0.35210 0.00010         0.05450 0.00020 0.000000 0.000000 0.000000      2018.2617
 LS10        -0.09010 0.00020         0.35230 0.00010         0.05300 0.00030 0.000000 0.000000 0.000000      2018.2643
 LS10        -0.09190 0.00020         0.35190 0.00010         0.05920 0.00030 0.000000 0.000000 0.000000      2018.2670
 LS10        -0.09060 0.00020         0.35330 0.00010         0.05980 0.00030 0.000000 0.000000 0.000000      2018.2698
 LS10        -0.08980 0.00020         0.35410 0.00010         0.06340 0.00030 0.000000 0.000000 0.000000      2018.2725
 LS10        -0.09070 0.00020         0.35400 0.00010         0.06910 0.00030 0.000000 0.000000 0.000000      2018.2753
 LS10        -0.09080 0.00020         0.35580 0.00010         0.05900 0.00030 0.000000 0.000000 0.000000      2018.2780
 LS10        -0.09030 0.00020         0.35200 0.00010         0.05500 0.00030 0.000000 0.000000 0.000000      2018.2808
 LS10        -0.09200 0.00020         0.35470 0.00010         0.04580 0.00030 0.000000 0.000000 0.000000      2018.2835
 LS10        -0.08860 0.00020         0.35360 0.00010         0.06400 0.00030 0.000000 0.000000 0.000000      2018.2863
 LS10        -0.09080 0.00020         0.35420 0.00010         0.05330 0.00030 0.000000 0.000000 0.000000      2018.2890
 LS10        -0.09030 0.00020         0.35740 0.00010         0.05630 0.00030 0.000000 0.000000 0.000000      2018.2917
 LS10        -0.08980 0.00020         0.35310 0.00010         0.05760 0.00030 0.000000 0.000000 0.000000      2018.2945
 LS10        -0.08970 0.00020         0.35480 0.00010         0.06090 0.00030 0.000000 0.000000 0.000000      2018.2972
 LS10        -0.08980 0.00020         0.35720 0.00010         0.06430 0.00030 0.000000 0.000000 0.000000      2018.3000
 LS10        -0.09000 0.00020         0.35570 0.00010         0.05420 0.00030 0.000000 0.000000 0.000000      2018.3027
 LS10        -0.09010 0.00020         0.35610 0.00010         0.05820 0.00030 0.000000 0.000000 0.000000      2018.3055
 LS10        -0.08990 0.00020         0.35760 0.00010         0.05320 0.00030 0.000000 0.000000 0.000000      2018.3082
 LS10        -0.09160 0.00020         0.35570 0.00010         0.04680 0.00030 0.000000 0.000000 0.000000      2018.3110
 LS10        -0.08990 0.00020         0.35780 0.00010         0.05650 0.00030 0.000000 0.000000 0.000000      2018.3137
 LS10        -0.08940 0.00020         0.35550 0.00010         0.05070 0.00030 0.000000 0.000000 0.000000      2018.3163
 LS10        -0.08810 0.00020         0.35280 0.00010         0.04540 0.00030 0.000000 0.000000 0.000000      2018.3192
 LS10        -0.08980 0.00020         0.35270 0.00010         0.05560 0.00030 0.000000 0.000000 0.000000      2018.3218
 LS10        -0.08820 0.00020         0.35310 0.00010         0.06250 0.00030 0.000000 0.000000 0.000000      2018.3246
 LS10        -0.09080 0.00020         0.35450 0.00010         0.06110 0.00030 0.000000 0.000000 0.000000      2018.3273
 LS10        -0.08960 0.00020         0.35310 0.00010         0.06010 0.00030 0.000000 0.000000 0.000000      2018.3301
 LS10        -0.09040 0.00020         0.35380 0.00010         0.04820 0.00030 0.000000 0.000000 0.000000      2018.3328
 LS10        -0.08940 0.00020         0.35310 0.00010         0.04510 0.00030 0.000000 0.000000 0.000000      2018.3356
 LS10        -0.08850 0.00020         0.35370 0.00010         0.05980 0.00030 0.000000 0.000000 0.000000      2018.3383
 LS10        -0.08990 0.00020         0.35430 0.00010         0.06330 0.00030 0.000000 0.000000 0.000000      2018.3410
 LS10        -0.08930 0.00020         0.35260 0.00010         0.06060 0.00030 0.000000 0.000000 0.000000      2018.3438
 LS10        -0.09170 0.00020         0.35770 0.00010         0.06440 0.00030 0.000000 0.000000 0.000000      2018.3465
 LS10        -0.09030 0.00020         0.35790 0.00010         0.05910 0.00030 0.000000 0.000000 0.000000      2018.3493
 LS10        -0.08940 0.00020         0.35760 0.00010         0.05710 0.00030 0.000000 0.000000 0.000000      2018.3520
 LS10        -0.09050 0.00020         0.35330 0.00010         0.05680 0.00030 0.000000 0.000000 0.000000      2018.3548
 LS10        -0.09090 0.00020         0.35470 0.00010         0.05050 0.00030 0.000000 0.000000 0.000000      2018.3575
 LS10        -0.08640 0.00020         0.35650 0.00010         0.06420 0.00030 0.000000 0.000000 0.000000      2018.3603
 LS10        -0.08640 0.00020         0.35529 0.00010         0.07867 0.00030 0.000000 0.000000 0.000000      2018.3630
 LS10        -0.08660 0.00020         0.35310 0.00010         0.08050 0.00030 0.000000 0.000000 0.000000      2018.3657
 LS10        -0.08820 0.00030         0.35510 0.00020         0.06390 0.00030 0.000000 0.000000 0.000000      2018.3685
 LS10        -0.08773 0.00030         0.35746 0.00015         0.06190 0.00030 0.000000 0.000000 0.000000      2018.3713
 LS10        -0.08780 0.00030         0.35820 0.00010         0.05990 0.00030 0.000000 0.000000 0.000000      2018.3740
 LS10        -0.08860 0.00030         0.35630 0.00010         0.05770 0.00030 0.000000 0.000000 0.000000      2018.3767
 LS10        -0.08810 0.00030         0.35920 0.00020         0.05720 0.00030 0.000000 0.000000 0.000000      2018.3795
 LS10        -0.08600 0.00020         0.35950 0.00010         0.05870 0.00030 0.000000 0.000000 0.000000      2018.3821
 LS10        -0.08720 0.00030         0.36050 0.00010         0.04000 0.00030 0.000000 0.000000 0.000000      2018.3850
 LS10        -0.08940 0.00020         0.36280 0.00010         0.05340 0.00030 0.000000 0.000000 0.000000      2018.3876
 LS10        -0.08860 0.00020         0.36170 0.00010         0.06500 0.00030 0.000000 0.000000 0.000000      2018.3903
 LS10        -0.08720 0.00020         0.36170 0.00010         0.05860 0.00030 0.000000 0.000000 0.000000      2018.3931
 LS10        -0.08880 0.00020         0.36270 0.00010         0.06800 0.00030 0.000000 0.000000 0.000000      2018.3958
 LS10        -0.08754 0.00020         0.36300 0.00010         0.06436 0.00030 0.000000 0.000000 0.000000      2018.3985
 LS10        -0.08640 0.00020         0.36310 0.00010         0.05440 0.00030 0.000000 0.000000 0.000000      2018.4013
 LS10        -0.08980 0.00020         0.35840 0.00010         0.05280 0.00030 0.000000 0.000000 0.000000      2018.4041
 LS10        -0.08700 0.00020         0.36060 0.00010         0.06020 0.00030 0.000000 0.000000 0.000000      2018.4068
 LS10        -0.08980 0.00020         0.36030 0.00010         0.05920 0.00030 0.000000 0.000000 0.000000      2018.4096
 LS10        -0.09060 0.00020         0.36320 0.00010         0.04960 0.00030 0.000000 0.000000 0.000000      2018.4123
 LS10        -0.09130 0.00020         0.36040 0.00010         0.05670 0.00030 0.000000 0.000000 0.000000      2018.4150
 LS10        -0.09140 0.00020         0.36190 0.00010         0.05930 0.00030 0.000000 0.000000 0.000000      2018.4178
 LS10        -0.09310 0.00020         0.36190 0.00010         0.04950 0.00030 0.000000 0.000000 0.000000      2018.4205
 LS10        -0.09240 0.00020         0.36220 0.00010         0.05690 0.00030 0.000000 0.000000 0.000000      2018.4233
 LS10        -0.09190 0.00020         0.36050 0.00010         0.04180 0.00030 0.000000 0.000000 0.000000      2018.4260
 LS10        -0.08760 0.00020         0.36400 0.00010         0.03340 0.00030 0.000000 0.000000 0.000000      2018.4288
 LS10        -0.09230 0.00020         0.36310 0.00010         0.06000 0.00030 0.000000 0.000000 0.000000      2018.4315
 LS10        -0.09180 0.00020         0.35970 0.00010         0.06020 0.00030 0.000000 0.000000 0.000000      2018.4343
 LS10        -0.09230 0.00020         0.36400 0.00010         0.04800 0.00030 0.000000 0.000000 0.000000      2018.4370
 LS10        -0.09180 0.00020         0.36340 0.00010         0.05650 0.00030 0.000000 0.000000 0.000000      2018.4396
 LS10        -0.09270 0.00020         0.36180 0.00010         0.05740 0.00030 0.000000 0.000000 0.000000      2018.4424
 LS10        -0.09120 0.00020         0.36340 0.00010         0.04380 0.00030 0.000000 0.000000 0.000000      2018.4451
 LS10        -0.09350 0.00020         0.36010 0.00010         0.05250 0.00030 0.000000 0.000000 0.000000      2018.4479
 LS10        -0.09210 0.00020         0.36170 0.00010         0.05300 0.00030 0.000000 0.000000 0.000000      2018.4506
 LS10        -0.09220 0.00020         0.36500 0.00010         0.05430 0.00030 0.000000 0.000000 0.000000      2018.4534
 LS10        -0.09290 0.00020         0.36440 0.00010         0.05570 0.00030 0.000000 0.000000 0.000000      2018.4561
 LS10        -0.09400 0.00020         0.36260 0.00010         0.05660 0.00030 0.000000 0.000000 0.000000      2018.4589
 LS10        -0.09440 0.00020         0.36290 0.00010         0.04490 0.00030 0.000000 0.000000 0.000000      2018.4616
 LS10        -0.09330 0.00030         0.36280 0.00010         0.04960 0.00030 0.000000 0.000000 0.000000      2018.4643
 LS10        -0.09270 0.00020         0.36410 0.00010         0.05160 0.00030 0.000000 0.000000 0.000000      2018.4671
 LS10        -0.09410 0.00020         0.36420 0.00010         0.04840 0.00030 0.000000 0.000000 0.000000      2018.4698
 LS10        -0.09190 0.00020         0.36270 0.00010         0.04590 0.00030 0.000000 0.000000 0.000000      2018.4726
 LS10        -0.09440 0.00020         0.36320 0.00010         0.04910 0.00030 0.000000 0.000000 0.000000      2018.4753
 LS10        -0.09310 0.00020         0.36530 0.00010         0.04680 0.00030 0.000000 0.000000 0.000000      2018.4781
 LS10        -0.09220 0.00030         0.36240 0.00010         0.05570 0.00030 0.000000 0.000000 0.000000      2018.4808
 LS10        -0.09270 0.00030         0.36300 0.00010         0.04110 0.00030 0.000000 0.000000 0.000000      2018.4836
 LS10        -0.09140 0.00030         0.36600 0.00010         0.04660 0.00030 0.000000 0.000000 0.000000      2018.4863
 LS10        -0.09450 0.00030         0.36540 0.00010         0.04730 0.00030 0.000000 0.000000 0.000000      2018.4890
 LS10        -0.09350 0.00030         0.36420 0.00020         0.04450 0.00030 0.000000 0.000000 0.000000      2018.4918
 LS10        -0.09640 0.00030         0.36260 0.00010         0.04840 0.00030 0.000000 0.000000 0.000000      2018.4944
 LS10        -0.09500 0.00030         0.36550 0.00010         0.04980 0.00030 0.000000 0.000000 0.000000      2018.4973
 LS10        -0.09550 0.00030         0.36580 0.00010         0.05490 0.00030 0.000000 0.000000 0.000000      2018.4999
 LS10        -0.09340 0.00020         0.36760 0.00010         0.05230 0.00030 0.000000 0.000000 0.000000      2018.5028
 LS10        -0.09380 0.00020         0.36710 0.00010         0.05470 0.00030 0.000000 0.000000 0.000000      2018.5054
 LS10        -0.09290 0.00030         0.36480 0.00010         0.05070 0.00030 0.000000 0.000000 0.000000      2018.5082
 LS10        -0.09280 0.00020         0.36450 0.00010         0.04990 0.00030 0.000000 0.000000 0.000000      2018.5109
 LS10        -0.09250 0.00030         0.36680 0.00010         0.04620 0.00030 0.000000 0.000000 0.000000      2018.5136
 LS10        -0.09350 0.00030         0.36510 0.00010         0.04560 0.00030 0.000000 0.000000 0.000000      2018.5164
 LS10        -0.09470 0.00020         0.36760 0.00010         0.04770 0.00030 0.000000 0.000000 0.000000      2018.5191
 LS10        -0.09550 0.00020         0.36680 0.00010         0.03360 0.00030 0.000000 0.000000 0.000000      2018.5219
 LS10        -0.09590 0.00020         0.36880 0.00010         0.05250 0.00030 0.000000 0.000000 0.000000      2018.5246
 LS10        -0.09450 0.00030         0.36700 0.00010         0.04330 0.00030 0.000000 0.000000 0.000000      2018.5274
 LS10        -0.09730 0.00030         0.37000 0.00010         0.04360 0.00030 0.000000 0.000000 0.000000      2018.5301
 LS10        -0.09870 0.00030         0.36970 0.00010         0.02870 0.00030 0.000000 0.000000 0.000000      2018.5329
 LS10        -0.09680 0.00030         0.36960 0.00010         0.03940 0.00030 0.000000 0.000000 0.000000      2018.5356
 LS10        -0.09790 0.00020         0.37100 0.00010         0.04920 0.00030 0.000000 0.000000 0.000000      2018.5383
 LS10        -0.09920 0.00030         0.36850 0.00010         0.04840 0.00030 0.000000 0.000000 0.000000      2018.5411
 LS10        -0.09610 0.00030         0.36840 0.00020         0.04220 0.00030 0.000000 0.000000 0.000000      2018.5438
 LS10        -0.09710 0.00030         0.37340 0.00020         0.04820 0.00030 0.000000 0.000000 0.000000      2018.5466
 LS10        -0.09590 0.00030         0.36200 0.00020         0.03080 0.00040 0.000000 0.000000 0.000000      2018.5493
 LS10        -0.09580 0.00030         0.36690 0.00020         0.04050 0.00030 0.000000 0.000000 0.000000      2018.5521
 LS10        -0.09680 0.00030         0.36740 0.00020         0.04670 0.00030 0.000000 0.000000 0.000000      2018.5548
 LS10        -0.09660 0.00030         0.36970 0.00020         0.05200 0.00030 0.000000 0.000000 0.000000      2018.5576
 LS10        -0.09800 0.00030         0.36940 0.00020         0.04240 0.00030 0.000000 0.000000 0.000000      2018.5602
 LS10        -0.09760 0.00030         0.37020 0.00010         0.04430 0.00030 0.000000 0.000000 0.000000      2018.5629
 LS10        -0.09710 0.00030         0.36890 0.00010         0.03200 0.00030 0.000000 0.000000 0.000000      2018.5657
 LS10        -0.09850 0.00020         0.36930 0.00010         0.04430 0.00030 0.000000 0.000000 0.000000      2018.5684
 LS10        -0.09920 0.00030         0.36870 0.00010         0.04860 0.00030 0.000000 0.000000 0.000000      2018.5712
 LS10        -0.09830 0.00030         0.37270 0.00010         0.05250 0.00030 0.000000 0.000000 0.000000      2018.5739
 LS10        -0.10090 0.00030         0.36800 0.00010         0.03910 0.00030 0.000000 0.000000 0.000000      2018.5767
 LS10        -0.09950 0.00020         0.37050 0.00010         0.03970 0.00030 0.000000 0.000000 0.000000      2018.5794
 LS10        -0.09860 0.00020         0.36960 0.00010         0.04120 0.00030 0.000000 0.000000 0.000000      2018.5822
 LS10        -0.09620 0.00020         0.37030 0.00010         0.03560 0.00030 0.000000 0.000000 0.000000      2018.5849
 LS10        -0.09670 0.00020         0.37110 0.00010         0.04530 0.00030 0.000000 0.000000 0.000000      2018.5876
 LS10        -0.09800 0.00030         0.37070 0.00010         0.04000 0.00030 0.000000 0.000000 0.000000      2018.5904
 LS10        -0.09810 0.00030         0.37150 0.00010         0.04510 0.00030 0.000000 0.000000 0.000000      2018.5931
 LS10        -0.09840 0.00030         0.37090 0.00010         0.04140 0.00030 0.000000 0.000000 0.000000      2018.5959
 LS10        -0.09900 0.00020         0.37300 0.00010         0.05350 0.00030 0.000000 0.000000 0.000000      2018.5986
 LS10        -0.09860 0.00020         0.37090 0.00010         0.05100 0.00030 0.000000 0.000000 0.000000      2018.6014
 LS10        -0.09560 0.00030         0.37220 0.00010         0.04620 0.00030 0.000000 0.000000 0.000000      2018.6041
 LS10        -0.09860 0.00020         0.37120 0.00010         0.04740 0.00030 0.000000 0.000000 0.000000      2018.6069
 LS10        -0.09760 0.00020         0.37290 0.00010         0.04160 0.00030 0.000000 0.000000 0.000000      2018.6096
 LS10        -0.09830 0.00020         0.37510 0.00010         0.04340 0.00030 0.000000 0.000000 0.000000      2018.6122
 LS10        -0.09740 0.00020         0.37240 0.00010         0.03950 0.00030 0.000000 0.000000 0.000000      2018.6151
 LS10        -0.09930 0.00020         0.37190 0.00010         0.03540 0.00030 0.000000 0.000000 0.000000      2018.6177
 LS10        -0.10170 0.00030         0.37260 0.00020         0.04180 0.00030 0.000000 0.000000 0.000000      2018.6205
 LS10        -0.09890 0.00030         0.37080 0.00010         0.04080 0.00030 0.000000 0.000000 0.000000      2018.6232
 LS10        -0.09930 0.00030         0.37120 0.00010         0.03180 0.00030 0.000000 0.000000 0.000000      2018.6260
 LS10        -0.09990 0.00020         0.37420 0.00010         0.04550 0.00030 0.000000 0.000000 0.000000      2018.6287
 LS10        -0.09880 0.00020         0.37230 0.00010         0.04570 0.00030 0.000000 0.000000 0.000000      2018.6315
 LS10        -0.09880 0.00030         0.36900 0.00010         0.04050 0.00030 0.000000 0.000000 0.000000      2018.6342
 LS10        -0.09910 0.00030         0.37360 0.00020         0.04690 0.00030 0.000000 0.000000 0.000000      2018.6369
 LS10        -0.09940 0.00020         0.37320 0.00010         0.03840 0.00030 0.000000 0.000000 0.000000      2018.6397
 LS10        -0.09730 0.00020         0.37400 0.00010         0.04450 0.00030 0.000000 0.000000 0.000000      2018.6424
 LS10        -0.10130 0.00020         0.37550 0.00010         0.04180 0.00030 0.000000 0.000000 0.000000      2018.6452
 LS10        -0.09740 0.00030         0.36880 0.00010         0.03710 0.00030 0.000000 0.000000 0.000000      2018.6479
 LS10        -0.09830 0.00020         0.37140 0.00010         0.04080 0.00030 0.000000 0.000000 0.000000      2018.6507
 LS10        -0.09830 0.00020         0.37220 0.00010         0.03960 0.00030 0.000000 0.000000 0.000000      2018.6534
 LS10        -0.09860 0.00020         0.37090 0.00010         0.04020 0.00030 0.000000 0.000000 0.000000      2018.6562
 LS10        -0.09870 0.00020         0.37210 0.00010         0.03700 0.00030 0.000000 0.000000 0.000000      2018.6589
 LS10        -0.09810 0.00030         0.37200 0.00020         0.03420 0.00030 0.000000 0.000000 0.000000      2018.6616
 LS10        -0.09779 0.00025         0.37453 0.00015         0.03890 0.00030 0.000000 0.000000 0.000000      2018.6644
 LS10        -0.09770 0.00020         0.37630 0.00010         0.04330 0.00030 0.000000 0.000000 0.000000      2018.6671
 LS10        -0.09770 0.00030         0.37350 0.00020         0.04570 0.00030 0.000000 0.000000 0.000000      2018.6699
 LS10        -0.09750 0.00020         0.37520 0.00010         0.04680 0.00030 0.000000 0.000000 0.000000      2018.6726
 LS10        -0.09870 0.00020         0.37110 0.00010         0.04830 0.00030 0.000000 0.000000 0.000000      2018.6754
 LS10        -0.09710 0.00020         0.37370 0.00010         0.04870 0.00030 0.000000 0.000000 0.000000      2018.6780
 LS10        -0.09850 0.00020         0.37380 0.00010         0.03510 0.00030 0.000000 0.000000 0.000000      2018.6809
 LS10        -0.09950 0.00020         0.37380 0.00010         0.04110 0.00020 0.000000 0.000000 0.000000      2018.6835
 LS10        -0.09880 0.00020         0.37320 0.00010         0.04020 0.00030 0.000000 0.000000 0.000000      2018.6862
 LS10        -0.09900 0.00020         0.37400 0.00010         0.03890 0.00030 0.000000 0.000000 0.000000      2018.6890
 LS10        -0.09800 0.00020         0.37730 0.00010         0.03410 0.00030 0.000000 0.000000 0.000000      2018.6917
 LS10        -0.09710 0.00020         0.37410 0.00010         0.04000 0.00030 0.000000 0.000000 0.000000      2018.6945
 LS10        -0.09830 0.00020         0.37440 0.00010         0.03710 0.00030 0.000000 0.000000 0.000000      2018.6972
 LS10        -0.09860 0.00020         0.37250 0.00010         0.04340 0.00030 0.000000 0.000000 0.000000      2018.7000
 LS10        -0.09800 0.00020         0.37490 0.00010         0.04050 0.00030 0.000000 0.000000 0.000000      2018.7027
 LS10        -0.09760 0.00020         0.37380 0.00010         0.04000 0.00030 0.000000 0.000000 0.000000      2018.7055
 LS10        -0.09860 0.00020         0.37300 0.00010         0.03250 0.00030 0.000000 0.000000 0.000000      2018.7082
 LS10        -0.09790 0.00020         0.37230 0.00010         0.03530 0.00030 0.000000 0.000000 0.000000      2018.7109
 LS10        -0.09880 0.00020         0.37480 0.00010         0.04310 0.00030 0.000000 0.000000 0.000000      2018.7137
 LS10        -0.09930 0.00020         0.37300 0.00010         0.04170 0.00030 0.000000 0.000000 0.000000      2018.7164
 LS10        -0.09880 0.00020         0.37360 0.00010         0.03820 0.00030 0.000000 0.000000 0.000000      2018.7192
 LS10        -0.09770 0.00020         0.37470 0.00010         0.04190 0.00030 0.000000 0.000000 0.000000      2018.7219
 LS10        -0.10090 0.00020         0.37140 0.00010         0.03250 0.00030 0.000000 0.000000 0.000000      2018.7247
 LS10        -0.09950 0.00020         0.37340 0.00010         0.03330 0.00030 0.000000 0.000000 0.000000      2018.7274
 LS10        -0.09850 0.00020         0.37450 0.00010         0.03210 0.00030 0.000000 0.000000 0.000000      2018.7302
 LS10        -0.09820 0.00020         0.37290 0.00010         0.03990 0.00030 0.000000 0.000000 0.000000      2018.7329
 LS10        -0.09980 0.00020         0.37390 0.00010         0.04080 0.00030 0.000000 0.000000 0.000000      2018.7355
 LS10        -0.09820 0.00020         0.37350 0.00010         0.03170 0.00030 0.000000 0.000000 0.000000      2018.7383
 LS10        -0.09920 0.00020         0.37510 0.00010         0.03580 0.00030 0.000000 0.000000 0.000000      2018.7410
 LS10        -0.09870 0.00020         0.37280 0.00010         0.03730 0.00030 0.000000 0.000000 0.000000      2018.7438
 LS10        -0.09810 0.00020         0.37340 0.00010         0.02870 0.00030 0.000000 0.000000 0.000000      2018.7465
 LS10        -0.10030 0.00020         0.37570 0.00010         0.03290 0.00030 0.000000 0.000000 0.000000      2018.7493
 LS10        -0.09980 0.00020         0.37390 0.00010         0.03730 0.00030 0.000000 0.000000 0.000000      2018.7520
 LS10        -0.10110 0.00020         0.37480 0.00010         0.03590 0.00030 0.000000 0.000000 0.000000      2018.7547
 LS10        -0.09930 0.00020         0.37670 0.00010         0.04150 0.00030 0.000000 0.000000 0.000000      2018.7575
 LS10        -0.09860 0.00020         0.37820 0.00010         0.03680 0.00030 0.000000 0.000000 0.000000      2018.7602
 LS10        -0.09750 0.00020         0.37720 0.00010         0.03710 0.00030 0.000000 0.000000 0.000000      2018.7630
 LS10        -0.09830 0.00020         0.37650 0.00010         0.03580 0.00030 0.000000 0.000000 0.000000      2018.7657
 LS10        -0.09750 0.00020         0.37410 0.00010         0.03400 0.00030 0.000000 0.000000 0.000000      2018.7685
 LS10        -0.09940 0.00020         0.37260 0.00010         0.03810 0.00030 0.000000 0.000000 0.000000      2018.7712
 LS10        -0.09740 0.00020         0.37430 0.00010         0.04120 0.00030 0.000000 0.000000 0.000000      2018.7740
 LS10        -0.09860 0.00020         0.37250 0.00010         0.03940 0.00030 0.000000 0.000000 0.000000      2018.7767
 LS10        -0.09980 0.00020         0.37570 0.00010         0.03760 0.00030 0.000000 0.000000 0.000000      2018.7794
 LS10        -0.09970 0.00020         0.37570 0.00010         0.04280 0.00030 0.000000 0.000000 0.000000      2018.7822
 LS10        -0.10130 0.00020         0.37490 0.00010         0.03370 0.00030 0.000000 0.000000 0.000000      2018.7849
 LS10        -0.09980 0.00020         0.37770 0.00010         0.03970 0.00030 0.000000 0.000000 0.000000      2018.7877
 LS10        -0.10030 0.00020         0.37520 0.00010         0.03360 0.00030 0.000000 0.000000 0.000000      2018.7903
 LS10        -0.10060 0.00020         0.37790 0.00010         0.04090 0.00030 0.000000 0.000000 0.000000      2018.7932
 LS10        -0.10070 0.00020         0.37840 0.00010         0.03750 0.00030 0.000000 0.000000 0.000000      2018.7958
 LS10        -0.10080 0.00020         0.37680 0.00010         0.04080 0.00030 0.000000 0.000000 0.000000      2018.7986
 LS10        -0.10070 0.00020         0.37760 0.00010         0.04660 0.00030 0.000000 0.000000 0.000000      2018.8013
 LS10        -0.09930 0.00020         0.37640 0.00010         0.04370 0.00030 0.000000 0.000000 0.000000      2018.8040
 LS10        -0.10110 0.00020         0.37870 0.00010         0.04280 0.00030 0.000000 0.000000 0.000000      2018.8068
 LS10        -0.10220 0.00020         0.37830 0.00010         0.03860 0.00030 0.000000 0.000000 0.000000      2018.8095
 LS10        -0.10380 0.00020         0.37790 0.00010         0.03980 0.00030 0.000000 0.000000 0.000000      2018.8123
 LS10        -0.10240 0.00020         0.37590 0.00010         0.03990 0.00030 0.000000 0.000000 0.000000      2018.8150
 LS10        -0.10210 0.00020         0.37690 0.00010         0.03950 0.00030 0.000000 0.000000 0.000000      2018.8178
 LS10        -0.10320 0.00020         0.37710 0.00010         0.04210 0.00030 0.000000 0.000000 0.000000      2018.8205
 LS10        -0.10090 0.00020         0.37700 0.00010         0.04500 0.00030 0.000000 0.000000 0.000000      2018.8233
 LS10        -0.10270 0.00020         0.37780 0.00010         0.03600 0.00030 0.000000 0.000000 0.000000      2018.8260
 LS10        -0.10250 0.00020         0.37630 0.00010         0.03610 0.00030 0.000000 0.000000 0.000000      2018.8287
 LS10        -0.10080 0.00020         0.37690 0.00010         0.04080 0.00030 0.000000 0.000000 0.000000      2018.8315
 LS10        -0.10070 0.00020         0.37740 0.00010         0.04060 0.00030 0.000000 0.000000 0.000000      2018.8342
 LS10        -0.10070 0.00020         0.37530 0.00010         0.04240 0.00020 0.000000 0.000000 0.000000      2018.8370
 LS10        -0.09950 0.00020         0.37620 0.00010         0.04170 0.00030 0.000000 0.000000 0.000000      2018.8397
 LS10        -0.10170 0.00020         0.37820 0.00010         0.04000 0.00030 0.000000 0.000000 0.000000      2018.8425
 LS10        -0.10120 0.00020         0.37990 0.00010         0.04300 0.00030 0.000000 0.000000 0.000000      2018.8452
 LS10        -0.10080 0.00020         0.37960 0.00010         0.03580 0.00030 0.000000 0.000000 0.000000      2018.8480
 LS10        -0.10240 0.00020         0.37730 0.00010         0.03710 0.00030 0.000000 0.000000 0.000000      2018.8507
 LS10        -0.10080 0.00020         0.37900 0.00010         0.04300 0.00020 0.000000 0.000000 0.000000      2018.8533
 LS10        -0.10130 0.00020         0.37890 0.00010         0.04130 0.00030 0.000000 0.000000 0.000000      2018.8561
 LS10        -0.10130 0.00020         0.37790 0.00010         0.03780 0.00030 0.000000 0.000000 0.000000      2018.8588
 LS10        -0.10080 0.00020         0.37880 0.00010         0.04460 0.00030 0.000000 0.000000 0.000000      2018.8616
 LS10        -0.10180 0.00020         0.37970 0.00010         0.05210 0.00030 0.000000 0.000000 0.000000      2018.8643
 LS10        -0.10230 0.00020         0.37850 0.00010         0.04870 0.00030 0.000000 0.000000 0.000000      2018.8671
 LS10        -0.10090 0.00020         0.38220 0.00010         0.04680 0.00030 0.000000 0.000000 0.000000      2018.8698
 LS10        -0.10060 0.00020         0.38250 0.00010         0.04900 0.00030 0.000000 0.000000 0.000000      2018.8726
 LS10        -0.10180 0.00020         0.38070 0.00010         0.04030 0.00030 0.000000 0.000000 0.000000      2018.8753
 LS10        -0.10250 0.00020         0.38170 0.00010         0.04610 0.00030 0.000000 0.000000 0.000000      2018.8780
 LS10        -0.10160 0.00020         0.38010 0.00010         0.03680 0.00030 0.000000 0.000000 0.000000      2018.8808
 LS10        -0.10090 0.00020         0.37880 0.00010         0.04050 0.00030 0.000000 0.000000 0.000000      2018.8835
 LS10        -0.10160 0.00020         0.37900 0.00010         0.04530 0.00030 0.000000 0.000000 0.000000      2018.8863
 LS10        -0.10120 0.00020         0.37990 0.00010         0.04530 0.00030 0.000000 0.000000 0.000000      2018.8890
 LS10        -0.10120 0.00020         0.37770 0.00010         0.03660 0.00030 0.000000 0.000000 0.000000      2018.8918
 LS10        -0.10030 0.00020         0.37940 0.00010         0.04440 0.00030 0.000000 0.000000 0.000000      2018.8945
 LS10        -0.09990 0.00020         0.37900 0.00010         0.03510 0.00030 0.000000 0.000000 0.000000      2018.8973
 LS10        -0.10040 0.00020         0.38140 0.00010         0.04940 0.00030 0.000000 0.000000 0.000000      2018.9000
 LS10        -0.10120 0.00020         0.38520 0.00010         0.04670 0.00030 0.000000 0.000000 0.000000      2018.9027
 LS10        -0.10130 0.00020         0.38160 0.00010         0.05140 0.00030 0.000000 0.000000 0.000000      2018.9055
 LS10        -0.09900 0.00020         0.38040 0.00010         0.05110 0.00030 0.000000 0.000000 0.000000      2018.9081
 LS10        -0.10030 0.00020         0.38310 0.00010         0.04680 0.00020 0.000000 0.000000 0.000000      2018.9110
 LS10        -0.10030 0.00020         0.38240 0.00010         0.04300 0.00030 0.000000 0.000000 0.000000      2018.9136
 LS10        -0.09970 0.00020         0.37970 0.00010         0.04870 0.00030 0.000000 0.000000 0.000000      2018.9164
 LS10        -0.09860 0.00020         0.38040 0.00010         0.03980 0.00030 0.000000 0.000000 0.000000      2018.9191
 LS10        -0.09940 0.00020         0.38210 0.00010         0.05290 0.00030 0.000000 0.000000 0.000000      2018.9219
 LS10        -0.09900 0.00020         0.37890 0.00010         0.04460 0.00030 0.000000 0.000000 0.000000      2018.9246
 LS10        -0.09920 0.00020         0.38230 0.00010         0.05120 0.00030 0.000000 0.000000 0.000000      2018.9273
 LS10        -0.09850 0.00020         0.38410 0.00010         0.05360 0.00030 0.000000 0.000000 0.000000      2018.9301
 LS10        -0.10030 0.00020         0.38380 0.00010         0.05800 0.00030 0.000000 0.000000 0.000000      2018.9328
 LS10        -0.10030 0.00020         0.38070 0.00010         0.04910 0.00030 0.000000 0.000000 0.000000      2018.9356
 LS10        -0.09790 0.00020         0.38040 0.00010         0.05250 0.00030 0.000000 0.000000 0.000000      2018.9383
 LS10        -0.09820 0.00020         0.38300 0.00010         0.05380 0.00030 0.000000 0.000000 0.000000      2018.9411
 LS10        -0.09944 0.00020         0.38300 0.00010         0.05051 0.00030 0.000000 0.000000 0.000000      2018.9439
 LS10        -0.10080 0.00020         0.38300 0.00010         0.04240 0.00030 0.000000 0.000000 0.000000      2018.9466
 LS10        -0.10060 0.00020         0.38430 0.00010         0.04240 0.00030 0.000000 0.000000 0.000000      2018.9493
 LS10        -0.10180 0.00020         0.38460 0.00010         0.05360 0.00030 0.000000 0.000000 0.000000      2018.9520
 LS10        -0.10080 0.00020         0.38400 0.00010         0.04850 0.00030 0.000000 0.000000 0.000000      2018.9548
 LS10        -0.10030 0.00020         0.38170 0.00010         0.04890 0.00030 0.000000 0.000000 0.000000      2018.9575
 LS10        -0.09990 0.00020         0.38050 0.00010         0.05000 0.00030 0.000000 0.000000 0.000000      2018.9603
 LS10        -0.10000 0.00020         0.38310 0.00010         0.05450 0.00030 0.000000 0.000000 0.000000      2018.9630
 LS10        -0.09820 0.00020         0.37840 0.00010         0.06450 0.00030 0.000000 0.000000 0.000000      2018.9658
 LS10        -0.10240 0.00020         0.38040 0.00010         0.05860 0.00030 0.000000 0.000000 0.000000      2018.9684
 LS10        -0.10240 0.00020         0.38020 0.00010         0.05980 0.00030 0.000000 0.000000 0.000000      2018.9713
 LS10        -0.10050 0.00020         0.37980 0.00010         0.05480 0.00030 0.000000 0.000000 0.000000      2018.9739
 LS10        -0.09790 0.00020         0.38370 0.00010         0.05490 0.00030 0.000000 0.000000 0.000000      2018.9766
 LS10        -0.10000 0.00020         0.38220 0.00010         0.05550 0.00020 0.000000 0.000000 0.000000      2018.9794
 LS10        -0.09820 0.00020         0.38270 0.00010         0.05770 0.00030 0.000000 0.000000 0.000000      2018.9821
 LS10        -0.09820 0.00020         0.38450 0.00010         0.04800 0.00030 0.000000 0.000000 0.000000      2018.9849
 LS10        -0.09830 0.00020         0.38420 0.00010         0.05370 0.00030 0.000000 0.000000 0.000000      2018.9876
 LS10        -0.09840 0.00020         0.38480 0.00010         0.04900 0.00030 0.000000 0.000000 0.000000      2018.9904
 LS10        -0.10020 0.00020         0.38480 0.00010         0.04190 0.00030 0.000000 0.000000 0.000000      2018.9931
 LS10        -0.09890 0.00020         0.38100 0.00010         0.02860 0.00030 0.000000 0.000000 0.000000      2018.9959
 LS10        -0.09930 0.00020         0.38190 0.00010         0.03740 0.00030 0.000000 0.000000 0.000000      2018.9986
 LS10        -0.09870 0.00020         0.38270 0.00010         0.04550 0.00030 0.000000 0.000000 0.000000      2019.0013
 LS10        -0.10300 0.00020         0.38230 0.00010         0.04500 0.00030 0.000000 0.000000 0.000000      2019.0041
 LS10        -0.10290 0.00020         0.38430 0.00010         0.05230 0.00030 0.000000 0.000000 0.000000      2019.0068
 LS10        -0.10150 0.00020         0.38330 0.00010         0.04900 0.00030 0.000000 0.000000 0.000000      2019.0096
 LS10        -0.10090 0.00020         0.38090 0.00010         0.04520 0.00030 0.000000 0.000000 0.000000      2019.0123
 LS10        -0.10290 0.00020         0.38240 0.00010         0.06750 0.00030 0.000000 0.000000 0.000000      2019.0151
 LS10        -0.10240 0.00020         0.38610 0.00010         0.06730 0.00030 0.000000 0.000000 0.000000      2019.0178
 LS10        -0.10320 0.00020         0.38190 0.00010         0.05260 0.00020 0.000000 0.000000 0.000000      2019.0206
 LS10        -0.10350 0.00020         0.38230 0.00010         0.05320 0.00030 0.000000 0.000000 0.000000      2019.0233
 LS10        -0.10240 0.00020         0.38560 0.00010         0.04680 0.00020 0.000000 0.000000 0.000000      2019.0259
 LS10        -0.10220 0.00020         0.38400 0.00010         0.04890 0.00030 0.000000 0.000000 0.000000      2019.0288
 LS10        -0.09940 0.00020         0.38480 0.00010         0.05390 0.00030 0.000000 0.000000 0.000000      2019.0314
 LS10        -0.10270 0.00020         0.38350 0.00010         0.05800 0.00030 0.000000 0.000000 0.000000      2019.0342
 LS10        -0.10320 0.00020         0.38640 0.00010         0.05360 0.00030 0.000000 0.000000 0.000000      2019.0369
 LS10        -0.10050 0.00020         0.38470 0.00010         0.05090 0.00030 0.000000 0.000000 0.000000      2019.0397
 LS10        -0.10050 0.00020         0.38500 0.00010         0.05050 0.00020 0.000000 0.000000 0.000000      2019.0424
 LS10        -0.10310 0.00020         0.38470 0.00010         0.05810 0.00030 0.000000 0.000000 0.000000      2019.0452
 LS10        -0.10390 0.00020         0.38140 0.00010         0.05890 0.00030 0.000000 0.000000 0.000000      2019.0479
 LS10        -0.10060 0.00020         0.38530 0.00010         0.04810 0.00030 0.000000 0.000000 0.000000      2019.0506
 LS10        -0.10110 0.00020         0.38670 0.00010         0.05310 0.00030 0.000000 0.000000 0.000000      2019.0534
 LS10        -0.10074 0.00020         0.38618 0.00010         0.05498 0.00030 0.000000 0.000000 0.000000      2019.0561
 LS10        -0.10050 0.00020         0.38550 0.00010         0.05570 0.00030 0.000000 0.000000 0.000000      2019.0589
 LS10        -0.10050 0.00020         0.38650 0.00010         0.05670 0.00020 0.000000 0.000000 0.000000      2019.0616
 LS10        -0.09970 0.00020         0.38670 0.00010         0.04960 0.00030 0.000000 0.000000 0.000000      2019.0644
 LS10        -0.09950 0.00020         0.38530 0.00010         0.05020 0.00030 0.000000 0.000000 0.000000      2019.0671
 LS10        -0.10360 0.00020         0.38690 0.00010         0.05430 0.00030 0.000000 0.000000 0.000000      2019.0699
 LS10        -0.10380 0.00020         0.38440 0.00010         0.05450 0.00030 0.000000 0.000000 0.000000      2019.0726
 LS10        -0.10100 0.00020         0.38710 0.00010         0.06170 0.00030 0.000000 0.000000 0.000000      2019.0753
 LS10        -0.10150 0.00020         0.38820 0.00010         0.06440 0.00030 0.000000 0.000000 0.000000      2019.0781
 LS10        -0.10070 0.00020         0.38250 0.00010         0.05850 0.00030 0.000000 0.000000 0.000000      2019.0808
 LS10        -0.10170 0.00020         0.38610 0.00010         0.04890 0.00030 0.000000 0.000000 0.000000      2019.0836
 LS10        -0.10260 0.00020         0.38350 0.00010         0.06560 0.00030 0.000000 0.000000 0.000000      2019.0862
 LS10        -0.09650 0.00020         0.38130 0.00010         0.06340 0.00030 0.000000 0.000000 0.000000      2019.0891
 LS10        -0.10070 0.00020         0.38540 0.00010         0.05690 0.00030 0.000000 0.000000 0.000000      2019.0917
 LS10        -0.09780 0.00020         0.38670 0.00010         0.04790 0.00020 0.000000 0.000000 0.000000      2019.0945
 LS10        -0.09890 0.00020         0.38690 0.00010         0.05510 0.00030 0.000000 0.000000 0.000000      2019.0972
 LS10        -0.09720 0.00020         0.38660 0.00010         0.05990 0.00030 0.000000 0.000000 0.000000      2019.0999
 LS10        -0.09820 0.00020         0.38680 0.00010         0.05610 0.00030 0.000000 0.000000 0.000000      2019.1027
 LS10        -0.10110 0.00020         0.38730 0.00010         0.05630 0.00030 0.000000 0.000000 0.000000      2019.1054
 LS10        -0.10130 0.00020         0.39080 0.00010         0.05640 0.00030 0.000000 0.000000 0.000000      2019.1082
 LS10        -0.10060 0.00020         0.38830 0.00010         0.05310 0.00030 0.000000 0.000000 0.000000      2019.1109
 LS10        -0.10070 0.00020         0.38600 0.00010         0.05150 0.00030 0.000000 0.000000 0.000000      2019.1137
 LS10        -0.09930 0.00020         0.38610 0.00010         0.05400 0.00030 0.000000 0.000000 0.000000      2019.1164
 LS10        -0.09980 0.00020         0.38520 0.00010         0.04850 0.00030 0.000000 0.000000 0.000000      2019.1192
 LS10        -0.09800 0.00020         0.38710 0.00010         0.05110 0.00030 0.000000 0.000000 0.000000      2019.1219
 LS10        -0.09800 0.00020         0.38620 0.00010         0.05170 0.00030 0.000000 0.000000 0.000000      2019.1246
 LS10        -0.10220 0.00020         0.38420 0.00010         0.05010 0.00030 0.000000 0.000000 0.000000      2019.1274
 LS10        -0.10180 0.00020         0.38660 0.00010         0.05410 0.00030 0.000000 0.000000 0.000000      2019.1301
 LS10        -0.10120 0.00030         0.38710 0.00020         0.06120 0.00040 0.000000 0.000000 0.000000      2019.1329
 LS10        -0.09960 0.00020         0.38630 0.00010         0.05310 0.00030 0.000000 0.000000 0.000000      2019.1356
 LS10        -0.10060 0.00020         0.38950 0.00010         0.04350 0.00030 0.000000 0.000000 0.000000      2019.1384
 LS10        -0.09940 0.00020         0.38740 0.00010         0.04800 0.00030 0.000000 0.000000 0.000000      2019.1411
 LS10        -0.09900 0.00020         0.38730 0.00010         0.05370 0.00030 0.000000 0.000000 0.000000      2019.1439
 LS10        -0.09814 0.00020         0.38632 0.00010         0.05076 0.00030 0.000000 0.000000 0.000000      2019.1465
 LS10        -0.09780 0.00020         0.38520 0.00010         0.04710 0.00030 0.000000 0.000000 0.000000      2019.1492
 LS10        -0.10310 0.00020         0.38630 0.00010         0.06080 0.00030 0.000000 0.000000 0.000000      2019.1520
 LS10        -0.10270 0.00020         0.38740 0.00010         0.06360 0.00030 0.000000 0.000000 0.000000      2019.1547
 LS10        -0.10280 0.00020         0.39010 0.00010         0.06440 0.00030 0.000000 0.000000 0.000000      2019.1575
 LS10        -0.10660 0.00020         0.38950 0.00010         0.07010 0.00030 0.000000 0.000000 0.000000      2019.1602
 LS10        -0.10080 0.00020         0.38400 0.00010         0.05550 0.00030 0.000000 0.000000 0.000000      2019.1630
 LS10        -0.09985 0.00020         0.38718 0.00010         0.05786 0.00030 0.000000 0.000000 0.000000      2019.1658
 LS10        -0.09980 0.00020         0.38890 0.00010         0.05960 0.00030 0.000000 0.000000 0.000000      2019.1685
 LS10        -0.10060 0.00020         0.38790 0.00010         0.05860 0.00030 0.000000 0.000000 0.000000      2019.1712
 LS10        -0.09960 0.00020         0.39050 0.00010         0.05240 0.00020 0.000000 0.000000 0.000000      2019.1739
 LS10        -0.09920 0.00020         0.38990 0.00010         0.05450 0.00020 0.000000 0.000000 0.000000      2019.1767
 LS10        -0.09890 0.00020         0.38820 0.00010         0.05090 0.00020 0.000000 0.000000 0.000000      2019.1794
 LS10        -0.10050 0.00020         0.38770 0.00010         0.05780 0.00030 0.000000 0.000000 0.000000      2019.1822
 LS10        -0.09981 0.00020         0.38864 0.00010         0.05567 0.00030 0.000000 0.000000 0.000000      2019.1849
 LS10        -0.09950 0.00020         0.38900 0.00010         0.05310 0.00030 0.000000 0.000000 0.000000      2019.1877
 LS10        -0.10041 0.00020         0.38900 0.00010         0.05618 0.00025 0.000000 0.000000 0.000000      2019.1905
 LS10        -0.10160 0.00020         0.38890 0.00010         0.05740 0.00020 0.000000 0.000000 0.000000      2019.1932
 LS10        -0.10200 0.00020         0.38710 0.00010         0.05310 0.00030 0.000000 0.000000 0.000000      2019.1959
 LS10        -0.09930 0.00020         0.38800 0.00010         0.05390 0.00030 0.000000 0.000000 0.000000      2019.1986
 LS10        -0.10030 0.00020         0.39060 0.00010         0.05530 0.00030 0.000000 0.000000 0.000000      2019.2014
 LS10        -0.09971 0.00020         0.39057 0.00010         0.05991 0.00030 0.000000 0.000000 0.000000      2019.2041
 LS10        -0.09849 0.00020         0.38849 0.00010         0.06433 0.00030 0.000000 0.000000 0.000000      2019.2069
 LS10        -0.09714 0.00020         0.38580 0.00010         0.06741 0.00030 0.000000 0.000000 0.000000      2019.2096
 LS10        -0.09670 0.00020         0.38490 0.00010         0.06640 0.00030 0.000000 0.000000 0.000000      2019.2123
 LS10        -0.09970 0.00020         0.38870 0.00010         0.06120 0.00030 0.000000 0.000000 0.000000      2019.2150
 LS10        -0.09680 0.00020         0.38750 0.00010         0.05860 0.00030 0.000000 0.000000 0.000000      2019.2178
 LS10        -0.09930 0.00020         0.38650 0.00010         0.05260 0.00030 0.000000 0.000000 0.000000      2019.2205
 LS10        -0.09930 0.00020         0.38800 0.00010         0.05110 0.00030 0.000000 0.000000 0.000000      2019.2232
 LS10        -0.10230 0.00020         0.38650 0.00010         0.05940 0.00030 0.000000 0.000000 0.000000      2019.2260
 LS10        -0.10153 0.00020         0.38762 0.00010         0.05990 0.00030 0.000000 0.000000 0.000000      2019.2288
 LS10        -0.10080 0.00020         0.38840 0.00010         0.06000 0.00030 0.000000 0.000000 0.000000      2019.2315
 LS10        -0.10110 0.00020         0.38660 0.00010         0.05170 0.00030 0.000000 0.000000 0.000000      2019.2342
 LS10        -0.09980 0.00020         0.38560 0.00010         0.06820 0.00030 0.000000 0.000000 0.000000      2019.2370
 LS10        -0.09850 0.00020         0.39060 0.00010         0.06170 0.00030 0.000000 0.000000 0.000000      2019.2397
