# YYYYMMDD	YYYY.DECM	N_filt(mm)	E_filt(mm)	U_filt(mm)	Azimuth(deg)
20130101	2013.0014	-0.4149392089	-1.212705495	-1.661793529	251.1111094
20130102	2013.0041	1.581410628	-1.298012396	-0.330410208	320.6210549
20130103	2013.0068	-0.09892217193	-0.4658210036	0.1135763674	258.0107259
20130104	2013.0096	-0.3480415196	-1.767105253	-3.285671197	258.8578801
20130105	2013.0123	0.3805005017	-2.091066972	0.616970549	280.3129759
20130106	2013.0151	0.3897322636	-2.359009669	-0.521789902	279.3811045
20130107	2013.0178	0.3550967298	-2.565490435	-1.960759382	277.8803997
20130108	2013.0205	0.2733584709	-2.988857513	-2.188173931	275.2256871
20130109	2013.0233	0.09321378029	-2.744681208	-2.350024645	271.9451091
20130110	2013.0260	0.3297975438	-2.504526799	-1.904399844	277.5015816
20130111	2013.0288	-0.3712805046	-2.723068043	-2.326374671	262.2358039
20130112	2013.0315	-1.492859519	-3.149908885	-2.396547097	244.6419786
20130113	2013.0342	-1.053862281	-1.38642058	-3.169783798	232.7603819
20130114	2013.0370	-1.143578272	-1.450911131	-2.944604991	231.7555492
20130115	2013.0397	0.1196046115	-1.074015745	-3.02243406	276.3543946
20130116	2013.0425	-0.1693019871	-1.96998965	-2.405370432	265.0880386
20130117	2013.0452	-0.4560249785	-1.969116659	-2.006195148	256.9608183
20130118	2013.0479	-0.7313126973	-0.9336434259	-1.538303013	231.9287896
20130119	2013.0507	-0.9857652342	-3.168670909	-2.098915535	252.7192187
20130120	2013.0534	-1.265613367	-2.313705171	-4.212670451	241.3210235
20130121	2013.0562	-1.365572834	-2.632872118	-2.208503748	242.5859097
20130122	2013.0589	-1.531992938	-2.359961155	-1.686430476	237.0099697
20130123	2013.0616	-0.8758363112	-2.075861455	-1.019966442	247.1244074
20130124	2013.0644	-1.123489296	-2.71231223	-0.2550915856	247.4997695
20130125	2013.0671	-0.9737142626	-1.640986335	-0.01896514217	239.3163207
20130126	2013.0699	-0.7575891352	-1.317515318	0.3730934848	240.1005155
20130127	2013.0726	-1.244701039	-1.144531713	-0.2898057877	222.5992626
20130128	2013.0753	-1.016470376	-0.9607757769	1.481523078	223.3865327
20130129	2013.0781	-0.537670998	-0.9173083477	1.74009542	239.6237321
20130130	2013.0808	-0.5177680095	-0.8362682803	2.07094723	238.2366506
20130131	2013.0836	0.1260142159	-0.7692818511	1.515832074	279.3028638
20130201	2013.0863	0.06846699586	-0.7029489069	1.20331897	275.563043
20130202	2013.0890	0.3251584423	-0.6269311241	0.1859606969	297.4135565
20130203	2013.0918	0.5591103525	-1.108996082	-1.393186182	296.7553683
20130204	2013.0945	0.1610609083	-0.7998132267	-1.828320513	281.3855621
20130205	2013.0973	0.9324667197	-0.7384531773	-3.640149869	321.6230593
20130206	2013.1000	1.058706754	-0.232907319	-1.995683768	347.5930031
20130207	2013.1027	1.135878597	-0.6650001659	-2.041691178	329.6531589
20130208	2013.1055	1.157881896	-0.295015407	-1.178817127	345.7058076
20130209	2013.1082	1.122615378	-0.3468803636	-0.3481601559	342.8292138
20130210	2013.1110	1.036995171	-0.44607619	-1.201353027	336.7244494
20130211	2013.1137	1.192056365	-0.5782167995	-1.004957433	334.1239119
20130212	2013.1164	0.858108785	-0.7266200081	-1.113358302	319.7431047
20130213	2013.1192	1.427467453	-2.123213872	-1.080130051	303.9135123
20130214	2013.1219	1.53583931	-2.495909747	-1.044815445	301.6057514
20130215	2013.1247	1.020513807	-2.432582645	-0.8249612626	292.7589583
20130216	2013.1274	0.4500774263	-2.624832296	-1.00113997	279.72983
20130217	2013.1301	1.03312627	-2.681740602	-0.9503325218	291.0689134
20130218	2013.1329	0.4366259873	-2.662507285	0.3869660564	279.3130707
20130219	2013.1356	0.1890647633	-2.574287052	-0.3266340514	274.2004635
20130220	2013.1384	0.1472371409	-2.406711486	-0.7824491083	273.5008624
20130221	2013.1411	-0.4265355443	-2.152566808	-0.8982173154	258.7919106
20130222	2013.1438	-0.3350476559	-1.807045999	-0.8778591501	259.4959698
20130223	2013.1466	0.416054693	-2.522726372	-0.6122295775	279.3650701
20130224	2013.1493	0.5978290166	-0.9598074188	-2.463642043	301.9172721
20130225	2013.1521	0.8060550766	0.6838183827	-2.522392544	40.30967208
20130226	2013.1548	1.035743449	1.082453845	-2.440678176	46.26327933
20130227	2013.1575	1.96511885	1.482255919	-2.228550779	37.02663294
20130228	2013.1603	0.5330541723	0.6461179985	-1.896062192	50.47700869
20130301	2013.1630	1.75817567	2.2158857	-1.448946385	51.5700567
20130302	2013.1658	1.834023322	2.181774285	-0.8386303294	49.94922392
20130303	2013.1685	2.063298671	2.173302115	-0.4212440398	46.48735213
20130304	2013.1712	2.024399761	2.01603273	0.4817300141	44.8813506
20130305	2013.1740	2.023210088	1.736565356	1.212529138	40.64021218
20130306	2013.1767	1.942670317	0.9012959349	1.313755838	24.88879819
20130307	2013.1795	1.77378164	0.9923411791	1.676302281	29.22480755
20130308	2013.1822	1.520913798	0.529497891	3.58404555	19.19528512
20130309	2013.1849	1.199064671	0.1149942487	3.038337784	5.478100004
20130310	2013.1877	0.8030263308	-0.2182222843	3.787214762	344.7970194
20130311	2013.1904	0.4871820552	-0.4712805587	4.953755129	315.9504858
20130312	2013.1932	0.1466667126	-0.62096208	4.762899493	283.2892945
20130313	2013.1959	-0.463470461	-0.6724994687	5.163210279	235.4263228
20130314	2013.1986	-1.076995252	-0.6346137857	5.418720953	210.5084948
20130315	2013.2014	-1.248029375	-0.5160260919	4.431531923	202.4637593
20130316	2013.2041	-1.784794008	-0.3254571905	4.648323458	190.3343397
20130317	2013.2068	-2.121945804	0.7266497832	4.800588354	161.0964872
20130318	2013.2096	-1.875065915	-0.9184856853	4.879165914	206.0975449
20130319	2013.2123	-1.193829793	-0.2511943658	4.874895438	191.8823057
20130320	2013.2151	-2.4994276	0.9618053566	2.811465065	158.9527635
20130321	2013.2178	-2.703019679	1.33353364	4.581167589	153.7405915
20130322	2013.2205	-2.301307933	1.673062472	4.273388818	143.9826593
20130323	2013.2233	-3.676254514	1.952353622	3.85064303	152.028507
20130324	2013.2260	-2.891906912	2.383175953	4.13276774	140.5085905
20130325	2013.2288	-2.867833104	1.656652105	2.720800013	149.986398
20130326	2013.2315	-2.755610468	0.9134064946	2.052681631	161.6611094
20130327	2013.2342	-2.602843112	1.23441167	1.3423694	154.6271138
20130328	2013.2370	-2.424349098	1.59325468	0.5179102268	146.6875373
20130329	2013.2397	-2.003164484	1.979232146	1.06058482	135.3443166
20130330	2013.2425	-2.273388119	2.381640686	0.2787823269	133.6678283
20130331	2013.2452	-1.919446218	3.752811435	-0.6561712664	117.0883302
20130401	2013.2479	-1.779890055	3.193765319	1.219948059	119.1309874
20130402	2013.2507	-1.64722809	1.864924358	-1.116326756	131.4531322
20130403	2013.2534	-1.516369169	2.493395079	-1.736388041	121.3060594
20130404	2013.2562	-1.388099081	2.761568523	-2.408287969	116.6863342
20130405	2013.2589	-1.254862774	3.538397048	-0.8699052953	109.5266235
20130406	2013.2616	-1.241053443	4.194023877	-4.126590928	106.4840103
20130407	2013.2644	-1.272743782	5.159731195	-4.301583443	103.8564571
20130408	2013.2671	-1.401868455	6.823174668	-4.954444001	101.6102478
20130409	2013.2699	-1.112596485	5.94297901	-3.758482405	100.603709
20130410	2013.2726	-3.001569733	4.653412185	-4.620395243	122.8230497
20130411	2013.2753	-2.491029993	6.579818504	-5.792109993	110.7359857
20130412	2013.2781	-2.783287258	6.635934449	-5.702997362	112.7544717
20130413	2013.2808	-2.73805966	6.472875171	-5.430825258	112.9286133
20130414	2013.2836	-3.232701182	6.066265731	-5.002665704	118.0530666
20130415	2013.2863	-3.466656094	5.407454342	-4.071577426	122.66346
20130416	2013.2890	-3.545275185	4.523734335	-3.84343349	128.085992
20130417	2013.2918	-2.190927601	3.462026722	-3.052982559	122.327485
20130418	2013.2945	-1.942770607	1.432798402	-2.350321985	143.5911284
20130419	2013.2973	-1.645997124	0.7903214347	-1.599955783	154.3521251
20130420	2013.3000	-1.307870766	0	-0.6857616429	180
20130421	2013.3027	-0.4364276076	-0.9021308633	0.04351644607	244.1835022
20130422	2013.3055	-0.4218082156	-2.771193173	-0.08780984592	261.3453383
20130423	2013.3082	-0.8888155749	-3.853747062	1.165511508	257.0125919
20130424	2013.3110	0.8094778029	-5.680232072	1.506584185	278.1104901
20130425	2013.3137	1.594689308	-4.632581906	1.240663368	288.9951728
20130426	2013.3164	2.16395358	-6.741029538	1.453061024	287.7972705
20130427	2013.3192	2.616487049	-7.40157541	0.7607876235	289.4687088
20130428	2013.3219	2.955910326	-6.792491244	1.44369981	293.5173856
20130429	2013.3247	3.18584402	-6.266335812	-0.5717614359	296.9490663
20130430	2013.3274	3.311192397	-6.06070516	-0.7244614574	298.6494484
20130501	2013.3301	3.341994339	-5.090751219	-0.947323075	303.2842395
20130502	2013.3329	3.289572381	-4.836118676	-1.705762226	304.2238974
20130503	2013.3356	3.164565148	-4.035701282	-2.550834462	308.1015046
20130504	2013.3384	2.922133796	-4.384269698	-2.6966627	303.6836192
20130505	2013.3411	2.968102571	-2.771196493	-3.3479971	316.9649549
20130506	2013.3438	2.48774423	-2.605500804	-3.75181807	313.6755491
20130507	2013.3466	2.173173024	-1.843076967	-4.052110201	319.6985858
20130508	2013.3493	2.002787085	-1.702962896	-4.232361419	319.6256016
20130509	2013.3521	1.819288914	-1.492237152	-4.288779609	320.6403345
20130510	2013.3548	1.875252524	-1.440913376	-4.230628279	322.4619136
20130511	2013.3575	1.778293205	-1.051957584	-4.07016402	329.3933665
20130512	2013.3603	1.737637082	-1.006841959	-4.312308739	329.9106389
20130513	2013.3630	1.7189021	-0.9586741669	-3.571959238	330.8505123
20130514	2013.3658	2.362862529	-1.530729983	-3.098422712	327.0636784
20130515	2013.3685	1.492046878	-0.6116795394	-2.652235783	337.7083328
20130516	2013.3712	1.885506731	-0.684669943	-2.165500448	340.0429008
20130517	2013.3740	2.053100401	-0.5074908568	-1.539167798	346.1157822
20130518	2013.3767	1.983843586	-0.350129329	-1.329625638	349.9909199
20130519	2013.3795	1.928170765	-0.1879794803	-0.5134204161	354.4317683
20130520	2013.3822	2.623877251	-0.0267568958	0.08071531669	359.4157486
20130521	2013.3849	2.465648641	0.1278303943	0.6725983238	2.967815628
20130522	2013.3877	2.059533772	0.2710333266	1.665347992	7.4970073
20130523	2013.3904	2.054674938	0.2612368297	3.241029336	7.245860776
20130524	2013.3932	1.811214586	0.5695105613	2.281472581	17.45501012
20130525	2013.3959	1.446739984	0.6267353584	0.5550195174	23.42251413
20130526	2013.3986	1.289176643	-0.003976377104	1.274118544	359.8232757
20130527	2013.4014	1.030477208	-0.332368783	2.877773077	342.12348
20130528	2013.4041	0.341474702	-0.3836113875	1.852935629	311.6741301
20130529	2013.4068	0.601189208	-0.4502696971	1.808045886	323.1680726
20130530	2013.4096	0.4548366023	-0.4480095221	1.989361537	315.4332471
20130531	2013.4124	0.3682926766	1.020489199	2.066205879	70.15557993
20130601	2013.4151	0.3352538581	1.054381946	2.109936408	72.36129032
20130602	2013.4178	0.3439217312	1.06975376	2.617754916	72.17760098
20130603	2013.4205	0.3821017118	1.057626291	2.116231704	70.13610665
20130604	2013.4233	0.4375992158	0.757872621	2.087884309	59.99766093
20130605	2013.4260	0.4982196589	0.9286086968	1.436277973	61.78543137
20130606	2013.4288	0.3218929975	0.765925298	1.071484973	67.2045997
20130607	2013.4315	1.052424792	-0.01164349324	0.7580683362	359.3661345
20130608	2013.4342	0.6806827697	0.1717678598	-0.7679902404	14.16270515
20130609	2013.4370	0.58182314	0.4513283419	-1.319666075	37.80123291
20130610	2013.4397	0.6591732049	-0.05031337819	-1.32581048	355.6351905
20130611	2013.4425	0.6126644969	1.107867188	-1.247399207	61.05685403
20130612	2013.4452	0.5012690315	1.190490707	-0.9767658874	67.16594576
20130613	2013.4479	0.4315260701	1.209410042	-0.5754987073	70.36323986
20130614	2013.4507	0.3513900145	1.150544596	-1.61122072	73.01670487
20130615	2013.4534	0.2999475469	1.028037399	4.97686268	73.73448927
20130616	2013.4562	0.1392726163	0.8631827844	0.8526454433	80.83444501
20130617	2013.4589	0.01255052354	0.6772750883	1.865343699	88.93837859
20130618	2013.4616	-0.1258584065	0.2546975505	2.126700893	116.2962098
20130619	2013.4644	-0.2743876047	0.456873005	-1.79760001	120.9880761
20130620	2013.4671	-0.4308760478	0.206372528	5.317843195	154.4074286
20130621	2013.4699	-0.5920255167	0.1458218294	4.00492162	166.1629113
20130622	2013.4726	-0.8546888331	0.1895846709	4.334568048	167.493309
20130623	2013.4753	-0.9338274344	-0.06491792571	4.448190195	183.9766968
20130624	2013.4781	-1.146640282	0.2960195326	4.298445378	165.524442
20130625	2013.4808	-1.677653741	0.3924863602	3.887160529	166.8324979
20130626	2013.4836	-2.014905829	0.6808389438	3.249696562	161.3298312
20130627	2013.4863	-2.411155752	0.8181180641	2.433990006	161.2576503
20130628	2013.4890	-1.995091883	1.047325342	1.19946435	152.3027312
20130629	2013.4918	-2.332838681	1.295595012	0.5886513137	150.9534006
20130630	2013.4945	-1.841325562	1.553238221	-0.6675769045	139.8509122
20130701	2013.4973	-2.598518308	1.808341526	-1.153868996	145.1654584
20130702	2013.5000	-1.074181427	2.122826556	-3.198038183	116.8400806
20130703	2013.5027	-3.78714177	2.053172389	-3.468736119	151.5359749
20130704	2013.5055	-5.061369062	-0.1666586775	-4.130355512	181.8859305
20130705	2013.5082	-3.187199485	3.132834319	-1.779722042	135.4928483
20130706	2013.5110	-3.276120727	3.503250368	-4.577438949	133.0811341
20130707	2013.5137	-3.303123747	3.721238651	-4.314240623	131.5935717
20130708	2013.5164	-5.506651466	3.773855531	-3.713613643	145.5761164
20130709	2013.5192	-1.5129528	3.652663144	-2.520774021	112.4996008
20130710	2013.5219	-1.310472517	0.8087259667	-1.392559582	148.3202078
20130711	2013.5247	-5.536818209	1.427491275	-0.3875211191	165.5429503
20130712	2013.5274	-3.124242404	1.804345237	0.9511998005	149.9922563
20130713	2013.5301	-3.090139226	1.63336453	1.51220969	152.1402736
20130714	2013.5329	-3.081509362	0.8226082594	1.979363937	165.0534394
20130715	2013.5356	-3.105658122	0.09032196663	2.311961056	178.3341344
20130716	2013.5383	-3.156214399	-0.9644906734	2.46929956	196.9923479
20130717	2013.5411	-3.223381891	-1.445749838	2.419696343	204.1571676
20130718	2013.5438	-2.343734024	-1.866579751	2.171271583	218.5342644
20130719	2013.5466	-2.421717845	-2.205597008	1.75608292	222.3259179
20130720	2013.5493	-2.525751197	-2.441398183	1.209917766	224.0270864
20130721	2013.5521	-2.375656663	-2.552554474	0.5685635316	227.0557456
20130722	2013.5548	-2.548575202	-2.525556973	1.171269505	224.7400859
20130723	2013.5576	-2.525108256	-2.378679166	0.9983367118	223.2896329
20130724	2013.5603	-2.457785996	-2.138093178	-1.568759534	221.0208721
20130725	2013.5631	-2.345115096	-1.521077301	-2.237909182	212.968055
20130726	2013.5658	-2.186588832	-1.500381626	-2.85277315	214.4569229
20130727	2013.5685	-1.981700483	-1.115677668	-4.647762692	209.3790785
20130728	2013.5712	-1.702119968	-2.024689232	-3.702313519	229.9468353
20130729	2013.5740	-1.519130005	2.246414546	-5.990775162	124.0683864
20130730	2013.5767	-1.085787218	0.9203865476	-3.408155982	139.7131387
20130731	2013.5795	-0.7043240101	1.220879858	-4.010538252	119.9805917
20130801	2013.5822	-0.2893526648	0.8946940803	-2.657374586	107.9217059
20130802	2013.5849	0.1186060877	1.590852764	-2.349973631	85.73619937
20130803	2013.5877	0.4979473393	0.2064967126	-3.01415337	22.52358397
20130804	2013.5904	1.025065436	-0.565846022	-1.994471808	331.1008782
20130805	2013.5932	1.255871988	-1.22831446	-2.006872685	315.6355664
20130806	2013.5959	0.5267658936	0.4280924817	-2.089924535	39.10009514
20130807	2013.5986	1.991084353	-0.6806648566	-0.7917234058	341.1266803
20130808	2013.6014	2.317857517	-1.246714775	-1.370538416	331.7253575
20130809	2013.6041	2.623335669	-0.4576587186	-1.892673344	350.1039561
20130810	2013.6068	3.836740624	0.4882528669	-3.399818168	7.252319115
20130811	2013.6096	3.079736287	0.3890845367	-1.847292805	7.200427871
20130812	2013.6123	3.195009979	0.3073978303	-1.261991247	5.495617638
20130813	2013.6151	3.21311383	0.2510193404	-0.6884203839	4.467067296
20130814	2013.6178	2.261403887	0.2276642024	-0.1418782645	5.74881624
20130815	2013.6205	0.5698118863	0.2450495401	0.3630701643	23.270287
20130816	2013.6233	3.309688743	0.3108924352	0.816530432	5.366277716
20130817	2013.6260	-0.3198811262	0.4329079918	-1.228481233	126.4611584
20130818	2013.6288	0.6846601519	0.6135857126	1.391731045	41.86638381
20130819	2013.6315	2.935167087	1.037733921	2.228844935	19.47114508
20130820	2013.6342	-0.001990184902	0.9149822051	0.4482322236	90.1246243
20130821	2013.6370	-2.852653805	1.264653088	1.706896824	156.0910873
20130822	2013.6397	-2.305089016	0.6332551387	5.445377628	164.6386396
20130823	2013.6425	-1.08874599	0.4807415567	4.530146753	156.1758903
20130824	2013.6452	-1.293532422	1.417601088	4.981048047	132.3798211
20130825	2013.6479	-1.377483961	1.250632621	6.031447917	137.7633516
20130826	2013.6507	-1.324433362	1.14357742	5.295964207	139.1911459
20130827	2013.6534	-1.172550834	0.6773169523	5.0705186	149.9873795
20130828	2013.6562	-1.95050677	0.2947542367	4.774307291	171.4066678
20130829	2013.6589	-0.3779633074	-2.724209973	4.111651538	262.1010743
20130830	2013.6616	-0.3419021743	-0.5072180449	3.867844838	236.0171396
20130831	2013.6644	0.19365775	-0.9357901137	1.231153798	281.6920701
20130901	2013.6671	0.9983499846	-1.284616918	4.029770871	307.852842
20130902	2013.6699	1.539936747	-1.565520499	0.7705628429	314.5279897
20130903	2013.6726	1.444225564	-1.756456378	0.522669135	309.428349
20130904	2013.6753	1.476440183	-1.838969148	-2.108828296	308.7596897
20130905	2013.6781	1.383495616	-1.811503376	-4.264373396	307.369981
20130906	2013.6808	1.165252519	-1.686265717	-2.393785224	304.6454598
20130907	2013.6836	0.6531252959	-1.478003976	1.666979897	293.8404842
20130908	2013.6863	0.4430112679	-1.203446318	-2.884732066	290.2096121
20130909	2013.6890	0.1965647045	-0.7930706649	-3.097411534	283.9203909
20130910	2013.6918	-0.4102783403	-0.3247647356	-3.103861144	218.3641414
20130911	2013.6945	-0.03747073831	-0.122894608	-2.911582609	253.0434627
20130912	2013.6973	-0.1382139143	0.2254332151	-2.531753419	121.5126113
20130913	2013.7000	-0.8675156396	0.6378727946	-1.988629993	143.6734464
20130914	2013.7027	0.3077875758	0.9469276088	-1.460391441	71.99386263
20130915	2013.7055	-1.289376413	1.181907912	-0.4747204428	137.4900471
20130916	2013.7082	-1.453499099	1.330225901	0.4560899521	137.5356034
20130917	2013.7110	-1.579201139	1.398774038	0.9144773885	138.4671511
20130918	2013.7137	-1.660904124	1.399199095	0.7769288417	139.8881347
20130919	2013.7164	-1.707859721	3.128702574	1.150307181	118.6287294
20130920	2013.7192	-1.604059616	1.414978894	1.38309814	138.5837224
20130921	2013.7219	-1.588239804	1.29736962	1.607031045	140.7559872
20130922	2013.7246	-1.454235258	1.128112711	2.49326899	142.1977316
20130923	2013.7274	-1.16765401	0.9217848727	2.004454201	141.7112648
20130924	2013.7301	-1.237986225	0.6929628103	2.16522487	150.7620784
20130925	2013.7328	-0.02829304032	0.7805622838	2.292101494	92.07589125
20130926	2013.7356	0.1418321663	0.5789357237	2.378619942	76.23436089
20130927	2013.7384	0.2730823926	-0.02252505659	3.555292166	355.2846625
20130928	2013.7411	0.3537712485	-0.2575510091	2.404721189	323.9447954
20130929	2013.7438	0.3880640294	-0.3752499856	1.875263184	315.9617558
20130930	2013.7465	-0.5277162099	-0.6546398785	1.235854856	231.1271289
20131001	2013.7493	-0.5677316815	0.9367742856	-0.08830012479	121.2179416
20131002	2013.7521	-0.6304458633	-0.9985673295	0.6717835752	237.7337183
20131003	2013.7548	-0.7079086043	-1.034889269	1.249953624	235.6261995
20131004	2013.7575	-0.7691101293	-1.014921201	1.549840182	232.8450491
20131005	2013.7603	-0.9148486939	-0.9143417942	-0.179285143	224.9841224
20131006	2013.7630	-0.957809142	-0.8151175372	1.87671519	220.3985451
20131007	2013.7658	-1.026497617	-0.6188800531	0.8575191528	211.085965
20131008	2013.7685	-1.077815318	-0.3929299228	2.7704223	200.0299063
20131009	2013.7712	-1.105750362	0.007929888838	1.346306765	179.5891104
20131010	2013.7740	-0.5555654212	0.0509561261	1.326112949	174.7595278
20131011	2013.7767	-0.05158303886	0.5046526776	1.241670303	95.83621511
20131012	2013.7795	-1.004395513	0.6305103532	-1.426384734	147.881409
20131013	2013.7822	-0.9144219103	-0.5968155202	3.229044652	213.1312692
20131014	2013.7850	-0.8046766053	-0.05664629504	0.6715522001	184.0267707
20131015	2013.7877	-0.680338182	0.1133195142	0.3484854185	170.5434287
20131016	2013.7904	-0.5465852242	0.1535588869	0.03561453658	164.3077033
20131017	2013.7932	-0.3483644265	0.07316158603	-0.667781704	168.1394244
20131018	2013.7959	-0.4324528318	0.06716157922	-0.5316441008	171.1722683
20131019	2013.7986	-0.09917986548	0.9679686358	-0.5664461614	95.85021636
20131020	2013.8014	0.6972713985	0.725123061	0.6276865339	46.1217555
20131021	2013.8041	0.07946464578	0.5146633142	-1.360327553	81.22277247
20131022	2013.8068	0.15904512	1.014989992	-1.322374649	81.09438396
20131023	2013.8096	0.2816105893	0.002453502151	-1.530047822	0.4991707236
20131024	2013.8123	0.2291053523	-0.1957900038	-1.587661507	319.4832956
20131025	2013.8151	0.2246789066	-0.3673230031	-1.595353398	301.4526982
20131026	2013.8178	0.1952800407	-0.5000321599	-1.560095507	291.3323833
20131027	2013.8205	0.1509788697	-0.5817999893	0.574092521	284.5475426
20131028	2013.8233	0.09881073185	-0.6045629084	0.0171607021	279.2824404
20131029	2013.8260	-0.08411435971	-0.5764912294	-1.286865037	261.6986975
20131030	2013.8288	0.01096579155	-0.5098073228	-1.170041788	271.2322238
20131031	2013.8315	-0.03454209958	-0.4167222336	-1.054130927	265.2615861
20131101	2013.8342	0.4899602567	-0.2183243425	-0.05484428959	335.9824373
20131102	2013.8370	-0.04705672317	-0.2979666118	-0.188515549	261.0256167
20131103	2013.8397	-0.02669097841	-0.07633557223	-0.3144757764	250.7276565
20131104	2013.8425	0.1243763474	-0.02576535253	-0.3113245336	348.2963562
20131105	2013.8452	0.3920035342	-0.147935351	-1.037362715	339.3243612
20131106	2013.8479	-0.06986887128	0.04117104747	-0.4331354761	149.4907853
20131107	2013.8507	0.254146574	-0.609867166	-0.6726678464	292.6226871
20131108	2013.8534	0.3794107548	-0.6482582375	-0.7157420308	300.3394648
20131109	2013.8562	0.5287396279	-0.3614918181	-0.9651136779	325.6401351
20131110	2013.8589	0.7025391288	-0.6869922019	-0.7276584805	315.6410335
20131111	2013.8616	0.8974420227	-0.6830134016	-0.7600901734	322.7264386
20131112	2013.8644	1.229152232	-0.6605788062	-0.7348578668	331.7452441
20131113	2013.8671	1.270469881	-0.6175189527	-1.251852872	334.0776729
20131114	2013.8699	1.494243545	-0.5518652148	-0.5374307626	339.729426
20131115	2013.8726	1.655614783	-0.5712490511	0.3204068353	340.9636498
20131116	2013.8753	1.777375742	-0.349692058	0.4112854473	348.8694337
20131117	2013.8781	1.846984591	-0.2180721667	0.4801447571	353.2663023
20131118	2013.8808	1.851902735	-0.02164819405	0.5358574718	359.3302598
20131119	2013.8836	1.783741588	0.1007979935	0.5750214734	3.234304776
20131120	2013.8863	1.65053329	0.1691854339	0.5942346439	5.852577259
20131121	2013.8890	1.464412141	0.2822746817	0.5908185593	10.91031224
20131122	2013.8918	1.237512438	0.7118957936	0.5640123388	29.91024866
20131123	2013.8945	1.623326577	0.9062627814	0.5098698672	29.17353472
20131124	2013.8973	0.6610888934	2.232839066	0.4234677975	73.50727019
20131125	2013.9000	0.6242301733	-1.142605288	0.2998827825	298.6487417
20131126	2013.9027	0.1648140475	0.3664597703	0.01906232663	65.7843281
20131127	2013.9055	-1.23262894	0.9091198746	0.2369771814	143.5895385
20131128	2013.9082	-0.3011146192	0.9133507179	0.479721504	108.2464196
20131129	2013.9110	-0.477742654	0.8794951082	0.7478829342	118.5108552
20131130	2013.9137	-0.5506219274	0.9146316849	1.041847331	121.0485685
20131201	2013.9164	-0.7009581833	0.8392637936	1.35922196	129.8688361
20131202	2013.9192	-0.7490510282	2.200419902	1.719997675	108.7992298
20131203	2013.9219	-0.7561739117	1.533249974	1.64594273	116.2517644
20131204	2013.9247	-0.7233568229	-0.4138939756	2.311166438	209.7775456
20131205	2013.9274	-0.6516297504	0.6988419727	2.567302746	132.9977664
20131206	2013.9301	-0.5429002331	0.6668421887	2.761828001	129.1502758
20131207	2013.9329	-0.4028140417	0.6825416803	2.876137177	120.547731
20131208	2013.9356	0.007926173744	0.645273895	2.89162525	89.29624696
20131209	2013.9384	0.7825454191	0.6378773628	3.383080025	39.18455849
20131210	2013.9411	-0.8207977418	0.6736280747	1.936416239	140.6243002
20131211	2013.9438	0.158137362	0.612238555	2.144380546	75.51739518
20131212	2013.9466	0.2261063737	0.6405999688	1.743477021	70.55898954
20131213	2013.9493	0.2506296309	0.6412396416	1.210862504	68.65187011
20131214	2013.9521	0.2364291245	0.6366746385	0.6269967581	69.62752113
20131215	2013.9548	0.1888673581	0.6240075115	-0.2929131911	73.16059446
20131216	2013.9575	-1.067848352	0.6003451875	-0.532518495	150.655271
20131217	2013.9603	-0.02586148974	0.5627959165	-1.152910517	92.63099384
20131218	2013.9630	-0.1003604622	0.5084684288	-1.726443412	101.1654063
20131219	2013.9658	-0.2260415256	0.05380338394	-2.422897449	166.6113468
20131220	2013.9685	-0.4071611494	-0.1938888796	-2.434136399	205.4636454
20131221	2013.9712	-0.4021480812	-0.1406755598	-2.788737181	199.2803652
20131222	2013.9740	-0.5845088399	-0.08846898765	-2.89064415	188.6067404
20131223	2013.9767	-0.6920967095	-0.0251878441	-2.835015934	182.0842759
20131224	2013.9795	-1.072943194	0.1337832706	-2.602988707	172.8925788
20131225	2013.9822	-0.8835188288	2.163271441	-2.186589592	112.2159846
20131226	2013.9849	-0.9633472157	0.02463775823	-1.538562305	178.5349707
20131227	2013.9877	-1.022053939	-0.05514681729	-1.12114819	183.0885052
20131228	2013.9904	-1.054678028	-0.1496891412	-0.7717382642	188.0779668
20131229	2013.9932	-1.057900674	-0.2548701977	0.3138925849	193.5456034
20131230	2013.9959	-1.896674877	1.56945506	0.5658342076	140.3930216
20131231	2013.9986	-0.002271856006	-2.04345541	0.6026183719	269.9363002
20140101	2014.0014	-0.8574721902	-2.356967585	1.747430401	250.0084547
20140102	2014.0041	-0.7117504467	-0.6938207591	2.025093589	224.2691657
20140103	2014.0068	-0.5349047544	-1.703077555	1.244789825	252.5634732
20140104	2014.0096	-0.3165879135	-0.8554982749	1.032511944	249.6923717
20140105	2014.0123	-0.3145730363	-0.914354473	0.7267286057	251.0148164
20140106	2014.0151	0.03494086157	-0.9504530316	0.3468706367	272.1053779
20140107	2014.0178	-0.3622163076	-0.971264774	-2.532127634	249.5478742
20140108	2014.0205	0.1685602903	-0.9799128358	-1.251474499	279.7602492
20140109	2014.0233	0.5201622576	-0.9795203526	-0.8964990671	297.969988
20140110	2014.0260	0.26048307	-1.07031299	-1.324708868	283.6782143
20140111	2014.0288	0.3643470702	-1.01778822	0.006377245171	289.6963139
20140112	2014.0315	0.2961334947	-0.9553309887	-1.855456388	287.2223905
20140113	2014.0342	-0.07266208239	-0.9493911767	-1.884973934	265.623374
20140114	2014.0370	0.02333655516	-0.4994545601	-1.797154606	272.675147
20140115	2014.0397	-0.04826802509	-0.8183443382	-1.580557748	266.6244604
20140116	2014.0425	-0.03537197576	-1.142199031	-1.264247788	268.2262133
20140117	2014.0452	-0.7933285944	-0.9549549727	-0.8776997851	230.2819014
20140118	2014.0479	-0.8164087884	-0.9636613837	1.594234039	229.7289068
20140119	2014.0507	-0.9811628275	-1.640617125	-2.090056034	239.1186782
20140120	2014.0534	-1.028049479	-0.6030194023	0.4154326473	210.3944586
20140121	2014.0562	-1.538306184	-1.013317378	0.5561331852	213.3738079
20140122	2014.0589	-1.529908612	-0.5399037852	1.124481707	199.4379048
20140123	2014.0616	-1.447413193	-0.4856613034	1.514247335	198.5485305
20140124	2014.0644	-0.7415141347	-0.5500065072	1.676288009	216.5655977
20140125	2014.0671	-0.463180049	-0.5635789216	1.918857903	230.58476
20140126	2014.0699	-0.2640197153	-0.6848200221	0.4404885202	248.9167758
20140127	2014.0726	-0.1145422947	-0.7127112927	2.298284724	260.8698699
20140128	2014.0753	0.005876265638	-0.8456910804	2.224096018	270.398112
20140129	2014.0781	0.1078632843	-1.15281164	2.581010597	275.3453403
20140130	2014.0808	0.2933153434	-1.11229174	2.665586571	284.7728008
20140131	2014.0835	0.2550294476	-1.224290157	2.698476123	281.7668984
20140201	2014.0863	0.3672064904	-2.247980442	2.669487622	279.2773007
20140202	2014.0890	0.4664254767	-2.665073453	2.568429435	279.9270303
20140203	2014.0918	0.4198110668	-1.871936447	2.38510993	282.6403301
20140204	2014.0945	0.6245482874	-1.923511177	2.109337475	287.9881881
20140205	2014.0973	0.8192795814	-1.862819711	1.73696148	293.740189
20140206	2014.1000	0.6487494338	-1.677849147	1.287995526	291.1392633
20140207	2014.1027	1.156904924	-1.302102687	0.5116604173	311.6207625
20140208	2014.1055	1.260388752	-0.9864340257	-2.163333626	321.9517501
20140209	2014.1082	1.432877938	-1.29163008	-0.2407178702	317.9677531
20140210	2014.1110	1.369053603	-0.5006420917	-0.7810775899	339.9133021
20140211	2014.1137	1.463264937	0.3469745981	-0.2476417377	13.33980019
20140212	2014.1164	1.462912985	1.559473806	0.208265496	46.82989361
20140213	2014.1192	1.432944282	2.340319335	-3.758971167	58.52145636
20140214	2014.1219	1.374173645	2.886561042	-1.35895079	64.54279129
20140215	2014.1247	1.234579467	3.456735441	-1.190347774	70.34571884
20140216	2014.1274	1.293248094	2.669246007	-0.9613313421	64.14983953
20140217	2014.1301	0.6094767792	0.6705528219	-0.6277368641	47.73177075
20140218	2014.1329	0.9170344107	2.60336499	-0.6042328805	70.59520543
20140219	2014.1356	0.7921891984	2.422942004	-0.1224152395	71.89466581
20140220	2014.1384	0.6852140977	2.170360588	-0.1227292176	72.4783429
20140221	2014.1411	0.6072377968	2.002030735	-0.1951123623	73.12687612
20140222	2014.1438	-1.155474908	1.680074914	0.6692256142	124.5183269
20140223	2014.1466	0.5763689626	1.13074892	1.108924247	62.99100551
20140224	2014.1493	0.6197224873	0.8858198175	1.321209388	55.02323631
20140225	2014.1521	0.6859240078	1.044311781	1.475068696	56.70232323
20140226	2014.1548	0.852844283	-1.873071191	1.568293315	294.4806601
20140227	2014.1575	0.7172319575	0.01746291219	1.599788458	1.394741986
20140228	2014.1602	0.8897537413	-0.573511561	1.568459338	327.19525
20140301	2014.1630	0.873843384	-0.3268342998	6.426304056	339.4932326
20140302	2014.1658	1.514778064	-0.8783305966	-2.706194685	329.8930794
20140303	2014.1685	1.247264764	-0.9751795028	1.086580241	321.9797678
20140304	2014.1712	1.032792958	0.7396090001	0.7544050505	35.60740319
20140305	2014.1740	0.769498479	-0.3370172694	0.5362973247	336.3480222
20140306	2014.1767	0.4357579016	1.279536678	-0.008006936677	71.19325533
20140307	2014.1795	0.2383923537	1.000941421	-0.1415618685	76.60354958
20140308	2014.1822	0.01717800646	0.6782233283	-0.7648589175	88.54912556
20140309	2014.1849	-0.06998036023	-1.508469819	-0.929640928	267.3438603
20140310	2014.1877	-0.6342193883	-1.384087271	-1.276040191	245.3817018
20140311	2014.1904	-0.6997811725	-2.328078289	-1.551689331	253.2701059
20140312	2014.1932	-1.007199292	-1.971278285	-1.772056925	242.9358235
20140313	2014.1959	-0.78731834	-2.120243124	-1.919031289	249.628327
20140314	2014.1986	-0.8073036459	-2.064769883	-2.106664936	248.6450162
20140315	2014.2014	-0.8100982568	-1.755913577	-1.231639274	245.2335593
20140316	2014.2041	-0.7946969922	-1.843732946	-1.317270858	246.6826974
20140317	2014.2068	-1.50123789	-2.136012034	-1.381755274	234.8995783
20140318	2014.2096	-1.46087043	-2.390984423	-2.295731403	238.5754371
20140319	2014.2123	0.1378359188	-3.082103795	1.005213042	272.5606398
20140320	2014.2151	-0.8261498701	-2.280514926	-4.541669772	250.0863402
20140321	2014.2178	-1.51230979	-2.110005397	-2.193426045	234.3695945
20140322	2014.2205	-0.3794360537	-1.446860067	-1.311822365	255.3052086
20140323	2014.2233	-0.007778685115	-1.506225679	-1.199273006	269.7041068
20140324	2014.2260	-0.4845308968	-1.531231869	-5.354401234	252.4409575
20140325	2014.2288	0.5672952048	-1.514868146	1.750251057	290.530165
20140326	2014.2315	1.864021691	-1.552319074	-1.515089213	320.2131609
20140327	2014.2342	0.9270964256	-1.261497078	-1.573285775	306.3128217
20140328	2014.2370	1.03856028	-0.9369859532	-1.597742314	317.9433176
20140329	2014.2397	1.26317284	-1.086676889	-1.584684029	319.29539
20140330	2014.2425	1.336371154	-0.1164483509	-1.539854179	355.0199548
20140331	2014.2452	1.316320085	-1.170347162	1.458243427	318.3595349
20140401	2014.2479	1.245750386	-1.159151533	-1.253589341	317.0622903
20140402	2014.2507	1.039124472	-1.100340011	-1.341475386	313.3610687
20140403	2014.2535	0.7519366473	-0.9884810543	-1.217847619	307.2602155
20140404	2014.2562	0.7048971999	-2.018977617	-1.760194028	289.2459188
20140405	2014.2589	0.313913486	-0.6478996424	-1.854013984	295.8506258
20140406	2014.2616	0.1351098438	-0.2550048201	-1.898332875	297.9160972
20140407	2014.2644	-0.03503050532	-0.4232548881	-2.367366084	265.2687233
20140408	2014.2671	-0.1881755872	0.02262183031	-1.935232774	173.1449925
20140409	2014.2699	-0.3159934278	0.1255778134	-2.153036269	158.32681
20140410	2014.2726	-0.8455622913	0.262221412	-1.760247394	162.7705612
20140411	2014.2753	-0.4638165277	0.364932211	-1.693316775	141.8042271
20140412	2014.2781	-0.4769130074	0.5255269182	-1.515399447	132.2235828
20140413	2014.2808	-0.4539576386	1.263392913	-1.641318863	109.7641889
20140414	2014.2836	-0.4044109639	0.5069666607	-1.539133666	128.5796169
20140415	2014.2863	-0.2632864824	0.4177436278	-1.507225065	122.2215302
20140416	2014.2890	-0.05193827445	0.7932286348	-1.586463838	93.74621134
20140417	2014.2918	0.5349844792	0.9266770989	-1.46207223	60.00152071
20140418	2014.2945	0.5738037123	1.021284703	-4.506379713	60.67076256
20140419	2014.2973	0.6102050314	0.959825562	-1.493871939	57.55401245
20140420	2014.3000	0.8265257398	1.093540344	-1.521766033	52.9170799
20140421	2014.3027	1.744437941	0.8694179557	-1.535080461	26.49140482
20140422	2014.3055	1.095883099	0.9672209419	2.010721431	41.43146256
20140423	2014.3082	1.166961579	0.8363394468	-1.393112408	35.62845814
20140424	2014.3110	1.155471611	0.6657916053	-1.710780495	29.95087616
20140425	2014.3137	1.098854244	0.3870110616	-1.762699162	19.40201309
20140426	2014.3164	0.9950851399	0.3121353797	-1.964771813	17.41544447
20140427	2014.3192	0.7999061724	0.3644313971	-0.06465178291	24.49366253
20140428	2014.3219	0.8112852381	0.3957841962	-2.279754868	26.0053596
20140429	2014.3247	0.5021826022	0.4365214076	-2.49230129	40.99874779
20140430	2014.3274	0.3103361512	0.4869461825	-3.682810203	57.49019036
20140501	2014.3301	0.1201345682	0.5467973016	-1.209146226	77.60865773
20140502	2014.3329	-0.03419863915	0.6135476922	-2.785999157	93.19031798
20140503	2014.3356	-0.2523020502	0.2322057889	-2.216022262	137.3751346
20140504	2014.3383	-0.3215510324	0.4615413347	-2.064916134	124.8645242
20140505	2014.3411	-0.5100631711	0.8242829675	-1.878759796	121.7490648
20140506	2014.3439	-0.5359904787	0.5229345792	-1.662406284	135.7063862
20140507	2014.3466	-0.6797987661	1.104489756	-1.348807268	121.6117449
20140508	2014.3493	-0.2053002183	1.773295707	0.6158455244	96.6039186
20140509	2014.3521	-0.5710706306	0.7742085014	0.7021974104	126.4131776
20140510	2014.3548	-0.4198783859	2.075266302	0.674151021	101.4379676
20140511	2014.3575	-0.593719495	1.957579935	-1.390884727	106.872162
20140512	2014.3603	-0.3777195322	1.812859019	0.5781068957	101.7695178
20140513	2014.3630	-1.833269258	1.511096722	1.223138935	140.5024905
20140514	2014.3658	-1.005790542	1.396114935	-1.668786573	125.7697709
20140515	2014.3685	-1.081429447	1.102235217	0.5068136574	134.4541072
20140516	2014.3713	-1.113885733	0.7967555025	0.598836024	144.4240965
20140517	2014.3740	-1.098516396	0.2275936936	0.625004671	168.2949046
20140518	2014.3767	-1.03790859	-0.06865923954	1.193573575	183.7846892
20140519	2014.3795	-0.2644657216	-0.1036316854	1.707304362	201.3978782
20140520	2014.3822	-0.8072773003	-0.3425734569	2.015257968	202.9942609
20140521	2014.3850	-0.6512307008	-0.6053506064	2.362541448	222.9089546
20140522	2014.3877	-1.03059275	-0.7000910563	2.56275741	214.1886253
20140523	2014.3904	-1.199066938	-0.9151334944	2.712107959	217.3510429
20140524	2014.3932	-1.261611609	-0.9668732872	2.834692482	217.4658159
20140525	2014.3959	-1.171043894	-1.159627186	3.157551933	224.7193409
20140526	2014.3986	-1.237882469	-1.256274886	1.549452803	225.4225029
20140527	2014.4014	-1.017457718	-1.297471473	2.272207724	231.8969884
20140528	2014.4041	-0.6943248248	-1.864556608	3.074266731	249.5756423
20140529	2014.4068	-0.5572194169	-1.729439444	2.601305865	252.1412387
20140530	2014.4096	-0.2731264831	-1.191327298	4.578442277	257.0873833
20140531	2014.4123	-0.05603558088	-1.287938625	3.069797266	267.5087487
20140601	2014.4151	0.1372137291	-1.349775287	2.821975594	275.8045609
20140602	2014.4178	0.3291520112	-1.097889053	3.608146439	286.688964
20140603	2014.4205	0.5475585432	-0.9706009508	2.647965487	299.4292502
20140604	2014.4233	0.7331865449	-0.8786848014	5.310245001	309.8420796
20140605	2014.4260	1.31460768	-0.8260787737	4.088496312	327.8553924
20140606	2014.4287	1.324899996	-0.8205201392	5.470341788	328.2297678
20140607	2014.4315	2.018285387	-1.110164434	5.3289751	331.1868639
20140608	2014.4342	2.597397928	-1.181641832	5.035438185	335.537649
20140609	2014.4370	1.342589217	-1.615062166	6.173740473	309.7364964
20140610	2014.4397	1.322899946	-1.603059758	3.945365183	309.5306191
20140611	2014.4424	1.290538652	-1.507869893	5.419340909	310.5591837
20140612	2014.4452	1.245775081	-1.093339601	1.72729864	318.7285804
20140613	2014.4479	1.188923811	-0.8662222441	1.4776879	323.9237893
20140614	2014.4507	1.120299421	-0.4913521827	1.244948561	336.3182216
20140615	2014.4534	1.040216487	-0.4846404538	0.5389178049	335.0190258
20140616	2014.4562	0.5917019054	0.07181120142	-0.8944908405	6.919792609
20140617	2014.4589	0.7042986739	0.7062408225	0.6666269969	45.07888957
20140618	2014.4616	0.734362199	-0.9546988312	0.4193203945	307.5677807
20140619	2014.4644	0.611730214	0.04237815903	0.4544787617	3.962885095
20140620	2014.4671	0.5272848434	0.08281769193	-0.4952501046	8.926204638
20140621	2014.4699	0.3252313511	0.07275628912	0.06144786185	12.60980992
20140622	2014.4726	0.1343483157	0.01043978268	-0.2891178862	4.443344664
20140623	2014.4753	0.1322412965	-0.09292425828	0.3365672613	324.9047802
20140624	2014.4781	0.1140427997	-0.1995769443	-4.509499507	299.7446284
20140625	2014.4808	1.941225977	-0.4901892188	-3.224076035	345.8281995
20140626	2014.4836	1.125070544	-0.3413545008	-3.659130558	343.121825
20140627	2014.4863	0.9904081475	-1.922582208	-4.045449768	297.2550224
20140628	2014.4890	0.8184475531	-0.7322285135	-5.033351974	318.1824222
20140629	2014.4918	1.910200367	-1.031495371	-4.620181604	331.6312516
20140630	2014.4945	1.824888086	-0.4479025783	-5.081264708	346.2098585
20140701	2014.4973	1.524002245	-0.3690359315	-6.797377538	346.3878899
20140702	2014.5000	0.8343772689	-1.633589781	-3.859370509	297.0562653
20140703	2014.5027	-1.322832686	-0.496885189	-5.35611457	200.587288
20140704	2014.5055	-3.867299199	-0.08660884241	-4.416441604	181.2829346
20140705	2014.5082	-1.281232994	0.2983180237	-2.842835468	166.8929681
20140706	2014.5110	-1.157542781	0.3607680199	-3.738524804	162.6894608
20140707	2014.5137	-0.9530696823	0.509724067	-3.321141367	151.8610815
20140708	2014.5164	-0.2966894989	1.662220032	-2.824831596	100.1201451
20140709	2014.5192	-1.276323192	2.09877553	-2.102420786	121.3049361
20140710	2014.5219	-0.4260740249	-0.2591257937	-1.964543776	211.306747
20140711	2014.5247	-0.496192517	1.247907827	-1.437377043	111.6837344
20140712	2014.5274	-0.5694557	1.33645873	-1.466809645	113.0785141
20140713	2014.5301	-1.47734205	1.508466689	-0.5603841851	134.4027595
20140714	2014.5329	-0.7243656582	1.666126619	-0.07383912851	113.4974892
20140715	2014.5356	-0.8805526384	1.805671961	0.1278284435	115.9966055
20140716	2014.5384	0.03492706059	1.920624276	0.3721064232	88.95817593
20140717	2014.5411	-0.3335220613	2.004505124	0.5278472879	99.44668822
20140718	2014.5438	-0.2748845149	2.052350614	0.5839763699	97.62859201
20140719	2014.5466	-1.084688641	2.065255044	0.532023513	117.7088182
20140720	2014.5493	-1.496217606	2.045827167	2.614139582	126.179906
20140721	2014.5521	-1.815073274	1.996675364	-0.03241956852	132.2723355
20140722	2014.5548	-2.040980061	1.920407846	0.1251962804	136.7433655
20140723	2014.5575	-2.203654689	1.819632356	-0.3096953836	140.452358
20140724	2014.5603	-2.221775015	2.205039806	-0.5169905506	135.216601
20140725	2014.5630	-2.133301394	2.096466273	-0.6572486709	135.4989502
20140726	2014.5658	-0.8721091176	1.902717518	-0.6975842086	114.6243177
20140727	2014.5685	-0.7344300366	1.760225319	-0.6144743151	112.6476727
20140728	2014.5712	0.7895570711	1.442912814	-0.4218468914	61.31266861
20140729	2014.5740	-0.4033960889	2.495549027	-0.1429925256	99.18222082
20140730	2014.5767	-0.2184519474	0.6948992155	0.1987981939	107.4513194
20140731	2014.5795	0.02997286027	0.517196456	0.580234679	86.68327248
20140801	2014.5822	0.2148301941	0.1792061033	1.169069003	39.83403919
20140802	2014.5849	0.3471891552	-0.1205148667	-2.278899689	340.8573005
20140803	2014.5877	0.5529546389	-0.04126190326	5.063080429	355.7324538
20140804	2014.5904	-1.035414864	1.350795424	2.038622078	127.470971
20140805	2014.5932	0.9050085524	-0.1987468665	2.282450083	347.6140215
20140806	2014.5959	1.062560023	0.2197363729	2.447442369	11.68401039
20140807	2014.5986	1.2043673	-0.3510591278	2.519596987	343.7492076
20140808	2014.6014	-0.664494966	-0.4021331802	2.484911985	211.1811161
20140809	2014.6041	0.8553802395	-0.4192759496	2.329385411	333.8876044
20140810	2014.6068	0.7360431625	-0.5510411036	2.092613839	323.1795188
20140811	2014.6096	0.648503299	-0.5029433525	1.57401191	322.2048197
20140812	2014.6123	0.6001462362	-0.5576192369	1.011715236	317.1036407
20140813	2014.6151	0.2606142302	-0.5257258205	0.5435077462	296.3686596
20140814	2014.6178	0.6504124395	-0.6080945316	-1.315120403	316.9258728
20140815	2014.6205	0.7596468929	0.4219701268	1.733411714	29.05138074
20140816	2014.6233	0.9117195376	-0.6272934692	0.4913207632	325.4707305
20140817	2014.6260	1.266860049	-0.8929230069	-1.259708752	324.8226087
20140818	2014.6288	1.135976342	-1.022337884	-1.549320772	318.0139251
20140819	2014.6315	0.9923151804	-1.740669558	-1.023597277	299.6864576
20140820	2014.6342	0.8114465635	-1.309300425	-1.698337774	301.7888061
20140821	2014.6370	0.7377018407	-1.418289465	-1.672748167	297.4805151
20140822	2014.6397	0.5260625472	-0.5255211344	-1.605072444	315.029499
20140823	2014.6425	-0.1508410445	-0.5344654576	-1.513795074	254.2394549
20140824	2014.6452	0.2232806896	-0.5092287882	-1.413992845	293.6759284
20140825	2014.6479	0.6580956718	-0.4462261531	-1.307111823	325.8605054
20140826	2014.6507	0.2893069256	-2.294168961	-0.3338549272	277.1873641
20140827	2014.6534	-0.1987476778	-0.5240376764	-3.012331666	249.2301573
20140828	2014.6562	-0.3349968461	-0.5248523128	-0.9243797945	237.4511808
20140829	2014.6589	-0.8149524853	-0.1845581397	3.673694507	192.7602471
20140830	2014.6616	-1.439817095	-0.06956715221	-1.291829144	182.7661894
20140831	2014.6644	-1.717982234	0.042345784	-1.513451096	178.5880276
20140901	2014.6671	-1.605195991	0.04954887939	-1.58908319	178.2319664
20140902	2014.6699	-1.751909584	0.1703689676	-1.82253176	174.4455897
20140903	2014.6726	-1.851583621	-1.792563675	-1.758425082	224.0721291
20140904	2014.6753	-1.530579681	0.2668984531	-1.559282818	170.1083724
20140905	2014.6781	-1.434678269	0.6493451473	0.900029094	155.6481689
20140906	2014.6808	-1.344511028	0.3357484913	1.229273009	165.9789691
20140907	2014.6836	-2.006822659	0.03064012704	2.296977604	179.1252772
20140908	2014.6863	-1.152519702	0.3428916427	1.837831396	163.4314805
20140909	2014.6890	-0.5472116969	0.8370003506	2.701402188	123.1757417
20140910	2014.6918	-1.381347324	0.5079996547	2.232601307	159.8086661
20140911	2014.6945	-0.8442017892	0.5006676358	2.294666446	149.3292486
20140912	2014.6973	-0.6627779572	0.5039937507	2.24503809	142.7496888
20140913	2014.7000	0.1441842485	0.5403678204	2.138963585	75.06005374
20140914	2014.7027	-0.4506973964	0.5823240156	1.883402296	127.7385548
20140915	2014.7055	-0.4019317942	0.6309735367	0.9748994332	122.4972431
20140916	2014.7082	-0.4100911024	1.218620171	-0.1396202555	108.5991598
20140917	2014.7110	-0.4828531727	0.7675912062	1.913997652	122.1719414
20140918	2014.7137	-0.7257026183	0.8221277851	2.733117647	131.4352524
20140919	2014.7164	-0.6310012559	0.2388019588	-1.340249057	159.2708886
20140920	2014.7192	-0.8863453685	1.432288153	-0.5818415192	121.750537
20140921	2014.7219	-0.4053647183	1.060667521	-1.021816999	110.9158
20140922	2014.7247	-0.4082751422	1.174856792	-1.008449395	109.1628792
20140923	2014.7274	-0.3607142625	2.330176278	-0.7670700523	98.79961377
20140924	2014.7301	-0.3299983572	1.284865454	-3.772540135	104.4042244
20140925	2014.7329	-0.3183049331	0.02414471787	-0.2187828535	175.6621901
20140926	2014.7356	-0.3216281703	1.352963866	3.40189104	103.372214
20140927	2014.7384	-0.4639167472	1.336964323	0.8832440128	109.1363965
20140928	2014.7411	0.4558169082	0.09778658995	0.9891979162	12.10816113
20140929	2014.7438	-0.3628817526	0.7303729395	3.080598526	116.4202296
20140930	2014.7466	-0.1071911659	0.339775329	1.957529181	107.5092662
20141001	2014.7493	0.1037222132	0.5761256147	1.301083448	79.79413799
20141002	2014.7521	0.2105693586	0.5983748242	1.402907019	70.6129224
20141003	2014.7548	0.3311754852	0.4099904726	1.503630777	51.06997554
20141004	2014.7575	0.4884706791	0.3200894757	1.602810246	33.23638558
20141005	2014.7603	0.6311911513	0.2995608262	1.697592319	25.38883114
20141006	2014.7630	0.7741359814	0.1276456997	1.784511127	9.363135484
20141007	2014.7658	0.1470879404	-0.8203584793	1.860099249	280.1649626
20141008	2014.7685	1.06874184	-0.08670755893	1.92088249	355.3617236
20141009	2014.7712	1.217666634	-0.1988547213	1.963382982	350.7250147
20141010	2014.7740	1.3605969	-0.3123207073	-0.4811318515	347.0718981
20141011	2014.7767	2.169899415	-0.4256209203	-0.2881432616	348.9024516
20141012	2014.7794	1.540644322	-0.3700163757	0.0632481387	346.4950633
20141013	2014.7822	1.591267926	-0.3039653433	0.7382886889	349.1855913
20141014	2014.7850	3.124925902	-0.369864078	0.7402567318	353.2499146
20141015	2014.7877	3.044463761	-0.405746153	1.481365002	352.4087285
20141016	2014.7904	2.899549693	-0.4644218662	-0.3749242512	350.9002071
20141017	2014.7932	2.772033665	-0.5456357726	-0.8426691954	348.8644894
20141018	2014.7959	1.650067845	-1.773711909	-0.02678128221	312.9317578
20141019	2014.7986	1.541060548	-0.2378396395	0.2717087896	351.2264764
20141020	2014.8014	1.406103474	1.342546891	0.7484990672	43.67539531
20141021	2014.8041	1.248655341	-0.3443649398	1.149286616	344.5817492
20141022	2014.8068	0.9978046147	-0.6152119617	1.119427468	328.343446
20141023	2014.8096	0.9006509774	-0.7287979821	1.773339584	321.0205536
20141024	2014.8123	0.7462257415	-3.273217064	0.9761163724	282.8427555
20141025	2014.8151	0.9306355474	-1.493380131	0.8499070611	301.9300842
20141026	2014.8178	0.8259815871	-1.514801817	0.6566691844	298.6024732
20141027	2014.8206	0.4451854659	-1.480655527	0.4573609703	286.7343416
20141028	2014.8233	0.1692658827	-1.383403124	0.227102656	276.9757357
20141029	2014.8261	-0.07240642694	-1.227328245	-0.3067161522	266.6237396
20141030	2014.8288	-0.2631870762	-1.022643034	-0.3150525092	255.5675754
20141031	2014.8315	-0.7724100479	-0.7803524468	-0.621343478	225.293066
20141101	2014.8342	-0.4623264696	-0.5114614406	-0.9473727827	227.888556
20141102	2014.8370	-0.4821562149	-0.1199137857	-1.288411353	193.9662908
20141103	2014.8397	-0.4589194947	0	-1.693219882	180
20141104	2014.8425	-0.4001864354	0.2979267393	-1.787223996	143.3334276
20141105	2014.8452	-0.3135271636	0.6119892939	-2.258418157	117.1264378
20141106	2014.8479	-0.06929213296	-0.1281635172	-2.506297378	241.6019449
20141107	2014.8507	-0.1396471161	1.070813802	-2.694053753	97.43013217
20141108	2014.8534	0.04334130686	1.253535284	-2.817541017	88.01977243
20141109	2014.8562	0.1579614175	0.2360410011	-2.877507011	56.20909594
20141110	2014.8589	0.3384999911	-0.09103109087	-2.875652338	344.9478514
20141111	2014.8616	0.3559442727	1.509747209	-2.81392753	76.73396447
20141112	2014.8644	0.3331982656	1.545045984	-2.887539255	77.83020536
20141113	2014.8671	0.590564605	1.553337235	-2.276870366	69.18365442
20141114	2014.8699	0.1923005039	1.536940531	-2.228576048	82.86826892
20141115	2014.8726	1.040520473	2.052953966	-3.428940266	63.12225635
20141116	2014.8753	0.8662793623	1.833570419	-2.228695849	64.71137722
20141117	2014.8781	0.1852020078	2.309865953	-1.900212323	85.41590626
20141118	2014.8808	-0.2616461959	2.377972661	-1.410554017	96.27894596
20141119	2014.8836	-0.3269895636	1.954899811	-0.9790479851	99.49576697
20141120	2014.8863	-0.6137936085	1.039432923	-0.672912246	120.5621968
20141121	2014.8890	-0.8803015328	0.9194353723	-0.1486791696	133.7543454
20141122	2014.8918	-0.9415983242	0.7717061878	0.3528499107	140.6629658
20141123	2014.8945	-1.069148888	0.4879028891	0.8509672901	155.4705571
20141124	2014.8973	-0.5896250096	0.3828074843	1.278534438	147.0067994
20141125	2014.9000	-0.6089521307	0.1886977905	1.784456651	162.7832055
20141126	2014.9027	-0.5757963303	0.009438653888	2.157097455	179.0608717
20141127	2014.9055	-0.499632953	-0.2463223878	2.646919711	206.2436056
20141128	2014.9082	-0.3901974193	-0.3418876472	3.096955826	221.2245661
20141129	2014.9110	-1.096845952	-0.04804757099	5.370406768	182.5082503
20141130	2014.9137	0.4256625682	-0.2494913283	3.555140111	329.6243808
20141201	2014.9164	-0.03045540518	-0.8071546976	2.946290771	267.8391518
20141202	2014.9192	0.1855578723	-0.9407764294	2.809398714	281.1577469
20141203	2014.9219	0.3166474972	-0.341911241	2.571652586	312.8030867
20141204	2014.9247	0.4306641497	-1.012480277	2.620602214	293.0427468
20141205	2014.9274	1.05754016	-0.4477503384	3.94721035	337.0527597
20141206	2014.9301	0.4958995148	-0.9745107221	1.089609236	296.9701892
20141207	2014.9329	0.6588629951	-0.9046714783	0.4892950792	306.0654687
20141208	2014.9356	0.6934138886	-0.7992668486	1.06637005	310.9436793
20141209	2014.9384	0.7054245792	-0.6633825402	0.9105824134	316.7592503
20141210	2014.9411	0.6938255617	-0.4932192547	0.9144717209	324.5921495
20141211	2014.9439	0.6575473307	-0.4446596815	0.6564613014	325.9318771
20141212	2014.9466	0.5973958467	-0.1616981672	-1.416021028	344.8545587
20141213	2014.9493	0.5216789332	-0.2705035681	0.2343744288	332.5921319
20141214	2014.9521	0.400779999	-0.1424667668	0.4007013722	340.4310357
20141215	2014.9548	-0.3443585687	0.3395079087	-1.315399542	135.4063917
20141216	2014.9575	0.3029685062	0.1982494276	-1.299626509	33.19899266
20141217	2014.9603	0.9866082768	0.3171181875	-1.306423489	17.81857829
20141218	2014.9630	0.7398822727	0.04424222201	-1.337422233	3.42200091
20141219	2014.9658	1.007006075	0.4115264432	-1.394646811	22.22803358
20141220	2014.9685	1.056739522	0.4161930777	-1.480119761	21.4968228
20141221	2014.9712	0.4855043985	0.3941802154	-1.615998226	39.07308812
20141222	2014.9740	0.4431744425	0.6405451401	-1.60012647	55.3217738
20141223	2014.9767	0.8317923539	0.4495759535	-1.660515245	28.39080527
20141224	2014.9795	1.020685549	2.738281272	0.1231664974	69.55722169
20141225	2014.9822	1.957867678	2.703264035	-2.138060856	54.08566588
20141226	2014.9849	1.425033346	1.667669569	-1.901730993	49.48591862
20141227	2014.9877	1.62777818	3.633090712	-2.529825511	65.86560377
20141228	2014.9904	2.113223978	2.581088218	-2.622940216	50.69165632
20141229	2014.9932	1.679117152	3.245064283	-1.739167032	62.64127092
20141230	2014.9959	-0.5056641341	4.638378529	-1.735221501	96.22166884
20141231	2014.9986	1.650184093	2.857464801	1.064733253	59.99359372
