# YYYYMMDD	YYYY.DECM	N_filt(mm)	E_filt(mm)	U_filt(mm)	Azimuth(deg)
20130101	2013.0014	0	0.9987369737	-19.96114483	90
20130102	2013.0041	-0.6519634403	0.9985753198	-19.14450056	123.1402628
20130103	2013.0068	0.2681615734	-0.3363052889	-0.1979474286	308.5679975
20130104	2013.0096	0.210481786	0.3543716862	-3.335740576	59.29148042
20130105	2013.0123	0.3603875362	0.635556244	-4.582316778	60.44491152
20130106	2013.0151	0.06422641263	0.8763920709	-4.818298615	85.80857042
20130107	2013.0178	-0.07703287792	1.369155912	-3.376547517	93.22023985
20130108	2013.0205	-0.2634724281	1.27935414	-4.2166853	101.6368987
20130109	2013.0233	-1.509924448	1.188448432	-5.078486891	141.7940234
20130110	2013.0260	-0.5934568474	1.038387548	-5.91796404	119.7487302
20130111	2013.0288	-0.7031062315	1.503653179	-7.128561451	115.0607282
20130112	2013.0315	-0.8232315418	0.6920054795	-7.394534987	139.9497115
20130113	2013.0342	-0.9195463483	-0.2335975691	-7.862116641	194.253661
20130114	2013.0370	0.1262129824	0.8907989983	-8.169458849	81.93571612
20130115	2013.0397	-0.8021915506	0.8330120345	-8.237017017	133.9202112
20130116	2013.0425	0.2240459854	0.2490502986	-8.052866298	48.02540925
20130117	2013.0452	-2.466172776	0.005337099242	-12.88146864	179.8760051
20130118	2013.0479	-1.086790721	-0.4472221069	-7.179103749	202.3675143
20130119	2013.0507	-1.529497465	-0.7424165171	-0.4045767665	205.8918892
20130120	2013.0534	-1.328991667	-0.9513491827	-4.701928683	215.5967106
20130121	2013.0562	-1.071951721	-1.045910014	-3.226611211	224.2955136
20130122	2013.0589	-0.744087385	0.04196462116	-1.118334201	176.7720843
20130123	2013.0616	-0.5709247109	-0.9018062741	-2.324384743	237.6625002
20130124	2013.0644	-0.4183090833	-0.5331720193	1.357495771	231.8834454
20130125	2013.0671	-0.2757465768	-0.1760802964	2.897780832	212.5606088
20130126	2013.0699	-0.1299943052	-0.1079226662	4.012249869	219.6998212
20130127	2013.0726	0.008978067426	0.40232166	4.883731502	88.72161989
20130128	2013.0753	0.1392640074	0.6498540113	5.410895681	77.90443567
20130129	2013.0781	0.2917989173	0.7984262842	5.833385646	69.92428089
20130130	2013.0808	0.4454900416	2.101533461	5.879384703	78.03142818
20130131	2013.0836	0.4668143544	2.052574288	5.428096969	77.18723518
20130201	2013.0863	0.5370333157	0.7834958032	5.41245448	55.57200222
20130202	2013.0890	0.4788198498	0.6905652367	4.407691961	55.26357422
20130203	2013.0918	0.5017100941	-0.1821130624	3.620181636	340.0498799
20130204	2013.0945	0.5049109347	-0.461218451	3.070848377	317.5893947
20130205	2013.0973	0.4740684881	-0.4066466112	-0.6272487116	319.3776576
20130206	2013.1000	0.4692802675	-0.4805030932	3.113107129	314.3230134
20130207	2013.1027	0.4377874532	-0.5347635564	2.963431651	309.3056811
20130208	2013.1055	0.372688676	-0.5747304191	2.84372074	302.9617244
20130209	2013.1082	0.445576265	-0.4430918896	2.766590474	315.1601766
20130210	2013.1110	0.4008036722	0.4869135947	2.727148225	50.54044376
20130211	2013.1137	1.027211299	0.5978212394	2.716124187	30.1987495
20130212	2013.1164	0.2754482608	0.4530108251	2.347190951	58.69876616
20130213	2013.1192	0.2840643856	0.6853198903	5.367556268	67.48604377
20130214	2013.1219	0.3012442805	0.297299932	0.7662053053	44.62243181
20130215	2013.1247	0.3327799424	0.274279159	2.770814067	39.49554492
20130216	2013.1274	0.3305221184	0.2482173927	2.762834021	36.90602639
20130217	2013.1301	0.3879293469	0.2203288867	5.287370513	29.59490194
20130218	2013.1329	0.4231162198	0.1918278944	1.778251639	24.38807939
20130219	2013.1356	0.4589935924	0.1668646476	2.246311978	19.97846337
20130220	2013.1384	0.4949901487	0.06057081576	4.130340362	6.976470289
20130221	2013.1411	0.5293415628	0.1312559622	1.554819342	13.92622655
20130222	2013.1438	0.07151552042	0.2838867297	1.960033061	75.86049895
20130223	2013.1466	0.4801263071	0.449624801	1.724946625	43.12102292
20130224	2013.1493	0.5309168541	0.7099526086	1.482781411	53.21012022
20130225	2013.1521	0.6196877502	1.072499858	1.242243186	59.98078485
20130226	2013.1548	0.02511099352	1.756436013	1.012131992	89.18092323
20130227	2013.1575	0.2749085161	1.841928299	0.6095068189	81.51124342
20130228	2013.1603	0.4803085638	1.483988099	0.8877982835	72.0652732
20130301	2013.1630	0.7674921894	1.986589967	0.4725972112	68.87663435
20130302	2013.1658	0.7773768256	2.582794493	0.3713818421	73.24910675
20130303	2013.1685	0.7671996333	2.087829793	0.3489599609	69.82350133
20130304	2013.1712	0.7385303606	2.118526232	0.03162009213	70.78115299
20130305	2013.1740	0.6935493298	2.131915238	0.3672297847	71.97938656
20130306	2013.1767	0.6344368629	1.598098903	2.255468884	68.34718257
20130307	2013.1795	0.5634224493	0.7330475421	2.635587543	52.45401661
20130308	2013.1822	-0.3503774801	2.500861595	2.846642229	97.97538189
20130309	2013.1849	-0.6362592542	1.361119054	3.561644322	115.0538813
20130310	2013.1877	1.285878678	1.280087271	3.884731863	44.87068317
20130311	2013.1904	0.1755564662	1.731497317	1.324246687	84.21056669
20130312	2013.1932	0.2780874545	0.6422717107	4.187125112	66.58860513
20130313	2013.1959	0.1221759668	0.4624227126	2.797397404	75.2001603
20130314	2013.1986	0.9340900255	0.3298861943	7.471828446	19.45134442
20130315	2013.2014	-0.1558859511	0.2344272891	3.458618865	123.6225172
20130316	2013.2041	-0.2684943652	1.678874693	4.043297222	99.08609793
20130317	2013.2068	-0.4357710598	0.2039108724	3.176792782	154.92364
20130318	2013.2096	-1.128841521	-1.418427241	2.7818801	231.485813
20130319	2013.2123	-0.04506416055	-0.0001568441124	3.830246665	180.199415
20130320	2013.2151	-0.5562268666	0.02894339617	1.939113937	177.0212871
20130321	2013.2178	-0.79414599	-0.1352470925	1.520902633	189.665033
20130322	2013.2205	-0.8410904585	-0.2616040996	1.10013419	197.2772446
20130323	2013.2233	-0.7676560669	-1.263124013	0.6680583981	238.711108
20130324	2013.2260	-1.113283434	-1.46310544	0.2172923038	232.7323324
20130325	2013.2288	-1.189040159	-2.515881773	4.720394071	244.7039409
20130326	2013.2315	-1.22192468	-1.776280631	-0.4711784897	235.4754524
20130327	2013.2342	-1.210853049	-1.888634061	-1.819252868	237.3349981
20130328	2013.2370	-1.114930056	-1.970937825	0.2069078437	240.5038079
20130329	2013.2397	-1.069021191	-2.02276927	-0.342846756	242.1438221
20130330	2013.2425	-0.8986474359	-2.067373934	-1.406410721	246.5063478
20130331	2013.2452	-0.7942522325	-2.033282354	-2.36220224	248.6631086
20130401	2013.2479	-0.5177630299	-1.69164854	-1.963256225	252.9822171
20130402	2013.2507	-0.7154959212	-0.605326285	-4.481068338	220.2320022
20130403	2013.2534	-0.1108303879	-3.141317413	-6.74483046	267.9793571
20130404	2013.2562	0.2132737991	-1.814205187	-7.600381941	276.7047871
20130405	2013.2589	0.4146059599	-1.595784051	-9.53669969	284.5641973
20130406	2013.2616	-0.0210533249	-1.232406213	-11.0188287	269.0213054
20130407	2013.2644	0.05933544761	-0.9135424935	-12.24655173	273.7161951
20130408	2013.2671	0.0274749998	-0.634762773	-13.15077795	272.478437
20130409	2013.2699	-0.03677816355	-0.05405554872	-14.10705514	235.7695216
20130410	2013.2726	-0.6797608207	-0.2290079466	-13.94305689	198.6184081
20130411	2013.2753	-0.2377283197	-0.1178091494	-13.85048457	206.3612727
20130412	2013.2781	-0.412969283	-0.3305970391	-13.42511496	218.6785514
20130413	2013.2808	-0.4362361582	-0.05605848908	-12.72534764	187.3226575
20130414	2013.2836	-0.9654395405	-0.2403411993	-11.45013191	193.9793298
20130415	2013.2863	-1.200443473	-0.5161875527	-11.08506815	203.2675783
20130416	2013.2890	-2.223743217	0.5619100703	-9.484468178	165.8189733
20130417	2013.2918	-1.360622974	-1.907167926	-8.085003648	234.4949564
20130418	2013.2945	-2.337341637	-0.7769998412	-7.048621408	198.3882965
20130419	2013.2973	-2.194911504	-1.89685104	-5.165851505	220.8337034
20130420	2013.3000	-1.93180677	-0.8358645661	-4.244530329	203.3974301
20130421	2013.3027	-0.1434824084	-1.702633712	-2.921823514	265.1830166
20130422	2013.3055	-1.1641835	-1.480733869	-1.849406849	231.8248405
20130423	2013.3082	-0.6568732528	-1.157200641	-0.941012788	240.419027
20130424	2013.3110	-1.416963095	-0.4714471913	0.1889986991	198.4031421
20130425	2013.3137	0.1970865759	0.7932100185	-0.4244814858	76.04644977
20130426	2013.3164	1.011441385	0.2807426049	1.042001086	15.51289112
20130427	2013.3192	1.447034431	0.6430031671	2.241604199	23.95841379
20130428	2013.3219	2.837242399	1.203031157	3.261812211	22.97763568
20130429	2013.3247	1.043035204	1.638431726	4.338780021	57.51893148
20130430	2013.3274	2.020442185	-0.1373291591	4.526168899	356.1115949
20130501	2013.3301	2.006284238	-0.07256336652	4.780347201	357.9286269
20130502	2013.3329	0.6592522028	-0.1689443953	4.701512037	345.6263227
20130503	2013.3356	0.9371490674	0.05548902113	4.378733615	3.388552824
20130504	2013.3384	1.960011814	0.1243227371	2.379945521	3.629385378
20130505	2013.3411	0.5259929994	0.2862418739	0.9379632989	28.55473685
20130506	2013.3438	0.3406050928	0.555685112	-0.8559740414	58.49394232
20130507	2013.3466	0.05117256244	-0.5831993446	-1.380207348	275.0145494
20130508	2013.3493	-0.1044490773	-1.201582441	-2.029861617	265.0319797
20130509	2013.3521	-1.168675352	0.9318127017	0.5101634962	141.4338099
20130510	2013.3548	-0.6731850237	0.4852366939	-0.2630922514	144.2156607
20130511	2013.3575	0.8805777569	0.1699006548	-0.7283051682	10.92058384
20130512	2013.3603	-0.01952018023	-0.1025338935	-1.378029807	259.2211405
20130513	2013.3630	1.253947361	-0.318335511	-1.954309633	345.7554321
20130514	2013.3658	1.77938361	-0.461194059	-2.362005897	345.4693954
20130515	2013.3685	1.37413965	-0.5138623433	-2.2829203	339.4966133
20130516	2013.3712	0.5211729197	0.2935140374	-2.333110227	29.38733089
20130517	2013.3740	0.6568201873	0.3044586109	-8.22955269	24.86933517
20130518	2013.3767	1.130227221	0.3141621681	-3.453365425	15.53400132
20130519	2013.3795	0.05431659445	0.4626553279	-3.630960392	83.30402084
20130520	2013.3822	0.08102473818	-0.3496439573	-3.607662208	283.0471417
20130521	2013.3849	0.04705455341	0.4397910422	-3.369951726	83.89298653
20130522	2013.3877	1.058425188	0.5010187864	-2.904309801	25.33111906
20130523	2013.3904	-0.803859714	0.6096051952	-2.237452108	142.8252212
20130524	2013.3932	0.5747617054	0.6368145613	0.354179919	47.93193502
20130525	2013.3959	-0.609992787	0.6458773293	-0.558904157	133.3633072
20130526	2013.3986	0.8740205031	1.716400283	1.544539873	63.01402414
20130527	2013.4014	0.8748473756	0.6117506216	2.837434347	34.96376782
20130528	2013.4041	0.5136013708	0.2704536379	5.111531925	27.77051841
20130529	2013.4068	0.4179734124	0.1019465912	6.98881261	13.70720119
20130530	2013.4095	-0.001675847589	-0.1968228231	7.676964044	269.512167
20130531	2013.4123	-0.03909486106	-0.4015176904	8.153380008	264.4387709
20130601	2013.4151	-0.06498294722	-0.5662309077	2.001786673	263.4531469
20130602	2013.4178	-0.08057285156	-0.8003662523	0.4639858886	264.2514026
20130603	2013.4205	-0.3082021143	-0.7040989444	0.534271129	246.3597751
20130604	2013.4233	-0.4531427947	-0.8227687038	6.192645882	241.1560683
20130605	2013.4261	-0.6287192175	-0.684359172	5.843672891	227.4263811
20130606	2013.4288	-0.7197154615	-0.3601880338	7.613025849	206.5860834
20130607	2013.4315	-0.7432575121	-0.4630225168	4.906628745	211.9214116
20130608	2013.4342	-0.6961448426	-1.636530859	4.352376239	246.9561478
20130609	2013.4370	-0.5888463882	-0.6100964916	4.658775206	226.015406
20130610	2013.4397	-0.4348246776	-0.6444985853	-1.165154669	235.9935914
20130611	2013.4425	-0.2475480047	-0.6462524845	-1.051386514	249.0405853
20130612	2013.4452	0.07535740404	-0.6114307458	3.862367026	277.0261376
20130613	2013.4479	0.1376137734	-1.795409577	1.227387071	274.3830122
20130614	2013.4507	0.341179908	-0.3713592173	2.595103723	312.5747098
20130615	2013.4534	0.5648106494	-0.4513123693	0.3911802942	321.3733708
20130616	2013.4562	0.1011246612	-0.5312702748	-0.2644651585	280.7770464
20130617	2013.4589	0.8457192743	-0.617464423	-0.2590287364	323.866607
20130618	2013.4616	0.9399627865	-0.6488554999	-0.4113755519	325.3827149
20130619	2013.4644	1.004203715	-0.7497023543	4.528160881	323.2563056
20130620	2013.4671	1.039045522	-0.8094191043	-5.473835466	322.0813186
20130621	2013.4699	1.277679132	-0.8650960353	-0.1203955595	325.8987015
20130622	2013.4726	1.445645722	-1.495259571	0.1670550216	314.0334967
20130623	2013.4753	2.34573319	-2.016760361	3.327738047	319.3124758
20130624	2013.4781	1.571264466	0.3897376128	-2.188814577	13.93054132
20130625	2013.4808	1.536203645	-1.064999934	1.438194976	325.2676911
20130626	2013.4836	2.107475678	-2.496816917	-1.293545997	310.1665394
20130627	2013.4863	0.5342369004	-1.160523907	-0.08907416314	294.7185605
20130628	2013.4890	1.155335641	-1.210024497	0.5088889612	313.6755157
20130629	2013.4918	0.8507772907	-2.642633419	1.256063768	287.8455987
20130630	2013.4945	0.5694735473	-1.276642468	2.066114669	294.0402781
20130701	2013.4973	0.2608597856	-1.358754175	3.292899135	280.8676707
20130702	2013.5000	-0.1709931573	-1.395209491	3.390509045	263.0128261
20130703	2013.5027	-0.1944113089	-1.417204586	3.392656655	262.1889511
20130704	2013.5055	0.5963367023	-1.106157737	2.924682177	298.3293906
20130705	2013.5082	-0.909033689	-0.8985252523	2.940568691	224.6669086
20130706	2013.5110	-1.084308806	-0.7079802752	2.498074388	213.1418184
20130707	2013.5137	-1.195448562	-0.5378940943	-9.536378533	204.2254432
20130708	2013.5164	0.2369998672	-0.3863478129	13.48666113	301.5264741
20130709	2013.5192	-1.205461135	1.195817133	-0.2526889774	135.2301098
20130710	2013.5219	-1.187032747	0.8487848242	-0.4965654162	144.4334303
20130711	2013.5247	-1.083387666	0.6618514573	-1.463896228	148.5788595
20130712	2013.5274	-0.8531822478	0.08718715493	-2.62218613	174.1651679
20130713	2013.5301	-0.8190367843	0.185595567	-3.271504509	167.2322687
20130714	2013.5329	-0.4605338583	0.2893629576	-12.49307904	147.8580031
20130715	2013.5356	0.1259575835	0.558700086	-1.857533809	77.29520998
20130716	2013.5384	0.2294792181	0.3927889175	-7.487643349	59.70522984
20130717	2013.5411	0.3164466596	-1.962499003	-7.970550853	279.1599159
20130718	2013.5438	1.611522445	0.6600265574	-8.162387826	22.27239149
20130719	2013.5466	0.4156749305	0.7695272013	8.230440966	61.62344629
20130720	2013.5493	0.4153036988	0.8930705138	-22.16032216	65.06020561
20130721	2013.5521	0.3751487321	1.034666867	-7.595710197	70.07040636
20130722	2013.5548	0.3006620941	3.531879329	-6.992497728	85.13425155
20130723	2013.5575	0.199768835	0.4624290343	-7.841459116	66.63570854
20130724	2013.5603	0.08039422245	0.6870563867	-7.017892645	83.32602398
20130725	2013.5630	-1.353744321	1.894272945	-6.844712752	125.5515393
20130726	2013.5658	0.03511613584	2.24663148	2.49201908	89.1045071
20130727	2013.5685	-0.6013147653	3.404877208	-6.621247899	100.0153899
20130728	2013.5712	-1.027401452	2.634222442	-6.620991679	111.3068163
20130729	2013.5740	-1.217345975	2.777780738	-9.380882897	113.6651516
20130730	2013.5767	-0.5795905012	2.82748942	-9.133575069	101.5842544
20130731	2013.5795	-0.6065384989	1.626762258	-8.752980576	110.4479762
20130801	2013.5822	-2.008367681	1.411307765	-8.250521164	144.903756
20130802	2013.5849	-0.5582646757	1.14806921	-7.637618576	115.9319846
20130803	2013.5877	-0.4092749353	1.039230211	-6.925694557	111.495765
20130804	2013.5904	-0.3699148003	0.6774735192	-6.126170852	118.6354692
20130805	2013.5932	-0.2545119725	0.382166524	-7.915183191	123.6624798
20130806	2013.5959	-0.1292452856	0.1976642812	-7.223975567	123.1791727
20130807	2013.5986	-0.05553059087	2.087327675	-6.234532169	91.52391895
20130808	2013.6014	-1.578903251	-0.2026495156	-0.5578380843	187.3138287
20130809	2013.6041	0.2334873757	-0.3511229621	-3.261019134	303.6228433
20130810	2013.6068	0.3151210594	-1.703035486	-2.439768344	280.4831535
20130811	2013.6096	0.3794100729	-5.420979735	-0.1476869355	274.0035576
20130812	2013.6123	0.342872254	-1.565946048	3.803896159	282.3503148
20130813	2013.6151	-0.3113277387	-1.313689653	-3.205275902	256.6675929
20130814	2013.6178	0.1471497878	-1.000645099	0.5965100013	278.3656674
20130815	2013.6205	-0.07991346156	-0.2210694532	6.532662971	250.1257978
20130816	2013.6233	-0.2316348382	-0.3828255042	5.254230277	238.8232781
20130817	2013.6260	-0.5586188402	1.145418471	6.835740425	115.998421
20130818	2013.6288	-1.558172055	1.743640937	8.458374269	131.7849697
20130819	2013.6315	-0.399657245	1.966178658	10.29076541	101.489749
20130820	2013.6342	-1.255859397	2.037548719	10.87333871	121.6479353
20130821	2013.6370	-1.401913487	1.948962348	11.19774065	125.7279463
20130822	2013.6397	-1.483758245	1.40993862	8.089603902	136.4613265
20130823	2013.6425	-1.489029651	0.9309344888	10.55519822	147.9865667
20130824	2013.6452	-1.405363685	0.6774668106	15.6430157	154.2632366
20130825	2013.6479	-1.221598754	0.335205894	9.606705188	164.6557492
20130826	2013.6507	-0.2714820535	0.3149952155	7.883655281	130.7567649
20130827	2013.6534	-0.5652386778	-0.01797091395	6.540269321	181.8210198
20130828	2013.6562	0.1999946204	-1.040692668	6.168472166	280.8781691
20130829	2013.6589	0.4058492086	-1.691094381	5.425179253	283.4953026
20130830	2013.6616	0.5699971898	-1.889537201	4.126315397	286.7864454
20130831	2013.6644	1.140033035	-2.049718406	3.189604026	299.0823776
20130901	2013.6671	1.047109055	-2.159696282	2.444302994	295.8660042
20130902	2013.6699	1.223450307	-2.490546539	1.893018679	296.1620101
20130903	2013.6726	1.358561917	-1.312676199	0.1276687559	315.9841127
20130904	2013.6753	1.445412973	-1.233599911	1.294549366	319.5206207
20130905	2013.6781	1.486869411	-1.901640932	4.274855234	308.02141
20130906	2013.6808	1.488589286	-1.673399906	2.22233313	311.6550058
20130907	2013.6836	1.45632796	-1.40636349	3.03016442	315.9999201
20130908	2013.6863	1.395853582	-1.101015497	5.648389831	321.7344788
20130909	2013.6890	1.287869168	-0.9865961671	5.87054164	322.5454072
20130910	2013.6918	1.281561945	-0.4603024057	6.006153762	340.2430836
20130911	2013.6945	1.102978341	-0.2571614975	5.337451724	346.8758366
20130912	2013.6973	0.9869476469	-0.5748968276	5.344996348	329.7792077
20130913	2013.7000	0.4933936264	-0.07111806557	5.296069106	351.7978433
20130914	2013.7027	0.4786964415	0.5627696115	4.711601355	49.61523913
20130915	2013.7055	0.6293851568	0.4722603706	4.244285587	36.88280069
20130916	2013.7082	0.5126756644	0.5592412827	3.749107058	47.48744735
20130917	2013.7110	0.399956165	0.6113747404	3.232755446	56.80762904
20130918	2013.7137	0.8917054495	0.6299856011	2.72442257	35.24102146
20130919	2013.7164	-0.8703690755	0.6163987222	2.253300244	144.6937274
20130920	2013.7192	-0.124623262	0.4831702638	1.848580285	104.462974
20130921	2013.7219	-0.5477102323	0.4399427532	1.338107719	141.2271773
20130922	2013.7247	0.5265557334	0.5321286291	1.796267244	45.30160118
20130923	2013.7274	-0.1417548524	0.3358339765	2.134612054	112.8845112
20130924	2013.7301	-0.4221964017	0.2424370726	1.649815674	150.1343431
20130925	2013.7329	-0.5987335955	0.1644092294	0.9624036227	164.6453263
20130926	2013.7356	-0.7627979092	0.1057739056	0.3349965394	172.1053835
20130927	2013.7384	-0.9113747689	0.07531603613	-0.1812618195	175.2758101
20130928	2013.7411	-1.043617316	0.08182055611	-2.748719023	175.5171282
20130929	2013.7438	-0.2273674688	0.1340724005	-0.7023943122	149.4733057
20130930	2013.7466	-1.074309218	0.7173721462	-0.7199485172	146.2669022
20131001	2013.7493	-1.335175106	0.7782501125	-7.070492079	149.7628423
20131002	2013.7521	-1.394738226	1.025848538	-0.2946672226	143.6650231
20131003	2013.7548	-1.554805323	0.6395748559	0.03900616045	157.640005
20131004	2013.7575	-1.650874421	0.6085383193	0.4176864695	159.7653189
20131005	2013.7603	-2.446194487	0.5833060061	1.035463499	166.5880256
20131006	2013.7630	-1.728449863	0.5672665139	4.495658115	161.8304852
20131007	2013.7658	-1.711302981	0.5638084399	-3.612252965	161.7649385
20131008	2013.7685	-1.658481882	0.5750923491	1.630053819	160.8755871
20131009	2013.7712	-2.211018388	0.5983845925	1.740948488	164.8563836
20131010	2013.7740	-0.8338961941	1.006939326	1.74049721	129.6298344
20131011	2013.7767	-1.302204167	0.6658730929	1.612034338	152.9173827
20131012	2013.7795	-1.127248453	0.7029365304	-0.2961162585	148.0529062
20131013	2013.7822	-0.9327656539	0.5777905281	-2.588285997	148.2243507
20131014	2013.7849	-0.7234275008	0.3381355396	0.4910104333	154.9482541
20131015	2013.7877	-0.6231441336	0.2325749067	-0.1766522692	159.5330121
20131016	2013.7904	-0.05978501844	0.1496342184	-0.5846802746	111.7787389
20131017	2013.7932	-0.1634819925	0.5785645451	-1.607057096	105.7784259
20131018	2013.7959	0.2966946188	0.5145201156	0.5270219134	60.0303856
20131019	2013.7986	0.5859550533	0.4406621601	-0.5370205336	36.94466239
20131020	2013.8014	0.3950024197	0.3581574287	-1.717123366	42.199292
20131021	2013.8041	1.094368653	0.2066363377	-1.243068518	10.69258075
20131022	2013.8068	1.246068811	0.2623908988	-6.02289008	11.89132722
20131023	2013.8096	1.424574909	0.1742455508	-4.868403534	6.973441549
20131024	2013.8123	0.9899586307	0.3654929368	-6.989146736	20.26415673
20131025	2013.8151	1.616179478	0.3940473953	-8.190168844	13.70218534
20131026	2013.8178	1.65624139	0.4078576478	-5.032750141	13.83411296
20131027	2013.8205	1.660391382	0.4002758209	-10.31700569	13.55385862
20131028	2013.8233	1.629663173	0.3711823857	-15.01670667	12.83115501
20131029	2013.8260	1.566524359	1.743059102	-11.37848239	48.05329037
20131030	2013.8288	1.477527518	-1.680279882	-10.42867224	311.3262704
20131031	2013.8315	1.450788408	0.1603874366	-11.61218261	6.308540948
20131101	2013.8342	1.249750651	0.02970863731	-11.37001181	1.361758853
20131102	2013.8370	1.178534789	0.1450499653	-10.9386558	7.016479223
20131103	2013.8397	1.010455477	0.06842141293	-10.36077142	3.873780789
20131104	2013.8425	0.8891075929	0.07514773444	-9.678002594	4.831180196
20131105	2013.8452	0.7691383359	-0.1349226451	-8.871316807	350.0503782
20131106	2013.8479	0.6515133364	-0.2958369324	-8.97933707	335.5783147
20131107	2013.8507	0.5372006085	-0.4975619331	-7.419900064	317.1937583
20131108	2013.8534	0.8014575105	-0.7653593732	-8.51356121	316.3198129
20131109	2013.8562	0.345868581	-1.200325961	-9.222860547	286.0741008
20131110	2013.8589	0.2923526964	-1.484918891	-8.034457108	281.1380117
20131111	2013.8616	0.276267618	-1.616408098	-6.293368149	279.6989641
20131112	2013.8644	0.3040372801	-1.71242944	-5.495882807	280.0677985
20131113	2013.8671	0.3778184537	-1.765219561	-1.966615334	282.0810124
20131114	2013.8699	0.3558875553	-2.210285747	-3.206676447	279.146931
20131115	2013.8726	0.9778044348	-2.217274583	-1.976245326	293.7971839
20131116	2013.8753	0.7540704482	-2.117896308	-1.0871782	289.5981152
20131117	2013.8781	0.7604082195	-1.917930526	-0.4005270143	291.6270033
20131118	2013.8808	0.7945446611	-1.623815002	0.06443038616	296.0728443
20131119	2013.8836	0.7901358065	-1.246559502	0.2824938004	302.3687
20131120	2013.8863	0.7408812723	-0.5544229075	0.2485624998	323.1914276
20131121	2013.8890	1.778021983	0.9587944381	-1.580336794	28.33566786
20131122	2013.8918	0.483059766	-0.01455412172	-1.262631571	358.2742559
20131123	2013.8945	-0.1786529697	0.5830983175	-1.353612617	107.0343139
20131124	2013.8973	0.6928502394	0.980172802	-3.143586136	54.74483146
20131125	2013.9000	-1.357217925	0.7614340088	-3.047100027	150.706459
20131126	2013.9027	-0.4647436481	0.9548477646	-4.442685027	115.9531203
20131127	2013.9055	-0.5578947982	2.709635781	-5.586684818	101.6342143
20131128	2013.9082	-0.6479188326	1.105797104	-6.029829301	120.3672837
20131129	2013.9110	-2.436426039	-0.5950075025	-6.344482136	193.7237676
20131130	2013.9137	-1.857834732	1.083542771	-5.992386674	149.7480306
20131201	2013.9164	-1.652920745	1.021129389	-5.936955402	148.2933578
20131202	2013.9192	-1.660598658	0.9360784674	-5.286788202	150.5900701
20131203	2013.9219	-1.635585892	0.7534150735	-4.406077299	155.267347
20131204	2013.9247	-1.20756074	0.778390969	-5.536440695	147.1942618
20131205	2013.9274	-0.9924048627	1.94791338	-1.87728232	116.9975112
20131206	2013.9301	-0.6989783816	0.5410681221	-2.7737718	142.2571121
20131207	2013.9329	-1.579738648	-0.6482736678	-0.02580712088	202.3116612
20131208	2013.9356	0.3703022405	1.403337295	1.343158993	75.21814725
20131209	2013.9383	-0.8287413431	0.3235874215	2.369678784	158.6715188
20131210	2013.9411	-0.936719929	0.2375538761	3.161515873	165.7696922
20131211	2013.9438	-1.064280312	-0.3255400374	3.689958268	197.007724
20131212	2013.9466	-1.194158102	1.295900194	4.623619296	132.6602348
20131213	2013.9493	-1.298481904	0.6303815913	2.240522064	154.1045472
20131214	2013.9521	-1.89994745	0.6471800058	4.737715222	161.1895925
20131215	2013.9548	-0.7924273862	0.6190191851	2.995878567	142.0041731
20131216	2013.9576	-1.213628493	0.5488460315	2.346836002	155.6658229
20131217	2013.9603	-1.099109488	0.919385119	1.025196201	140.0881306
20131218	2013.9630	-0.2532025982	0.1809704858	0.8507390262	144.4456208
20131219	2013.9658	-0.04850780743	-0.2985435288	-0.05324601931	260.7711451
20131220	2013.9685	-0.1452343708	0.3443620165	-1.152515706	112.8675413
20131221	2013.9712	-0.2417354043	-0.3732034736	-1.752812065	237.0676245
20131222	2013.9740	-0.3310202741	-0.4290212045	-2.699049672	232.3472675
20131223	2013.9767	-0.4061817402	-0.4810978295	-2.923937398	229.8262342
20131224	2013.9795	-0.461957762	-0.5285629436	-2.828334336	228.8469258
20131225	2013.9822	-0.4984161909	-0.5705461421	-2.359238404	228.8602732
20131226	2013.9849	-0.5169365029	-1.079157337	-3.499566821	244.4047095
20131227	2013.9877	-0.5188981738	-0.6349433343	-4.44935847	230.7430898
20131228	2013.9904	-0.5056806795	-2.057874828	1.912109217	256.1942722
20131229	2013.9931	-0.4356652462	-0.6614441704	2.915948347	236.628797
20131230	2013.9959	-1.409564644	-0.6530176071	4.316353852	204.8571619
20131231	2013.9986	-1.539297894	-0.6520337027	5.908740294	202.9571091
20140101	2014.0014	-1.471206511	-0.5264092356	7.174800356	199.687608
20140102	2014.0041	-1.24362586	-0.5515935656	6.324769578	203.9190378
20140103	2014.0068	-1.227540886	-0.9178921016	8.683174698	216.7872548
20140104	2014.0096	-0.9849049331	0.9349996524	8.922540195	136.4889897
20140105	2014.0123	-0.6878110735	-0.08477041477	8.872280108	187.0260814
20140106	2014.0151	-0.3422180843	-0.09312610908	7.597246989	195.2229971
20140107	2014.0178	0.04426647337	0.1273436603	2.398429788	70.83181916
20140108	2014.0205	-1.433006466	0.2487462877	5.152574306	170.1525208
20140109	2014.0233	2.295410276	0.3487517011	3.696348894	8.639126819
20140110	2014.0260	1.099046478	0.4195872546	3.40343422	20.89555087
20140111	2014.0288	1.319915293	0.4576497012	4.992484696	19.12279022
20140112	2014.0315	1.441241919	0.4648799987	4.125742594	17.87737333
20140113	2014.0343	0.542419656	0.4444552168	3.621352306	39.33097282
20140114	2014.0370	0.4459268975	0.2412942604	2.532625639	28.41813984
20140115	2014.0397	0.6267296023	0.3335339759	2.062035107	28.02108745
20140116	2014.0425	0.2458334168	-0.3436755234	1.321397077	305.5763957
20140117	2014.0452	0.1427821715	0.3365079116	0.9108221889	67.00821854
20140118	2014.0479	0.5680232776	0.3080676709	0.6756947763	28.47320979
20140119	2014.0507	-0.3556809653	0.2523651957	0.6447010062	144.6432758
20140120	2014.0534	-0.1918957525	0.1713881949	4.04195399	138.2309459
20140121	2014.0562	-0.02767879875	-0.2941921443	4.154349217	264.6252007
20140122	2014.0589	-0.1293922086	-0.1184638212	4.209018093	222.4753683
20140123	2014.0616	-0.2487773229	-0.3470754933	4.213887963	234.3677428
20140124	2014.0644	-0.4168053596	-0.3597534119	3.948411172	220.7981627
20140125	2014.0671	-0.3988646065	-0.01870140763	6.387374485	182.6844387
20140126	2014.0698	-0.6205600789	-0.7285205314	6.254577931	229.5753562
20140127	2014.0726	-0.7209636541	-0.9129603444	6.378015017	231.7018932
20140128	2014.0753	-0.7957385493	-1.104287624	3.158853788	234.2238581
20140129	2014.0781	-0.8365647595	-1.162264268	1.293721142	234.2547339
20140130	2014.0808	-0.1904356905	-1.374590461	9.210815268	262.1124527
20140131	2014.0836	-0.1512836552	-1.46907207	9.094864228	264.1204598
20140201	2014.0863	-0.1228049494	-1.295147215	8.889776928	264.5834485
20140202	2014.0890	-0.09685915838	-2.432530311	9.598597501	267.7197855
20140203	2014.0918	-0.06530586733	-2.332839498	8.157246989	268.3964719
20140204	2014.0945	-0.02000466141	-1.62202268	7.602331066	269.2933979
20140205	2014.0973	-0.03560994094	-1.154975902	6.90333232	268.2340297
20140206	2014.1000	0.4826208266	-0.7321773191	6.046514108	303.3912092
20140207	2014.1027	0.7162477976	-0.2450887989	5.01813979	341.1098553
20140208	2014.1055	-0.1213064968	0.2893595951	3.814178513	112.7446024
20140209	2014.1082	0.3519038338	0.9078575205	3.042395313	68.81266728
20140210	2014.1110	0.5274765185	1.178816203	0.07285301754	65.89325507
20140211	2014.1137	0.6289704244	1.578756548	-0.2341030012	68.27785645
20140212	2014.1164	0.7440204189	2.459534408	-2.034390186	73.16919369
20140213	2014.1192	0.8016773674	2.862490249	-3.29634879	74.35441083
20140214	2014.1220	0.8930904655	3.259289377	-4.589420712	74.67629109
20140215	2014.1247	0.9558495283	3.524957096	-5.794123836	74.82816027
20140216	2014.1274	1.037471376	3.467837736	-6.552013031	73.34441949
20140217	2014.1302	1.079470121	3.825562703	-7.26698278	74.24237186
20140218	2014.1329	1.190368162	3.369951153	-7.698087443	70.5452464
20140219	2014.1357	1.20063489	2.624791328	-7.930741039	65.41964446
20140220	2014.1384	1.243244773	2.776620959	-4.811563857	65.87933218
20140221	2014.1411	1.278404921	2.361024014	-7.562573116	61.56613601
20140222	2014.1438	1.304691744	2.112026465	-7.751623342	58.29454865
20140223	2014.1466	1.352718159	1.81234439	-7.455800579	53.26265873
20140224	2014.1493	1.25263116	1.404065992	-6.670729336	48.2623959
20140225	2014.1521	1.316076349	1.290347704	-4.56162321	44.43443783
20140226	2014.1548	1.292020465	0.7252621236	-6.506059887	29.3072185
20140227	2014.1575	1.248292339	0.3507222332	-5.971799307	15.69332471
20140228	2014.1602	1.137141332	0.03226928845	-5.722944988	1.62547779
20140301	2014.1630	1.126667063	0.1928083038	-5.673685637	9.711046642
20140302	2014.1657	0.9480289758	-1.174078527	-5.086320682	308.9197098
20140303	2014.1685	0.8772710813	-0.7080678956	-2.92942715	321.0921145
20140304	2014.1712	0.5584489665	-0.4810034272	-3.411385791	319.2610119
20140305	2014.1740	0.3072735175	-0.6351654187	-1.586225751	295.8162708
20140306	2014.1767	0.03117694501	-0.2743372749	-1.028983797	276.4835386
20140307	2014.1795	-0.2597052647	0.4268301705	-1.457665482	121.3184658
20140308	2014.1822	-1.095691158	0.05068255953	-3.652499749	177.3516001
20140309	2014.1849	-1.627338108	-0.07714733478	-4.767802905	182.714193
20140310	2014.1877	-2.323173753	-0.5929588977	-6.451082577	194.318278
20140311	2014.1904	-3.502641226	-0.8850101229	-7.562971193	194.1800993
20140312	2014.1932	-1.928727003	-1.175454605	-8.486858216	211.3600439
20140313	2014.1959	-1.810446736	0.3733815911	-5.155687408	168.3468591
20140314	2014.1986	-1.874411497	-0.7517474923	-5.856119787	201.853642
20140315	2014.2014	-1.84888063	-0.7420783149	-5.363289791	201.8688615
20140316	2014.2041	-1.820298657	-0.7282265923	-6.010637877	201.8043163
20140317	2014.2068	-1.78869882	-0.7103551816	-5.530186953	201.6597668
20140318	2014.2096	-1.645729101	-0.7199418256	-5.646311805	203.6274883
20140319	2014.2123	-1.729993314	-0.4016765926	-5.732844225	193.0715491
20140320	2014.2151	-1.67614384	-0.7038923368	-5.310230113	202.7798464
20140321	2014.2178	-2.266255765	-1.171637224	-5.71495362	207.3386245
20140322	2014.2205	-1.531876597	-0.4725174603	-4.954822709	197.1427242
20140323	2014.2233	-1.437372735	-0.3870075882	-4.938071505	195.0693289
20140324	2014.2260	-1.951024958	-0.5476175965	-5.208564836	195.6784752
20140325	2014.2287	-2.015337058	-0.442217974	-5.883712545	192.3760622
20140326	2014.2315	-1.980014096	-0.3955016252	-5.147679935	191.2959865
20140327	2014.2342	-1.81526438	-0.3464240489	-5.413266128	190.8043809
20140328	2014.2370	-1.561761559	-0.2952117453	-5.450374627	190.7040322
20140329	2014.2397	-1.265627685	-1.565911562	-5.085031464	231.0535738
20140330	2014.2424	-0.9738237621	-1.287100896	-4.648116348	232.8887594
20140331	2014.2452	-0.7278610415	-1.832403239	-3.45825339	248.336201
20140401	2014.2479	-0.9752362536	0.9880500122	-3.430662328	134.6260536
20140402	2014.2507	-0.4736681936	0.110061498	-3.083284261	166.9188825
20140403	2014.2534	-0.8004548231	-0.1751429525	-2.066823593	192.342056
20140404	2014.2561	-0.8088998942	-0.4526956076	-1.803714814	209.2332765
20140405	2014.2589	0.03678216157	-0.667272201	1.832627604	273.1551321
20140406	2014.2616	-0.738623412	-0.9408130664	2.132780943	231.8648778
20140407	2014.2643	1.261736574	1.609531585	1.978436099	51.90655655
20140408	2014.2671	-0.5869925374	1.513954922	-3.666550062	111.1923718
20140409	2014.2698	-0.4812425247	0.4876704909	-5.104659987	134.6198937
20140410	2014.2726	-0.2662433473	1.134611205	-6.210081223	103.2058725
20140411	2014.2753	-0.07837232154	-0.5646717054	-6.588745907	262.0982432
20140412	2014.2781	0.1230868477	0.704970011	-7.820297615	80.09606556
20140413	2014.2808	0.4464434556	0.08632776361	-8.646181424	10.94408592
20140414	2014.2836	0.5105202898	0.04794022807	-9.26919835	5.364608392
20140415	2014.2863	0.7515071744	-0.2196778626	-9.528264077	343.7054935
20140416	2014.2890	0.9522555404	-0.4469858951	-9.799099844	334.8547803
20140417	2014.2918	1.136204471	0.1681738316	-9.692213177	8.419431193
20140418	2014.2945	1.295001637	0.9078833698	-9.44042921	35.03304312
20140419	2014.2973	1.420294708	0.9093277574	-7.554790848	32.62894786
20140420	2014.3000	1.503731353	1.094978411	-8.495029558	36.06114208
20140421	2014.3027	1.539518177	1.180237472	-7.830164066	37.47477793
20140422	2014.3055	1.532097516	3.791863631	-7.071724231	67.99889374
20140423	2014.3082	1.488470642	2.598754434	-6.246934639	60.19751067
20140424	2014.3110	1.415638826	0.8640627454	-5.120480923	31.39861749
20140425	2014.3137	0.724594117	0.8544644201	-4.540945506	49.70173212
20140426	2014.3164	1.252108281	-1.80275903	-5.853481819	304.7819542
20140427	2014.3192	0.6456736289	0.8362998917	-4.681582805	52.3297083
20140428	2014.3219	-0.5759871954	2.382092565	-0.4082473869	103.5931456
20140429	2014.3247	0.8550916244	-0.3491154621	-1.230285863	337.7908658
20140430	2014.3274	0.7333865152	-0.6587784367	-0.214399293	318.0676269
20140501	2014.3301	-1.013758707	2.174824485	0.579590644	114.9918066
20140502	2014.3329	1.145509698	0.7514339021	1.570857635	33.26415928
20140503	2014.3356	2.0095622	0.7205777486	2.080456018	19.72653874
20140504	2014.3384	0.31944433	-0.6911681819	2.815681738	294.8054507
20140505	2014.3411	-0.4972837871	-0.6664630221	3.562188839	233.2714075
20140506	2014.3438	1.642335845	0.9018008695	4.336825343	28.77103458
20140507	2014.3466	0.02064267375	0.5379573292	5.14835425	87.80250583
20140508	2014.3493	0.1307165616	0.4773062449	5.96144587	74.68432677
20140509	2014.3521	0.5629966004	-0.03599322768	6.734732911	356.3419721
20140510	2014.3548	0.455683465	0.5891292357	3.396563934	52.27853524
20140511	2014.3575	1.305459982	0.5322428099	5.70159923	22.1809772
20140512	2014.3603	0.5990631001	0.5530798169	6.006526413	42.71447583
20140513	2014.3630	0.6757244908	0.08324984746	4.104432874	7.023497498
20140514	2014.3658	1.065355694	-0.01342116855	4.759292708	359.2782358
20140515	2014.3685	0.8776091237	-0.1143393632	5.297174315	352.5770268
20140516	2014.3712	0.9260977942	0.3585195041	5.902054894	21.16287587
20140517	2014.3740	1.056461414	-0.3475557759	6.584871182	341.7897746
20140518	2014.3767	2.342834179	-0.4187690653	7.359093447	349.8657107
20140519	2014.3795	-0.3862621292	0.1499929279	9.491754176	158.7778622
20140520	2014.3822	1.006484602	-0.6195313565	3.135342014	328.386048
20140521	2014.3849	-0.5054322683	-0.5368827935	5.468657735	226.7283026
20140522	2014.3877	-0.5165972968	-1.187633496	17.58136242	246.4919039
20140523	2014.3904	-0.5350395219	-0.8891062841	10.6375152	238.9616367
20140524	2014.3932	-0.6479189322	-1.243492327	10.60357281	242.4783326
20140525	2014.3959	-0.8291436152	-1.224235619	10.41511296	235.8912148
20140526	2014.3986	-0.847302182	-1.183762672	15.27797547	234.4060373
20140527	2014.4014	-0.8462292817	-1.048146066	9.547927907	231.0840448
20140528	2014.4041	-1.164297966	0.4994040084	8.891152138	156.7839852
20140529	2014.4068	-0.755489989	-2.753672138	8.112101879	254.6579906
20140530	2014.4096	-0.6682626291	-1.231344989	7.151900626	241.5108954
20140531	2014.4123	-0.5547561486	-0.8751334384	11.86009148	237.6289665
20140601	2014.4151	-0.4161900636	-0.8115857568	5.046874334	242.8507521
20140602	2014.4178	-0.2748028693	-0.4311433277	4.633226102	237.4873089
20140603	2014.4205	-0.06279064925	-0.2086761686	3.105547328	253.2534615
20140604	2014.4233	0.2258332447	-0.253817652	2.029896878	311.6609614
20140605	2014.4260	0.2374960819	0.09103345515	0.9936673266	20.97208211
20140606	2014.4288	0.4776548971	0.1448055439	0.03167907217	16.86517006
20140607	2014.4315	0.6302536779	-0.597075716	-3.096103571	316.5484794
20140608	2014.4342	0.7496802195	-0.6029871422	-1.729823328	321.1893822
20140609	2014.4370	0.8363489216	-0.6189809311	3.331020936	323.4948969
20140610	2014.4397	1.814164403	-0.6421311878	-2.486571617	340.5083667
20140611	2014.4425	0.8208553484	-0.6693194662	-8.023493765	320.8064484
20140612	2014.4452	0.7430966516	-0.6974300764	-5.194013489	316.8157428
20140613	2014.4479	0.6407571353	-0.7368361083	-4.854861665	311.010419
20140614	2014.4507	0.4310284363	-0.6854009232	-3.863304309	302.164577
20140615	2014.4534	-0.8438857024	-0.7567647273	-4.250134403	221.8845517
20140616	2014.4562	0.09083998142	-0.7617414733	-3.295214509	276.8005792
20140617	2014.4589	-0.1197410156	-0.759349235	2.615638511	261.0388753
20140618	2014.4616	-0.4840630662	-0.7500180551	-1.616233285	237.1617257
20140619	2014.4644	-0.1161656085	-0.6887552924	-2.351950054	260.4265796
20140620	2014.4671	-0.7728219285	-0.7133389128	-2.319813969	222.7079819
20140621	2014.4699	-0.9652541655	-0.6846912921	-2.418184912	215.3495198
20140622	2014.4726	-1.120299404	0.3895666001	-2.639331394	160.8256803
20140623	2014.4753	-1.222085828	-0.6141101962	-2.975519777	206.6799798
20140624	2014.4781	-1.254740041	-1.152007933	-3.416270672	222.5558117
20140625	2014.4808	-1.202382343	0.4911830279	-3.095890292	157.7795833
20140626	2014.4836	-1.049131455	-0.4642296897	-4.696410242	203.8688886
20140627	2014.4863	-0.1510898112	-0.4678905225	-4.076889574	252.103849
20140628	2014.4890	0.0156345925	-0.7906075715	-4.980387554	271.1329001
20140629	2014.4918	0.1958969829	-0.05664245675	-5.460984274	343.8730865
20140630	2014.4945	0.1829043638	0.3048530408	-5.78883439	59.0372745
20140701	2014.4973	0.5176605858	-1.538754606	-5.91656065	288.5937267
20140702	2014.5000	0.6538268714	-1.028372865	-10.26297867	302.4477009
20140703	2014.5027	0.7585086478	-0.9117711004	-4.117801451	309.7573032
20140704	2014.5055	0.8221679232	-0.6708716103	6.059194615	320.7862834
20140705	2014.5082	0.8362769061	-0.3382816572	-4.298509475	337.9762175
20140706	2014.5110	0.7983867706	0.1081809718	-3.346646354	7.716550335
20140707	2014.5137	1.028077414	0.5797965798	5.213704364	29.42134582
20140708	2014.5164	0.5653764929	0.6796550718	-6.942401943	50.24435268
20140709	2014.5192	-1.13860356	1.016037326	1.714944479	138.2557481
20140710	2014.5219	0.2815275094	1.256882894	2.264474453	77.37478207
20140711	2014.5247	0.1047806234	1.475519998	-1.143744161	85.93809202
20140712	2014.5274	0.8769755401	1.68509694	3.462143089	62.5061641
20140713	2014.5301	-0.1477306685	1.89424279	4.032187091	94.45943109
20140714	2014.5329	-0.4007008415	2.223413709	4.307833492	100.2161134
20140715	2014.5356	-0.5400513759	2.27349061	4.459671836	103.362541
20140716	2014.5384	-0.6600157115	3.338804074	2.955655155	101.1820772
20140717	2014.5411	-0.7574236318	4.591324688	4.401574604	99.36762428
20140718	2014.5438	-0.8290149654	0.5718932071	3.944117581	145.4002768
20140719	2014.5466	-0.871527448	0.6729778972	4.071562214	142.3253225
20140720	2014.5493	-0.8831252445	2.762891415	3.524786544	107.7258582
20140721	2014.5521	-0.8667777999	2.36901919	3.171125234	110.0965849
20140722	2014.5548	-0.8839547433	2.73253626	2.887403162	107.9260006
20140723	2014.5575	-0.7522892108	2.663813613	8.474236902	105.7702424
20140724	2014.5603	-0.8259470144	2.557305802	-1.721501856	107.8991833
20140725	2014.5630	-0.5275701223	4.383797778	2.696684368	96.86228455
20140726	2014.5658	-0.3734345532	0.1131720507	2.299613168	163.1401869
20140727	2014.5685	-0.1923535527	1.722555836	-6.815172094	96.37168139
20140728	2014.5712	0.01015022216	2.394461126	1.719151775	89.75712222
20140729	2014.5740	0.2654381831	1.823667135	1.575003551	81.71864584
20140730	2014.5767	0.4461919535	0.7807606011	1.513720906	60.25273783
20140731	2014.5795	0.5942560184	3.077167445	1.510458278	79.06971548
20140801	2014.5822	0.9011459543	1.705848617	1.54034737	62.15392085
20140802	2014.5849	1.735768853	1.464626555	1.576832511	40.1573799
20140803	2014.5877	2.029942761	-0.5274852447	1.433211241	345.4337122
20140804	2014.5904	2.236107732	-0.729101608	1.218080848	341.9410093
20140805	2014.5932	2.338886338	0.4635799993	1.488311631	11.21103245
20140806	2014.5959	1.696051086	0.4904162213	3.490450289	16.12732053
20140807	2014.5986	1.750879482	0.5387355857	3.79274	17.10283172
20140808	2014.6014	1.767161756	0.6007632956	1.309130594	18.77594935
20140809	2014.6041	1.746038233	0.6731536951	0.7853444376	21.08324973
20140810	2014.6068	1.688649239	0.550046084	0.5527692305	18.04205622
20140811	2014.6096	1.5961351	0.8369713741	1.831404184	27.67133775
20140812	2014.6123	1.469636141	0.8306051574	2.340404935	29.47415313
20140813	2014.6151	1.310292689	0.8446837657	-1.922489137	32.80796267
20140814	2014.6178	1.095431592	2.287085813	-3.842550461	64.40726048
20140815	2014.6205	0.823221414	1.954796469	-4.259835301	67.16263095
20140816	2014.6233	0.7511407431	1.697233193	-10.57037792	66.12736194
20140817	2014.6260	0.4507956528	1.328873085	-0.3369935638	71.26144353
20140818	2014.6288	0.209129743	0.8790688727	-5.362615847	76.61813467
20140819	2014.6315	0.04478525778	0.2321717757	-5.71339728	79.08191136
20140820	2014.6342	0.3234227143	0.05087157518	-5.79244158	8.938889405
20140821	2014.6370	0.2886505596	-1.428160368	-6.240553379	281.4263248
20140822	2014.6397	0.9104041457	-2.632381317	-6.215863267	289.0778483
20140823	2014.6425	0.5343521555	-0.05733103429	-6.532399857	353.8761201
20140824	2014.6452	-0.5807291539	-0.6850548945	-6.266254154	229.7116604
20140825	2014.6479	-0.5777206748	-0.8419178772	-6.266328695	235.5422421
20140826	2014.6507	0.7497975726	-2.29775691	-6.130715492	288.0723945
20140827	2014.6534	-1.02836605	-1.085535934	-6.3840655	226.5491706
20140828	2014.6562	-1.12945286	-1.166130946	-5.860726373	225.9153753
20140829	2014.6589	-1.174926173	-1.215493114	-5.723554036	225.9722526
20140830	2014.6616	-1.414404132	-1.886493606	-5.615933587	233.1391628
20140831	2014.6644	-1.302679389	-1.184932528	-3.133969956	222.2900248
20140901	2014.6671	-1.309562709	-1.148006322	-5.385874475	221.2388851
20140902	2014.6699	-1.291718369	-0.05440867793	-5.853612461	182.411939
20140903	2014.6726	-1.252278219	-0.8973099849	-2.222824152	215.6231893
20140904	2014.6753	-1.962815984	-0.7150872344	-1.971082454	200.0175422
20140905	2014.6781	-1.848584349	-0.4623267439	-4.842319495	194.0415133
20140906	2014.6808	-1.762134027	-1.606537543	-1.622594765	222.3554293
20140907	2014.6836	-1.536840262	1.118397195	-1.517541846	143.9556787
20140908	2014.6863	-1.27798791	-0.3983062858	-1.453085939	197.310518
20140909	2014.6890	-1.184208139	-0.4422428631	-5.733481748	200.4781603
20140910	2014.6918	-0.5910658595	-0.4306564903	-1.427665099	216.0774548
20140911	2014.6946	-0.4262223338	-0.3717678325	-1.449133835	221.096213
20140912	2014.6973	-0.5999026054	-0.5783497199	-1.003578617	223.9520482
20140913	2014.7000	-0.6368067092	-0.1459983916	-1.362320938	192.9128386
20140914	2014.7027	-0.7016547583	0.00420752903	-1.629753743	179.6564254
20140915	2014.7055	-0.7971371427	0.1670542023	-1.326902696	168.1639454
20140916	2014.7082	-0.9171511986	0.3258590442	-1.152373717	160.4401391
20140917	2014.7110	-1.053394268	0.59553214	-0.8822564545	150.5185306
20140918	2014.7137	-0.1630975626	1.906911004	-0.4976382879	94.88859453
20140919	2014.7164	-1.34138919	0.6886297276	0.02585859861	152.8253705
20140920	2014.7192	-1.498964606	0.7466784789	0.4962734654	153.5207507
20140921	2014.7219	-1.445307685	0.6818506062	1.311774281	154.7435389
20140922	2014.7247	-1.688112761	0.7555918116	9.043276776	155.8869216
20140923	2014.7274	-1.748168517	1.393765103	-3.909589601	141.4356395
20140924	2014.7301	-2.519867341	2.042555924	3.63677243	140.9724415
20140925	2014.7329	-2.221080109	1.101105302	3.893438227	153.6299853
20140926	2014.7356	-2.072759629	0.06195479573	4.792692983	178.2879386
20140927	2014.7384	-1.548396378	0.3652573471	5.318992545	166.7269192
20140928	2014.7411	-1.495770509	-0.1371784905	5.765953804	185.2399905
20140929	2014.7438	-1.035613769	-1.033677975	6.133785332	224.9464006
20140930	2014.7466	-1.171632172	-2.423657823	6.422695698	244.2001878
20141001	2014.7493	-0.7443467167	-1.534967575	10.20380884	244.1300162
20141002	2014.7521	-0.7444662908	-1.751286694	9.438872276	246.9698126
20141003	2014.7548	-0.3771932779	-1.900141997	7.879950191	258.7722916
20141004	2014.7575	0.8687395281	-1.964845913	4.519714732	293.8522011
20141005	2014.7603	-1.223748406	-1.934197087	6.690805148	237.6788456
20141006	2014.7630	0.29037165	-1.81893901	9.684481988	279.0700483
20141007	2014.7658	0.4356800491	-1.635301388	0.4571394361	284.9183216
20141008	2014.7685	0.7036376522	-1.399513925	0.6984738662	296.6920098
20141009	2014.7712	0.02574725354	-0.9147547897	8.581416753	271.6122567
20141010	2014.7740	0.1020652476	-0.5424800879	5.255457363	280.6553856
20141011	2014.7767	0.6806406003	0.08059494547	4.761579523	6.752973763
20141012	2014.7795	0.5757963231	0.4399357014	4.326298859	37.38154349
20141013	2014.7822	0.3153863739	0.828207294	3.894898546	69.15286237
20141014	2014.7849	0.2219299327	1.106446175	3.479885827	78.65816951
20141015	2014.7877	0.2569811149	1.26581018	3.083593444	78.52394589
20141016	2014.7904	0.1574462001	1.286751334	2.510606978	83.0239959
20141017	2014.7932	1.605161071	1.159397165	2.413392427	35.84033113
20141018	2014.7959	-1.950363528	-0.9525561576	2.733470395	206.0308502
20141019	2014.7986	-0.2294879092	-0.07347965691	2.628561129	197.7545287
20141020	2014.8014	-0.1400609933	0.2299889937	3.723585721	121.3409961
20141021	2014.8041	-0.9929297176	0.3164917964	-0.6776420565	162.3205574
20141022	2014.8068	0.07775242258	0.2327887428	1.729476276	71.53046304
20141023	2014.8096	-0.168627164	0.1788513744	1.117050481	133.3146149
20141024	2014.8123	-0.04073329743	-0.7801047516	0.3530323032	267.0110059
20141025	2014.8151	0.1394569067	-0.7640473557	-2.107242112	280.3439826
20141026	2014.8178	-0.1795038079	-0.6412471198	-2.650805944	254.361514
20141027	2014.8206	0.218294354	-0.4314963616	-2.679636872	296.834885
20141028	2014.8233	0.6134944832	-0.1545873991	-3.670788636	345.8571166
20141029	2014.8261	1.012919459	0.1696874502	-3.67463052	9.510061694
20141030	2014.8288	1.686612901	1.046918857	-3.805902379	31.82881194
20141031	2014.8315	1.816861508	0.8210074681	-3.853838621	24.31736614
20141101	2014.8343	2.112471412	2.036430547	-3.800695367	43.95000341
20141102	2014.8370	1.270488654	0.7026304653	-2.829875245	28.94432884
20141103	2014.8398	2.16912188	0.9701343852	-2.642281505	24.09646239
20141104	2014.8425	0.8536392706	1.37486503	-3.252978029	58.16428807
20141105	2014.8452	2.230010127	2.380923535	-2.13622822	46.87459124
20141106	2014.8480	2.192060068	2.554712187	-2.323955929	49.36889499
20141107	2014.8507	2.113503202	2.235373756	-1.240465994	46.60520554
20141108	2014.8534	1.955317867	2.045082869	-0.8431357377	46.28544442
20141109	2014.8562	1.892858477	2.65963321	-0.2571477939	54.56057734
20141110	2014.8589	1.686947422	2.535058677	-0.9211439421	56.35833579
20141111	2014.8617	1.408735463	2.319445987	-0.5772519387	58.72723743
20141112	2014.8644	1.322137985	2.005566927	-1.009958508	56.60576964
20141113	2014.8671	1.409879136	1.349068597	0.9963487574	43.73733628
20141114	2014.8699	0.5875464202	1.220280716	-1.560989565	64.28989934
20141115	2014.8726	-0.262497517	1.091815756	-1.843095373	103.5186421
20141116	2014.8753	-0.6884705162	0.8806867548	-1.943129952	128.0162614
20141117	2014.8781	0.1521845567	0.7223421459	-2.059525509	78.10279553
20141118	2014.8808	-0.7234531466	0.5732786141	-1.47285006	141.6059972
20141119	2014.8836	-0.8263116142	0.4386488436	-1.377989744	152.0383308
20141120	2014.8863	-0.8960161378	0.3199511324	-0.9699062727	160.3492742
20141121	2014.8890	-0.9288673022	0.2166469673	-0.5987795004	166.8711688
20141122	2014.8918	-0.9252837569	0.1278983113	-0.2464560572	172.1301003
20141123	2014.8945	-1.051140608	0.05286712746	0.08382622437	177.1207343
20141124	2014.8973	-0.823134841	-0.009284497122	0.4844372676	180.6462367
20141125	2014.9000	-0.6212982454	-0.0593939792	0.4625247475	185.4606856
20141126	2014.9027	0.9383730185	0.2048244791	-0.349616535	12.31317664
20141127	2014.9055	-0.2175852812	0.8171563032	1.123517472	104.9102668
20141128	2014.9082	-0.03953072739	1.060239543	0.8144689243	92.13526763
20141129	2014.9110	0.1506351068	0.4349672269	1.069066263	70.89832981
20141130	2014.9137	1.399177094	0.5094613185	1.635159311	20.00732208
20141201	2014.9164	-0.4853808152	0.2176120017	1.75969998	155.8517552
20141202	2014.9192	0.6153938028	-0.1778420339	1.859052975	343.8812883
20141203	2014.9219	0.3889082866	-0.1944645906	1.931947631	333.4337175
20141204	2014.9247	0.9173123654	-0.7859836922	1.099446259	319.4089346
20141205	2014.9274	1.109746717	-0.2912568512	1.011159397	345.2941915
20141206	2014.9301	1.155076432	0.381457046	0.9742252996	18.27549559
20141207	2014.9329	1.231657913	-0.4157716745	-0.1875432534	341.3468226
20141208	2014.9356	1.312477185	-0.908835256	1.012461844	325.2990272
20141209	2014.9384	1.304146076	-0.7551012248	1.066655709	329.9291374
20141210	2014.9411	1.241532614	-0.7668964588	1.130248785	328.2963158
20141211	2014.9438	0.7983570011	-0.7762322132	1.500643907	315.8050186
20141212	2014.9466	0.7951184308	-0.6071764839	1.276487697	322.6335519
20141213	2014.9493	0.696988237	-0.7952482378	1.287277417	311.2326564
20141214	2014.9521	0.5785227977	-1.573666807	4.225923344	290.1848031
20141215	2014.9548	0.3434803109	-0.8271765283	3.790921204	292.5503882
20141216	2014.9575	0.35072559	-0.8501544382	3.453000164	292.4182718
20141217	2014.9603	0.141047202	-0.8746589965	5.282016141	279.1606341
20141218	2014.9630	-0.01770155232	-0.8970385432	0.9680518166	268.8695105
20141219	2014.9658	-0.170559157	-1.025373572	1.047563213	260.5559702
20141220	2014.9685	-0.3092422236	-1.057679002	-0.4838972369	253.7022338
20141221	2014.9712	-0.4259598958	-0.9151850753	-1.584637555	245.0410455
20141222	2014.9740	-0.5129213173	-0.9549238501	-0.8557908874	241.7582776
20141223	2014.9767	-0.5623356319	-0.7963938652	-2.462106401	234.7739924
20141224	2014.9795	-0.5681095037	0.6832943055	-2.993814764	129.7410584
20141225	2014.9822	-0.5323761294	-0.6963118754	-3.050813566	232.5997143
20141226	2014.9849	-0.4648004703	-0.5431865733	1.479766923	229.4466566
20141227	2014.9877	-0.376837698	-0.4520979853	-0.568417142	230.1877448
20141228	2014.9904	-0.2308937458	-0.3683344775	-1.099300158	237.9180913
20141229	2014.9932	-0.3393812892	-0.3681590217	-1.119879851	227.3291031
20141230	2014.9959	-0.4556656486	-0.2608399584	-3.20225323	209.7884263
20141231	2014.9986	0.09555705144	0.3428160481	-3.201819592	74.42464117
