# YYYYMMDD	YYYY.DECM	N_filt(mm)	E_filt(mm)	U_filt(mm)	Azimuth(deg)
20130101	2013.0014	3.451504135	0.8352386756	0	13.60363742
20130102	2013.0041	5.065457966	0.7183069841	-1.689231477	8.071012857
20130103	2013.0068	2.019355148	0.2804244011	0.6859255329	7.90600494
20130104	2013.0096	2.67759062	0.3960571739	0.2979721895	8.413925489
20130105	2013.0123	2.027956353	0.4769751601	-2.661955183	13.23540549
20130106	2013.0151	2.072068524	0.6165059509	-3.722167924	16.56940719
20130107	2013.0178	1.498786369	1.407683474	-3.564738603	43.20465954
20130108	2013.0205	1.517574005	0.4211843325	-4.33913194	15.5113518
20130109	2013.0233	1.461850516	0.07629996809	-4.584814807	2.987790323
20130110	2013.0260	1.395583984	0.1875100469	-3.908727144	7.65240687
20130111	2013.0288	1.2944801	0.009305024827	-4.656189368	0.4118483309
20130112	2013.0315	-0.08114537739	-0.1541511209	-4.508586202	242.2376151
20130113	2013.0342	-0.3766017037	-0.2729351779	-4.08072472	215.9320329
20130114	2013.0370	-0.4007945312	-0.3677763788	-4.59322924	222.5400601
20130115	2013.0397	-0.6956593232	-0.6310763387	-4.653871124	222.2131496
20130116	2013.0425	0.03954438414	-1.394580117	-4.632117376	271.6242304
20130117	2013.0452	-1.107224171	0.1381591421	-3.447740247	172.8874099
20130118	2013.0479	-1.948993593	-0.5457950066	-2.839742931	195.64434
20130119	2013.0507	-1.256352404	-0.5500465766	-3.005708476	203.6443964
20130120	2013.0534	-1.393825194	-0.7951029783	-3.194590236	209.702454
20130121	2013.0562	-2.058630674	-0.5241736584	-0.3040801664	194.2852406
20130122	2013.0589	-1.678904512	-0.491122263	-0.5705100838	196.3055402
20130123	2013.0616	-1.819616582	-0.4442723049	-0.9719949774	193.7207319
20130124	2013.0644	-1.954630556	-0.7422808488	-0.7526089532	200.7945269
20130125	2013.0671	-2.0805879	-0.8559728126	-0.5600283092	202.3627123
20130126	2013.0699	-2.521774417	-0.9520424676	-0.3828395319	200.6829659
20130127	2013.0726	-2.827202406	-0.05375770156	-0.2096291081	181.0893165
20130128	2013.0753	-1.993719339	0.2852047919	-0.02874744557	171.8589778
20130129	2013.0781	-1.662884512	0.1309887955	0.1683023127	175.4959954
20130130	2013.0808	-2.031037053	0.5021174142	0.3747838518	166.1136492
20130131	2013.0836	-1.246577853	0.3905854384	0.5836129942	162.6028619
20130201	2013.0863	-1.277446941	-0.1719514065	0.788918017	187.666249
20130202	2013.0890	-0.8395768976	-0.1585604948	0.725042075	190.6947809
20130203	2013.0918	-1.481261513	-0.3257342759	2.006158175	192.402133
20130204	2013.0945	-0.43157012	-1.113011797	0.2156322357	248.8062068
20130205	2013.0973	-0.1447794355	0.3237055811	-1.073036901	114.0968926
20130206	2013.1000	-0.1332154909	-0.4972343284	-0.3161059239	255.0019401
20130207	2013.1027	-0.05891496988	-0.807282735	0.7981127275	265.825991
20130208	2013.1055	-0.05253440639	-0.9280987258	0.07013235076	266.7602679
20130209	2013.1082	-0.1221709192	-0.6440415898	-0.09498395729	259.2589474
20130210	2013.1110	-0.2543042873	-0.8512831397	1.56494438	253.3675072
20130211	2013.1137	-0.3586035934	-1.328353166	1.495447484	254.8925058
20130212	2013.1164	-0.812781118	-1.230253715	1.417139373	236.5488007
20130213	2013.1192	-0.7159632907	-1.487151255	2.045964395	244.2923138
20130214	2013.1219	-1.029315201	-1.654903258	1.273796662	238.1192523
20130215	2013.1247	-1.478464883	-1.774749408	0.2637587229	230.2038224
20130216	2013.1274	-0.6065884215	-1.831648219	1.214123681	251.6766366
20130217	2013.1301	-1.121146474	-1.813759609	1.236315082	238.2783795
20130218	2013.1329	-0.7689621509	-1.719415398	1.256387985	245.9047074
20130219	2013.1356	-0.7942997598	-1.51322522	2.203538805	242.3047862
20130220	2013.1384	-0.1710664793	-1.302516591	1.969048395	262.5178621
20130221	2013.1411	-1.942362491	-1.11688136	1.588966241	209.8994101
20130222	2013.1438	-1.36148632	-0.5943219128	1.718675784	203.5824404
20130223	2013.1466	-0.5918651485	-0.1340061324	1.345303408	192.7574335
20130224	2013.1493	-0.4744291945	0.8294523817	1.189766633	119.7686421
20130225	2013.1521	-0.3375671373	1.991745729	1.059921276	99.61925565
20130226	2013.1548	-0.18702164	1.437267949	0.9558057999	97.41384317
20130227	2013.1575	0.1141913308	1.918839791	0.8774295343	86.59430972
20130228	2013.1603	0.05120182133	2.32549481	0.8281921481	88.73868807
20130301	2013.1630	-0.4124516411	1.322527055	0.8252318441	107.3209415
20130302	2013.1658	0.4151439718	1.404225997	3.375402425	73.53026561
20130303	2013.1685	0.4782198655	1.466034322	1.040444183	71.9336926
20130304	2013.1712	0.6743369184	1.506226048	1.299564207	65.88195286
20130305	2013.1740	0.7342315207	1.524249243	2.810905583	64.279863
20130306	2013.1767	0.7866229473	1.519854811	2.651129692	62.63551877
20130307	2013.1795	0.9588924467	0.3747631778	2.667806497	21.34701
20130308	2013.1822	0.7522945549	2.558964547	3.596197778	73.61750929
20130309	2013.1849	0.6447907402	2.11979553	6.399696797	73.08150225
20130310	2013.1877	0.7387504404	0.3022437971	5.052582254	22.25086451
20130311	2013.1904	0.4934709255	-0.6546146771	5.805951333	307.0102362
20130312	2013.1932	-0.0337191301	0.4742792827	7.265356087	94.0666305
20130313	2013.1959	-1.100222429	-0.3905063283	4.409688228	199.5415031
20130314	2013.1986	-0.5447022851	-0.4165072543	5.70376276	217.4033795
20130315	2013.2014	-0.8361053103	-0.1165140973	3.523402355	187.9332705
20130316	2013.2041	-1.041536813	1.677408626	2.945894188	121.8369791
20130317	2013.2068	-1.203633023	0.1311979237	3.113537503	173.7792279
20130318	2013.2096	-1.324070131	-0.03343288789	2.919049113	181.4464162
20130319	2013.2123	-1.404524329	-0.06512324338	2.799680572	182.6547183
20130320	2013.2151	-1.446671809	0.6786813852	2.420942192	154.8671799
20130321	2013.2178	-1.452194081	-0.7507274986	1.976518731	207.3371941
20130322	2013.2205	-1.541087015	0.9157638384	-0.7958819556	149.2798464
20130323	2013.2233	-1.360181175	0.3472197142	0.2898486838	165.679676
20130324	2013.2260	-0.02108531462	0.3161763787	-2.440824335	93.81531776
20130325	2013.2288	-1.136121018	0.2011210606	-4.91003103	169.9612543
20130326	2013.2315	-0.9697888673	-0.2410057532	-3.314962604	193.9560624
20130327	2013.2342	-0.6985562057	-0.6747473913	-3.310856982	224.0067688
20130328	2013.2370	-0.5583813248	-0.5192711789	-1.542337031	222.9215348
20130329	2013.2397	-0.2183925179	0.393268643	-1.555251243	119.0445766
20130330	2013.2425	0.1221370139	0.5674220933	-3.716665975	77.85248656
20130331	2013.2452	0.6474144786	0.6036290151	-4.928044835	42.9955144
20130401	2013.2479	0.7313799239	0.7952575022	-5.578210824	47.39597297
20130402	2013.2507	1.21416267	0.9568940453	-8.536191976	38.24200674
20130403	2013.2534	1.525992343	1.102123762	-4.367751577	35.83810157
20130404	2013.2562	1.775872584	0.2744264545	-7.504853156	8.784461118
20130405	2013.2589	1.953758802	1.959625322	-7.934703001	45.08589154
20130406	2013.2616	2.063048706	1.936190159	-5.467089189	43.18314855
20130407	2013.2644	2.105220689	0.3084387848	-6.299223672	8.335181385
20130408	2013.2671	2.0804702	2.251502632	-11.79156033	47.26094435
20130409	2013.2699	1.988992689	2.616084713	-9.203276845	52.75450135
20130410	2013.2726	1.830983604	2.831821574	-10.39880161	57.11432175
20130411	2013.2753	1.579788243	2.788671231	-9.945631566	60.46835332
20130412	2013.2781	1.322098013	3.124822939	-10.34685349	67.06700473
20130413	2013.2808	0.9608375044	2.359425967	-10.50414797	67.84219606
20130414	2013.2836	0.430259674	1.927000177	-7.654940484	77.41347731
20130415	2013.2863	-0.1040367484	-0.4180242162	-9.502320853	256.0243133
20130416	2013.2890	-0.3058812678	0.9098064439	-5.123118097	108.5828902
20130417	2013.2918	-0.931030764	0.2601520275	-4.064248966	164.3883791
20130418	2013.2945	-1.395002282	0.4907701503	-1.996814524	160.6178229
20130419	2013.2973	-1.794124775	-0.1900865503	-1.512754119	186.0478944
20130420	2013.3000	-2.09758469	-1.463228069	0.3055265367	214.8987638
20130421	2013.3027	-2.274568471	-1.719309983	1.712067833	217.0850522
20130422	2013.3055	-2.302816894	-2.091170467	3.032743711	222.2423494
20130423	2013.3082	-2.195160484	-2.872392764	4.273171612	232.6119561
20130424	2013.3110	-1.976473802	-2.98295797	5.127566352	236.4720008
20130425	2013.3137	-1.672503839	-2.678030583	6.068596518	238.0140872
20130426	2013.3164	-1.106427849	-2.520443979	6.634828407	246.2994226
20130427	2013.3192	-1.060034383	-2.280956618	6.726029925	245.0741814
20130428	2013.3219	-0.5064588391	-2.046883027	6.949289707	256.1024662
20130429	2013.3247	-0.1191359213	-1.780120798	8.174889815	266.1711467
20130430	2013.3274	0.2242487195	-1.501762732	6.764767741	278.4928636
20130501	2013.3301	0.5023495454	-1.218850555	5.838828566	292.3990195
20130502	2013.3329	1.691818344	-0.7900713873	3.086656778	334.9676417
20130503	2013.3356	1.509425941	-0.7406006268	1.58319327	333.8650979
20130504	2013.3384	0.9916091991	-0.3917072743	-0.1409464469	338.4448984
20130505	2013.3411	0.9076304663	-0.1194897291	-0.258479173	352.5001296
20130506	2013.3438	0.4766419875	-0.04591541798	-2.41028748	354.4976162
20130507	2013.3466	1.055406313	0.2850015272	-1.778016241	15.11169129
20130508	2013.3493	0.0787084621	0.4376246039	-1.05529114	79.80413845
20130509	2013.3521	-0.6480815607	0.4499829375	-0.7736131741	145.2265648
20130510	2013.3548	-1.036349502	0.6339265847	-0.3561873877	148.5462126
20130511	2013.3575	0.6074278763	0.5843564592	0.01212616366	43.89096568
20130512	2013.3603	0.307544472	1.225122416	0.3066660396	75.90813917
20130513	2013.3630	-0.2911689424	0.4755479952	0.5742167501	121.4783386
20130514	2013.3658	0.7724388716	0.3756145284	-0.02839657658	25.93230535
20130515	2013.3685	-0.1808200213	0.2515068018	0.4919656423	125.7141273
20130516	2013.3712	-0.3507915344	0.107873876	0.3045359188	162.9065194
20130517	2013.3740	-0.4253838406	-0.05188441844	0.2035119776	186.9540644
20130518	2013.3767	0.2771362148	-0.2278215874	-0.974943181	320.5778683
20130519	2013.3795	-0.5063159699	-0.415050117	-1.50809223	219.3430243
20130520	2013.3822	-0.4658246096	-0.6071346665	-1.716804834	232.5027446
20130521	2013.3849	-0.3758507178	-0.7976398954	0.2433901803	244.770022
20130522	2013.3877	-0.2471969877	0.3912031767	-1.961133603	122.288342
20130523	2013.3904	-0.1384379698	-2.495920652	-1.40333809	266.8253028
20130524	2013.3932	0.3082080524	-1.29532625	-1.435246445	283.3840016
20130525	2013.3959	-0.7711498431	-2.320576373	-0.7352711557	251.6178566
20130526	2013.3986	-0.5035820122	-2.583173058	-0.04159435051	258.9687127
20130527	2013.4014	-0.693034234	-1.929922844	0.6191863478	250.2468146
20130528	2013.4041	-0.8509488931	-2.234163983	1.142633766	249.1491521
20130529	2013.4068	-0.8951552323	-2.51024855	1.661205176	250.3737535
20130530	2013.4096	-0.8915023918	-2.748764435	3.913535411	252.0306486
20130531	2013.4123	-0.8227622598	-2.941340526	1.481327254	254.3724417
20130601	2013.4151	-0.7053672967	-2.380678588	2.01941992	253.4960579
20130602	2013.4178	0.2264728686	-3.174082346	1.497477199	274.0811754
20130603	2013.4205	0.3980346177	-3.212847049	1.284289683	277.0623001
20130604	2013.4233	0.5878102638	-3.199388024	1.040237004	280.4106142
20130605	2013.4260	1.754384584	-3.499357877	0.7927599928	296.6266553
20130606	2013.4287	1.484448615	-3.694446421	-2.19551077	291.8905291
20130607	2013.4315	2.473938803	-3.751017722	-2.369516928	303.4063694
20130608	2013.4342	2.227764624	-5.055108451	-2.301793395	293.7828819
20130609	2013.4370	2.389591502	-2.020982896	-2.036332465	319.777326
20130610	2013.4397	2.49194917	-3.143156309	-1.573152673	308.4079948
20130611	2013.4425	2.83261875	-2.709882265	-0.7449142697	316.268585
20130612	2013.4452	2.781415264	-2.247835272	-0.555127973	321.0561593
20130613	2013.4479	2.548593932	-1.39826806	0.08875604354	331.2489364
20130614	2013.4507	2.490828713	-0.9404556353	0.4300754317	339.3151001
20130615	2013.4534	2.258541815	0.001066360322	1.507652947	0.02705194162
20130616	2013.4562	1.301989921	0.4265956268	1.434965363	18.14132846
20130617	2013.4589	1.013264931	-0.7873542477	2.522573084	322.1511221
20130618	2013.4616	1.166775677	1.929772173	2.923952688	58.84207201
20130619	2013.4643	1.475757567	2.566103233	3.226537069	60.09693339
20130620	2013.4671	0.9795433992	3.077066739	3.310737345	72.34181572
20130621	2013.4698	1.487478786	3.449776163	3.491853951	66.67520057
20130622	2013.4726	1.13242499	3.664355184	8.364126784	72.82686364
20130623	2013.4753	1.088182661	3.728877971	9.59107173	73.73139473
20130624	2013.4780	1.004531932	5.555629715	9.458884706	79.75089455
20130625	2013.4808	0.9197207498	5.022803522	8.828910543	79.62357564
20130626	2013.4835	0.8336847103	4.454252755	8.947617937	79.39883222
20130627	2013.4863	0.7479791941	3.757110662	6.465864631	78.74056167
20130628	2013.4890	0.634128729	3.413530924	4.696600106	79.47617718
20130629	2013.4917	0.5675834133	2.494453452	2.802939285	77.18127214
20130630	2013.4945	0.4647069661	1.878779346	0.3943087036	76.10700947
20130701	2013.4972	0.4781245212	1.343511256	0.7040090938	70.41053429
20130702	2013.5000	0.5294097889	0.953568555	-2.009495455	60.96149234
20130703	2013.5027	-0.270917165	-0.4008958496	-3.605478384	235.9499818
20130704	2013.5054	0.09454539285	0.1048928431	-3.54175046	47.97001283
20130705	2013.5082	-0.1335858174	0.9968086999	-3.34616959	97.63292962
20130706	2013.5109	-0.2106135114	1.661315229	-2.113709274	97.22513905
20130707	2013.5137	-0.3681011653	1.964064887	-1.214661611	100.615118
20130708	2013.5164	-0.05329950626	2.704642019	-1.217862896	91.12896328
20130709	2013.5192	-0.5302742363	3.207650821	-0.9683154679	99.38697909
20130710	2013.5219	-0.4846064445	0.9307837028	-0.5287423588	117.5034443
20130711	2013.5246	-0.515079881	0.4670967364	-1.475517023	137.7968978
20130712	2013.5274	-0.645449792	0.4085970725	-1.136075988	147.6644561
20130713	2013.5301	-0.86650033	0.08308957898	-1.244273031	174.5225981
20130714	2013.5329	-1.034277038	-0.2521785854	0.7685583262	193.7025633
20130715	2013.5356	-1.187801873	-0.5905700303	-0.7906470931	206.4363692
20130716	2013.5383	-1.307179662	-0.9151037654	1.124165195	214.9943147
20130717	2013.5411	-1.368953883	-1.211828333	0.7793174024	221.5159663
20130718	2013.5438	-1.743479386	-1.478913136	1.158510512	220.3064047
20130719	2013.5466	-1.397774391	-1.715501071	1.452839446	230.827171
20130720	2013.5493	-2.208906559	-2.705422648	4.771083201	230.7692646
20130721	2013.5520	-2.163676578	-2.994480853	4.659103942	234.1498251
20130722	2013.5548	-1.387033892	-2.709827208	3.829282759	242.8942153
20130723	2013.5575	-3.153548139	-2.442906263	2.172077766	217.7632694
20130724	2013.5603	-3.099472263	-0.101952587	-7.87465145	181.8839812
20130725	2013.5630	-3.595205812	0.1286193836	-7.949611114	177.951103
20130726	2013.5658	-3.682473007	0.5940716989	-7.883072258	170.8357659
20130727	2013.5685	-3.715844021	0.6996333101	-7.678490942	169.3369665
20130728	2013.5712	-2.652711701	-1.217140931	-9.038277527	204.6470275
20130729	2013.5739	-1.895944564	0.4335467321	-6.86902518	167.1196
20130730	2013.5767	-1.45051021	-0.7892478479	-6.17415701	208.5513811
20130731	2013.5795	-0.642015956	-0.8132150935	-5.495641247	231.7096615
20130801	2013.5822	-0.5059036528	-0.8109470629	-5.234206401	238.0423115
20130802	2013.5849	-0.0007213325788	-0.9775192728	-3.728042347	269.9577202
20130803	2013.5877	0.4235366114	-0.841727698	-2.958998307	296.7104126
20130804	2013.5904	0.7698767858	-0.8464291495	-2.062365252	312.2883524
20130805	2013.5932	0.6375988071	-0.8535593733	-3.137139359	306.7592985
20130806	2013.5959	1.112636601	-2.054705832	3.943585374	298.4358338
20130807	2013.5986	1.056672481	-2.110314899	0.007086275573	296.5979486
20130808	2013.6014	-0.06271672827	-2.036028224	1.205993888	268.2356492
20130809	2013.6041	0.5724283888	-1.895504982	-2.327473385	286.8039251
20130810	2013.6068	0.07971406787	-1.269055776	1.129825881	273.5942368
20130811	2013.6096	-0.4071352181	-1.494028435	0.4126960345	254.7565571
20130812	2013.6123	-1.071530159	-1.094925525	1.144138117	225.6187081
20130813	2013.6151	-1.039221594	-1.147575519	1.824034198	227.8366369
20130814	2013.6178	-1.850727617	-0.8805509996	-0.3217833192	205.4444689
20130815	2013.6205	-2.304435415	-0.7278795223	-0.7792502197	197.5292552
20130816	2013.6233	-2.552203107	-0.6038624639	7.166615337	193.311634
20130817	2013.6260	-2.749700473	-0.5083880017	3.502153407	190.4750411
20130818	2013.6288	-3.777826683	1.007408964	3.555326534	165.0687454
20130819	2013.6315	-0.8224196494	0.5654784681	3.463779798	145.4884041
20130820	2013.6342	-2.707557444	-0.3624253144	3.246112111	187.6241169
20130821	2013.6370	-2.465205081	-0.4829019961	2.920922384	191.0831687
20130822	2013.6397	-2.099578019	-0.400013412	2.506809531	190.7867677
20130823	2013.6425	-1.609165939	-0.4125082734	2.022372461	194.3781078
20130824	2013.6452	0.1112347369	-0.418489882	1.486585271	284.8850637
20130825	2013.6479	1.46463525	-2.287187883	0.9199227901	302.6340799
20130826	2013.6507	-0.03757826567	-0.3999319763	2.484614462	264.6321546
20130827	2013.6534	0.9843276348	-0.3878112911	0	338.4962549
20130828	2013.6562	1.372729605	0.9941312015	-0.6521397254	35.9120675
20130829	2013.6589	1.938492344	-1.593168472	-1.274841393	320.5845975
20130830	2013.6616	2.316855477	-0.4299157461	0.458834267	349.4877601
20130831	2013.6644	2.533165131	-0.2621261284	-4.351023712	354.0921903
20130901	2013.6671	2.770340111	-0.5982270558	-2.547039225	347.8146551
20130902	2013.6699	2.887018127	-0.7457805169	-2.856425758	345.5158711
20130903	2013.6726	2.895222805	-0.6181945936	-5.3004168	347.9470703
20130904	2013.6753	2.829823698	-0.4815729278	-5.333325608	350.3420587
20130905	2013.6781	1.61966432	-0.3366721997	-5.53801222	348.2574079
20130906	2013.6808	2.893945547	-0.1625683383	-7.713605913	356.7847701
20130907	2013.6836	3.266354373	-0.02991026961	-3.995240685	359.4753526
20130908	2013.6863	1.293279621	0.02149411103	-4.251959624	0.9521594986
20130909	2013.6890	1.460188402	0.2801313477	-3.54494255	10.8600169
20130910	2013.6918	2.29731092	0.5183314596	0.07716125983	12.71447949
20130911	2013.6945	1.646986158	0.2659976541	-4.962691609	9.174374027
20130912	2013.6973	0.5939674215	0.6195008104	-2.424927185	46.20542057
20130913	2013.7000	1.044657576	0.7311278716	-0.2790758151	34.98714515
20130914	2013.7027	0.9256573051	0.7688231018	0.4958959617	39.71200178
20130915	2013.7055	1.097156044	0.7747749295	1.219619602	35.22846066
20130916	2013.7082	0.7403075271	0.7538918425	1.879930386	45.52088263
20130917	2013.7110	1.225918921	0.7112447564	2.464698549	30.12113912
20130918	2013.7137	0.9409943	0.6519045868	2.816464261	34.71354803
20130919	2013.7164	1.037769215	0.5809422493	4.605021628	29.24006188
20130920	2013.7192	0.8346918022	0.3912031074	3.670411241	25.11153273
20130921	2013.7219	0.1713373595	0.4482974602	4.402525293	69.08335905
20130922	2013.7247	2.059058778	0.009488497064	3.995093246	0.2640269396
20130923	2013.7274	1.105699154	0.2848580574	4.033794236	14.44679393
20130924	2013.7301	0.9891757556	0.3829419282	3.383173942	21.16303218
20130925	2013.7329	0.874627933	0.2051152796	2.753679015	13.19833279
20130926	2013.7356	0.7246255218	0.1981241986	2.708105465	15.29184056
20130927	2013.7384	0.6299376183	0.2185121087	2.376261928	19.1305844
20130928	2013.7411	0.3705801252	0.2703730991	2.151144617	36.11427237
20130929	2013.7438	1.043176006	0.356585355	3.076538521	18.8717951
20130930	2013.7466	-0.04307893991	0.4743130599	2.836598735	95.18958516
20131001	2013.7493	-0.3809561998	0.9973692607	-0.2979927358	110.9049089
20131002	2013.7521	-0.3034578457	0.9509392724	5.33772673	107.6986008
20131003	2013.7548	-0.6637516965	1.019677276	2.444985938	123.0618301
20131004	2013.7575	-0.7794644544	1.038849999	2.475993396	126.8814368
20131005	2013.7603	-0.9024181005	0.9872889857	0.9850787511	132.4284491
20131006	2013.7630	-1.389110602	0.6319855598	4.011964876	155.5365072
20131007	2013.7658	-1.025500624	-0.9434236485	3.728628209	222.6129386
20131008	2013.7685	-1.017772238	0.8096628297	3.403185211	141.4968888
20131009	2013.7712	-0.972024558	0.8253614285	3.042821503	139.6648869
20131010	2013.7740	-1.768365634	0.8266670667	4.429492935	154.9450776
20131011	2013.7767	-0.2902532109	0.8003397798	2.246184843	109.9338085
20131012	2013.7795	-0.6339540206	0.7490296402	3.543310456	130.243477
20131013	2013.7822	-0.2646623915	0.6753867204	6.520809567	111.3986197
20131014	2013.7849	0.08997276934	0.5820610928	2.808377176	81.21298297
20131015	2013.7877	0.180476027	0.4717028301	2.39031116	69.06288188
20131016	2013.7904	0.4178221705	0.6531648809	1.381556137	57.39341351
20131017	2013.7932	0.6835421426	0.4790391614	-0.2474757442	35.02349258
20131018	2013.7959	0.7724179668	0.4656510914	-0.6409198433	31.08361519
20131019	2013.7986	0.9094326458	0.3144278322	-0.9841888946	19.07234799
20131020	2013.8014	0.8593587415	0.7041914462	-2.264723504	39.3325029
20131021	2013.8041	0.8963367983	-0.3313400106	-2.695492143	339.7126546
20131022	2013.8068	1.894542052	-0.8908714744	-3.631623148	334.8156588
20131023	2013.8096	1.175150561	-0.5765447339	-3.453334177	333.8668074
20131024	2013.8123	0.8382131996	-0.6728681707	-4.088600658	321.244556
20131025	2013.8151	0.6046755116	-0.7499128879	-5.8257078	308.8801932
20131026	2013.8178	0.5351847905	-0.8042307581	-3.721614294	303.6422455
20131027	2013.8205	0.5074073852	-0.8323755441	-3.300711843	301.3660461
20131028	2013.8233	-0.01810281648	-0.8323348579	-2.583520318	268.7540454
20131029	2013.8260	0.05610484533	-0.8235567953	-1.506624528	273.897256
20131030	2013.8288	0.2903431241	-0.7222283678	-1.356933528	291.9006271
20131031	2013.8315	-0.09465337609	-0.6039299431	-0.6572659676	261.0925485
20131101	2013.8342	-0.0001868673549	-0.6506819037	0.07629752668	269.9835454
20131102	2013.8369	0.1322593815	0.1514160615	0.7440335521	48.86333402
20131103	2013.8397	0.2863958249	-0.4972526466	1.296051647	299.9400651
20131104	2013.8424	0.4462489239	-0.4334006356	1.961625827	315.8368109
20131105	2013.8452	0.6073080789	0.1977032486	1.710923034	18.03215615
20131106	2013.8479	0.8638206251	-0.1860929239	1.790933264	347.8425703
20131107	2013.8507	0.9192527971	0.4711628168	1.524248902	27.13739835
20131108	2013.8534	1.081102245	-0.4481490048	1.105670524	337.4845403
20131109	2013.8562	1.441470695	-0.5825894785	0.2549360612	337.9932512
20131110	2013.8589	1.696263086	-0.8491697427	0.274914114	333.4069013
20131111	2013.8616	1.913353135	-0.745586652	-0.4498278696	338.7103609
20131112	2013.8644	1.146424851	-0.8101464237	-1.046367016	324.7522184
20131113	2013.8671	2.475194097	-1.06630406	-2.800785423	336.6938091
20131114	2013.8699	2.619107214	-1.339326585	-3.140910206	332.9162689
20131115	2013.8726	2.958062037	-1.176444151	-3.246290518	338.3119016
20131116	2013.8754	1.899595288	-1.506775127	-3.171767935	321.57825
20131117	2013.8781	1.942405239	-1.029939488	-2.967924429	332.0657097
20131118	2013.8809	1.975073173	-1.353949218	-2.735674452	325.568641
20131119	2013.8836	2.002394851	-1.185643999	-1.835143769	329.3696738
20131120	2013.8863	2.018445661	-0.6869037722	-1.705148033	341.205881
20131121	2013.8890	1.547720913	-0.4645825798	-1.57325419	343.2917117
20131122	2013.8918	1.164059204	-0.423172727	-1.264537416	340.0221768
20131123	2013.8945	1.581256795	-0.2087626219	-1.310150176	352.4791218
20131124	2013.8973	1.289721068	-0.03668453659	-1.183149685	358.370731
20131125	2013.9000	0.2516947524	0.1294903106	-1.062654696	27.2246252
20131126	2013.9027	-0.04027268867	0.2824106662	-0.9520822774	98.11584775
20131127	2013.9055	-0.7534986326	0.4281567622	-0.8534683773	150.3936789
20131128	2013.9082	-0.505605418	0.5180916107	-2.654775107	134.3011891
20131129	2013.9110	-0.8674256579	0.6341592823	-0.8577870737	143.8301345
20131130	2013.9137	-0.8172612466	0.718681213	-0.5222718727	138.6723272
20131201	2013.9164	-0.8600297853	-0.6937206941	-0.2183579854	218.8904819
20131202	2013.9192	-1.246273845	0.8381489574	0.09394070556	146.078225
20131203	2013.9219	-0.7940844162	0.8741539701	0.458208765	132.2521136
20131204	2013.9247	-0.7057597071	0.8963239304	0.8287426442	128.2166683
20131205	2013.9274	-0.5941264474	2.280876405	2.980081008	104.6000622
20131206	2013.9301	-0.3240676107	1.816750458	1.428776135	100.1139097
20131207	2013.9329	-0.3714772386	0.8628603169	1.584152885	113.2927671
20131208	2013.9356	-0.6571671688	0.9435759719	1.595819757	124.8558418
20131209	2013.9384	-0.06895749546	2.313243313	4.43603222	91.70747441
20131210	2013.9411	0.05700122029	0.7961128548	1.158260083	85.90464401
20131211	2013.9438	0.2074839446	0.7478973428	0.7621848321	74.49476046
20131212	2013.9466	0.2491960369	0.6929430013	0.2872534207	70.22040958
20131213	2013.9493	0.2479010856	0.6317265524	-0.5849949992	68.57404697
20131214	2013.9521	0.331056081	0.563507136	-3.35391967	59.56609392
20131215	2013.9548	0.2760707769	0.4872453633	-1.26090808	60.46432684
20131216	2013.9575	0.256096348	0.4019018452	-1.867413979	57.4942573
20131217	2013.9603	-1.585979286	0.3064371928	-2.244148512	169.0642737
20131218	2013.9630	0.1174601604	0.1998120173	-2.583114885	59.55071664
20131219	2013.9658	0.002726712356	0.08098692978	-2.830297053	88.0716627
20131220	2013.9685	-0.1342599331	-0.04824304121	-2.989914083	199.7646658
20131221	2013.9712	-0.288898746	-1.905119696	-3.171967808	261.3771712
20131222	2013.9740	-0.4575499527	1.439942971	-2.825838592	107.6279464
20131223	2013.9767	-0.7810480121	-0.4718222448	-2.985565009	211.1356979
20131224	2013.9795	-0.7794931962	0.04230528776	-2.837112153	176.8934447
20131225	2013.9822	-1.011411284	-0.2193557703	-2.607757644	192.2368454
20131226	2013.9849	-1.20379115	-0.4344346591	-3.781230791	199.8439419
20131227	2013.9877	-1.34408646	-0.1966093077	-3.140376842	188.3220498
20131228	2013.9904	-1.51118011	-0.7849791874	-2.144061197	207.4495216
20131229	2013.9932	-1.613631488	-0.961957085	-1.830035705	210.8010391
20131230	2013.9959	-1.664197728	-1.068991602	-0.7556971493	212.7145197
20131231	2013.9986	-1.653766604	-0.1867510396	-0.2906621452	186.442813
20140101	2014.0014	-1.584058384	-0.3780616282	0.8204050783	193.4234673
20140102	2014.0041	-1.456374386	-0.5427139954	1.522928159	200.4377737
20140103	2014.0068	-1.316030633	-0.722417948	2.326157521	208.7640137
20140104	2014.0096	-1.063555055	-1.106269825	3.90972843	226.1277684
20140105	2014.0123	-0.8006931433	-0.9972362128	4.858189818	231.2385935
20140106	2014.0151	-0.498597903	-1.33286728	6.688883762	249.4902232
20140107	2014.0178	0.06195592123	-1.35466576	6.891367153	272.6186097
20140108	2014.0205	0.1836572304	-1.452169836	6.833356772	277.2079812
20140109	2014.0233	0.5006434052	-1.513462445	6.523319566	288.303875
20140110	2014.0260	0.8474254411	-1.533170836	5.841376323	298.9306288
20140111	2014.0288	1.372601139	-1.50909058	5.400879512	312.2882495
20140112	2014.0315	1.445365556	-1.443479084	4.182122206	315.0374153
20140113	2014.0342	1.623656971	-1.339562515	2.53338473	320.4764131
20140114	2014.0370	1.714179618	-1.200555486	2.938759216	324.9938552
20140115	2014.0397	1.719350282	-0.9951982942	0.6414856216	329.9367842
20140116	2014.0425	1.646163626	-0.868020542	2.064561276	332.1973604
20140117	2014.0452	1.501614315	-0.5991277488	1.436517472	338.2485391
20140118	2014.0479	0.8205723488	-0.2604027271	0.9077031533	342.3935391
20140119	2014.0507	1.02640638	-0.9202586945	0.525686207	318.1211314
20140120	2014.0534	0.5111850328	0.1281530728	0.3161089603	14.07387802
20140121	2014.0562	0.3269902919	-0.4416296555	0.2979530817	306.5168921
20140122	2014.0589	0.04940244268	0.5921798687	0.4902002394	85.23115811
20140123	2014.0616	-0.281374249	0.7958112581	0.8905861574	109.4720193
20140124	2014.0644	0.2209016061	0.9676533748	1.942356792	77.14054759
20140125	2014.0671	-0.1142042767	1.091506489	2.075051511	95.97312143
20140126	2014.0699	-0.2914657762	1.151172369	2.82022662	104.2081569
20140127	2014.0726	-0.3638924195	1.130452785	4.461187267	107.8433518
20140128	2014.0753	-0.3900001326	1.014344759	4.11820275	111.0309925
20140129	2014.0781	-0.425205746	0.7999366717	5.598995438	117.9928451
20140130	2014.0808	-0.1597985699	0.1733415634	6.807665901	132.6720627
20140131	2014.0835	0.3455344643	0.2354926896	6.937205093	34.27567016
20140201	2014.0863	0.3683470694	0.2943284795	8.412643737	38.62667479
20140202	2014.0891	0.7427081241	0.3968618848	10.47420987	28.11756657
20140203	2014.0918	1.058354282	0.342786604	6.289247816	17.94643591
20140204	2014.0945	1.31117558	-0.6105637783	7.531257339	335.0304248
20140205	2014.0973	1.51917744	0.3544562748	3.556473916	13.13336199
20140206	2014.1000	1.059612737	0.4790793896	1.600489386	24.32900403
20140207	2014.1027	1.158208617	0.4668277088	0.2469953677	21.95239825
20140208	2014.1055	1.183623681	0.512397954	-2.262866799	23.40808253
20140209	2014.1082	1.16842862	0.4537186775	-4.045019347	21.22195165
20140210	2014.1110	0.9716682787	0.4159005521	-5.654104808	23.17224686
20140211	2014.1137	0.8328308693	0.35888611	-7.549632018	23.31232921
20140212	2014.1165	0.4182670778	-0.201417528	-9.126302332	334.2867462
20140213	2014.1192	0.4906586849	-0.1503351332	-10.40362463	342.9652225
20140214	2014.1219	0.1693776074	0.8997581974	-13.57571973	79.33895316
20140215	2014.1247	-0.2537755878	0.7119946201	-13.3197511	109.6175458
20140216	2014.1274	-0.5035032776	0.424076093	-12.11712626	139.8942103
20140217	2014.1301	-0.6834425893	0.0001218404933	-9.026433609	179.9897856
20140218	2014.1329	0.3006009871	-0.02959384148	-7.66852838	354.3774109
20140219	2014.1356	-0.7555454076	-0.4962622418	-6.463639089	213.2979696
20140220	2014.1383	-0.2503452191	-0.9763334087	-5.455787846	255.6184226
20140221	2014.1411	-0.06698840883	-0.98393433	-4.559282591	266.1051879
20140222	2014.1438	0.6228556394	-0.9954617613	-5.115398662	302.0340172
20140223	2014.1466	0.5696954642	-0.3173567489	-3.575415753	330.8794011
20140224	2014.1493	0.5071331536	-0.1881276029	-1.671639471	339.647013
20140225	2014.1521	0.4120228717	0.008693506963	-0.0232200781	1.208737173
20140226	2014.1548	0.372069514	0	0.846494701	0
20140227	2014.1575	1.208574356	0.1921851213	-0.1898754085	9.035410543
20140228	2014.1603	1.243627805	0.4153766667	3.744086136	18.46952581
20140301	2014.1630	1.184074441	0.5382310006	4.645786641	24.44457018
20140302	2014.1658	1.023359584	0.6300075047	1.833988109	31.61756253
20140303	2014.1685	0.8240823601	0.6807716107	3.004173691	39.55999534
20140304	2014.1712	0.5314923894	0.2131154399	5.195557899	21.8495773
20140305	2014.1740	0.1941972511	0.2217028234	5.962719284	48.78374916
20140306	2014.1767	-0.3085499873	0.2213684821	6.250302788	144.3425382
20140307	2014.1795	-1.904749822	0.2121105732	6.314137945	173.6457926
20140308	2014.1822	-1.026103548	0.1939272539	2.454112316	169.2976831
20140309	2014.1849	-1.294134564	0.1668153106	5.323148532	172.655015
20140310	2014.1877	-1.544752277	-0.2108291308	3.384813447	187.7717601
20140311	2014.1904	-1.689086465	-0.3130376041	2.81364908	190.499473
20140312	2014.1932	-1.74515966	-0.4535368121	0.1142561216	194.567921
20140313	2014.1959	-1.576823637	-0.558631116	4.13330701	199.5080256
20140314	2014.1986	-1.704157225	-1.541484449	2.944093405	222.1307151
20140315	2014.2014	-1.298555041	0.1044108009	0.448415659	175.4030011
20140316	2014.2041	-1.638524542	-0.6664640108	3.504879648	202.1338583
20140317	2014.2068	-1.626499627	-0.5216911772	3.26847639	197.7833694
20140318	2014.2096	-1.615799983	-0.5683923141	1.121021491	199.3804167
20140319	2014.2123	-1.595401665	0.1923631361	0.9276666201	173.1248371
20140320	2014.2151	-1.554280725	-1.29779812	0.7225073496	219.8613105
20140321	2014.2178	-1.547692258	-0.3005918229	-0.3112591977	190.9911146
20140322	2014.2205	-1.376265881	-0.1607358988	-0.09807862651	186.6614707
20140323	2014.2233	-0.8637180404	0.0255765794	1.297705637	178.3038424
20140324	2014.2260	-0.980343804	-1.032551343	1.49857623	226.4857213
20140325	2014.2288	-0.9606903499	0.104673745	2.306177075	173.7817646
20140326	2014.2315	0.1640321815	-0.382637099	2.730474254	293.2042644
20140327	2014.2342	-0.4652962757	-0.258353715	2.996685348	209.0410321
20140328	2014.2370	-0.2393422461	-0.1127003387	3.101259967	205.2145852
20140329	2014.2397	-0.02302315692	-1.350518607	1.966850185	269.0233367
20140330	2014.2425	0.1646050016	1.471877668	2.086035373	83.61893525
20140331	2014.2452	0.3044662045	0.3241801732	2.31242626	46.79617222
20140401	2014.2479	0.3774765528	0.5319781723	2.434603323	54.64157412
20140402	2014.2507	0.1102547231	0.6691159748	2.496259416	80.64307034
20140403	2014.2534	-1.060597425	0.7821966069	0.6549276493	143.5910153
20140404	2014.2562	-0.8362051863	0.8683915045	2.072342331	133.9182655
20140405	2014.2589	-0.2174426597	0.3311074415	1.970373047	123.2934384
20140406	2014.2616	-0.1553125081	0.6355907919	2.733565946	103.7316638
20140407	2014.2644	-0.004208695966	0.9694157064	3.253332978	90.24874674
20140408	2014.2671	0.1124065868	-0.3722866626	3.496440305	286.8009332
20140409	2014.2699	0.1836848295	-0.7090742695	3.643114362	284.5231548
20140410	2014.2726	0.3236519527	0.6325897981	3.671536523	62.90435
20140411	2014.2753	0.4288696331	0.6233321187	3.589230123	55.47095932
20140412	2014.2781	-0.1713371884	0.615750503	3.406109041	105.5496244
20140413	2014.2808	0.1538124896	0.6062101382	4.967947321	75.76289918
20140414	2014.2836	0.7234415441	0.5910926304	0.5154499189	39.25076449
20140415	2014.2863	0.8136240052	0.5525696729	2.350996481	34.18223862
20140416	2014.2890	0.9224916378	-0.4074027144	1.864405053	336.1721665
20140417	2014.2918	1.541222409	-0.4723353456	1.331765636	342.961374
20140418	2014.2945	0.5766840327	-0.5299447375	0.3599879645	317.4184928
20140419	2014.2973	1.99322051	-0.4325942579	0.2506370943	347.7548408
20140420	2014.3000	2.116748613	0.230059055	-0.3478924944	6.202850912
20140421	2014.3027	2.173927785	0.08756839595	-0.8726690438	2.306695067
20140422	2014.3055	2.165853033	0.08924642982	-1.348967416	2.359602668
20140423	2014.3082	2.093619359	-2.370253332	-1.758233552	311.4538157
20140424	2014.3110	1.936567528	-1.216532921	-3.269501761	327.8633605
20140425	2014.3137	1.767112738	-1.424302032	0.4989823814	321.1310056
20140426	2014.3164	1.438901607	-1.584661381	-2.398297964	312.2400247
20140427	2014.3192	1.452738933	-1.685801974	-2.36011982	310.7531016
20140428	2014.3219	1.005800508	-1.716026065	-3.525526272	300.3755027
20140429	2014.3247	0.7952398989	-1.663641342	-2.942726346	295.5483417
20140430	2014.3274	0.6377402728	-1.517256276	-2.209359693	292.7982177
20140501	2014.3301	0.5329482329	-1.272558042	-1.170870702	292.7239709
20140502	2014.3329	0.4771171072	-0.9490368092	-0.7084113248	296.6904259
20140503	2014.3356	0.4665002239	-0.3765325187	0.4015120565	321.0914992
20140504	2014.3384	0.4964554853	-0.1200288568	4.707810503	346.4083263
20140505	2014.3411	0.5590990543	0.2000869863	-0.9090318581	19.6909654
20140506	2014.3438	0.6470115252	0.6388527895	2.593679973	44.63646643
20140507	2014.3466	0.7531134563	0.9216613862	3.128643196	50.74684931
20140508	2014.3493	0.9596650991	1.230841123	3.535973438	52.05708647
20140509	2014.3521	0.1752096667	0.6267415443	3.800325214	74.38132006
20140510	2014.3548	1.297490864	1.547998055	3.906357493	50.03115492
20140511	2014.3575	1.224989361	1.607481185	3.841272195	52.69059927
20140512	2014.3603	1.261834172	1.60963584	3.701338442	51.90620666
20140513	2014.3630	1.264796397	1.561126712	3.051432529	50.98623948
20140514	2014.3658	1.2044032	1.468625886	2.538302837	50.64521554
20140515	2014.3685	1.097183337	1.210499216	2.425795743	47.81117996
20140516	2014.3712	0.1075321968	1.178327733	1.544332352	84.78572698
20140517	2014.3740	0.7927120811	0.9226151317	0.99548387	49.33078689
20140518	2014.3767	0.6848215209	0.8706716945	1.799899477	51.81339509
20140519	2014.3795	0.5211500922	0.4613050997	1.974412378	41.51420846
20140520	2014.3822	-0.5539410096	0.3039788355	1.473719711	151.243927
20140521	2014.3849	0.1303244348	0.06397438564	1.25707092	26.14575569
20140522	2014.3877	-0.1075182443	-0.1573304818	4.210108384	235.6516481
20140523	2014.3904	-0.3733506881	-0.345061476	-0.5092119327	222.7450055
20140524	2014.3932	-0.7355257151	-0.4888862149	0.6590566548	213.6110285
20140525	2014.3959	-0.8092733792	-0.596655989	0.4954159517	216.4003759
20140526	2014.3986	-1.23435263	-0.4784911311	0.3587878033	201.1885928
20140527	2014.4014	-1.493748013	-0.9403857722	0.1427947346	212.1923762
20140528	2014.4041	-1.007712338	-0.7371180165	0.1885452885	216.1845976
20140529	2014.4068	-1.838888558	-0.7498858086	0.1646039775	202.1852892
20140530	2014.4096	-1.663646342	-0.1001374647	-0.1797033608	183.4445663
20140531	2014.4123	-1.116352589	-0.7868980563	1.123022548	215.1793616
20140601	2014.4151	-1.760711828	-0.832202623	0.9522642385	205.2978177
20140602	2014.4178	-1.6294231	-0.7739787439	0.3783647015	205.4077976
20140603	2014.4205	-1.477373561	-0.7763683327	0.04880345918	207.7221852
20140604	2014.4233	-1.319433917	-0.7790774144	-0.2688695654	210.5602952
20140605	2014.4260	-1.100313493	-0.7347891767	-3.851966812	213.7349929
20140606	2014.4288	-1.031222934	-0.7973409654	-0.6984479444	217.7111744
20140607	2014.4315	-0.7723615424	-0.7904131915	-1.182937672	225.6617955
20140608	2014.4342	-0.5698787388	-0.7880785973	0.1314881717	234.1283962
20140609	2014.4370	-0.4512042581	-0.369451517	-0.2854218739	219.3110327
20140610	2014.4397	-0.03206328144	-0.7627161602	1.828395888	267.5928009
20140611	2014.4425	0.2204749171	-0.7364909216	-1.050002852	286.665525
20140612	2014.4452	0.9421985149	0.3651680972	-1.485643469	21.18484808
20140613	2014.4479	1.716565978	-0.9386933015	-1.937506037	331.3282337
20140614	2014.4507	0.7397890709	-0.582865379	-1.773792733	321.7661145
20140615	2014.4534	0.7766512799	-1.084030097	-2.085075556	305.6196321
20140616	2014.4562	0.7411341372	-1.465393709	-1.950912455	296.828356
20140617	2014.4589	1.464474773	0.7376230189	-2.25917453	26.73336811
20140618	2014.4616	-0.09889712076	-0.2204212055	-2.487049501	245.8354972
20140619	2014.4644	0.3051486672	-0.1378288712	-4.521329722	335.6923636
20140620	2014.4671	0.09528640554	-0.07225146119	-3.032649988	322.8285689
20140621	2014.4699	0.3319258112	-0.03047091676	-2.117928716	354.7549265
20140622	2014.4726	-0.09111988528	-0.01732471762	-1.462589491	190.7652128
20140623	2014.4753	-0.6529282209	-1.239965233	-3.995105488	242.2300647
20140624	2014.4781	-0.8865059372	-0.9774416161	-4.605442577	227.7930522
20140625	2014.4808	-1.092532678	1.041860749	-4.530745979	136.3599847
20140626	2014.4836	-1.520322721	-0.2165270571	-4.811476952	188.1056549
20140627	2014.4863	-1.394992612	-0.3173469166	-4.98257087	192.8161047
20140628	2014.4890	-0.9905231205	-0.4746886954	-7.290624509	205.6051528
20140629	2014.4918	0.4022852024	-0.3866840986	-5.085085773	316.1328209
20140630	2014.4945	-2.783295701	-0.6523825507	-2.336622342	193.19154
20140701	2014.4973	-1.157094231	-0.347441297	-4.789665366	196.7134635
20140702	2014.5000	-0.6756412814	-0.8065174086	-4.500716266	230.0461879
20140703	2014.5027	1.30062975	-0.6755726157	-4.139787723	332.5517499
20140704	2014.5055	-1.905113167	0.572709672	-3.724366284	163.2683213
20140705	2014.5082	-0.7195481311	-1.433890775	-3.320292252	243.3518084
20140706	2014.5110	-1.228194341	-0.5151315689	-2.949276839	202.7542426
20140707	2014.5137	-0.3247112716	-0.2843351431	1.720043024	221.2071829
20140708	2014.5164	-0.2951001673	-0.01354737492	2.446790748	182.6284729
20140709	2014.5192	-0.3297705892	0.2773670908	5.045253419	139.9331091
20140710	2014.5219	-0.4145172103	0.6829094296	2.322924204	121.2572104
20140711	2014.5247	-0.5351346863	0.7656337053	1.935522234	124.9513731
20140712	2014.5274	-0.6769861472	1.096824812	0.1508704514	121.6838634
20140713	2014.5301	-0.8254131707	1.319187686	0.9484905584	122.0341351
20140714	2014.5329	-0.2949413897	1.508443562	0.4296575083	101.0632929
20140715	2014.5356	-0.926560294	1.660669742	1.562510712	119.1590593
20140716	2014.5384	-0.9856154273	1.771618969	-0.4022454735	119.0887631
20140717	2014.5411	-1.336494407	1.899300499	-0.7475832923	125.1331764
20140718	2014.5438	-0.6049091301	2.141726836	-1.179423813	105.7717973
20140719	2014.5466	-2.257608284	2.293172273	-1.581234985	134.5522471
20140720	2014.5493	-2.479105864	2.413196918	-1.72149806	135.7718402
20140721	2014.5521	-2.580774417	2.293738371	-1.951647516	138.3699747
20140722	2014.5548	-1.1477206	2.184715797	3.504763068	117.7147832
20140723	2014.5575	-2.352174726	2.446484072	3.942536894	133.8740954
20140724	2014.5603	-1.996913543	1.997093626	4.33573553	134.9974166
20140725	2014.5630	-1.51676514	1.492368417	7.01591505	135.4645186
20140726	2014.5658	-0.9330048778	1.173021617	4.843145912	128.4982454
20140727	2014.5685	-0.005913641625	-1.940887362	4.884726998	269.8254274
20140728	2014.5712	0.09348874947	0.336406237	6.966232292	74.46915779
20140729	2014.5739	0.6603576718	1.245101045	4.3761381	62.06009834
20140730	2014.5767	1.09557469	0.9601594177	3.838098864	41.23125837
20140731	2014.5795	1.525828952	0.2443227971	3.172074577	9.097239347
20140801	2014.5822	1.993011255	-2.133289937	1.521305156	313.0529094
20140802	2014.5849	0.6473597526	-2.287398167	2.022545196	285.8021177
20140803	2014.5877	2.691732363	-2.309990031	2.246997669	319.3644772
20140804	2014.5904	2.855278767	-1.543816071	0.22891431	331.6004254
20140805	2014.5932	2.831405535	-1.46549212	-0.5147674862	332.6346085
20140806	2014.5959	2.6478209	-1.344397971	-0.7438174466	333.0813866
20140807	2014.5986	2.324134665	-1.190762661	-1.097460082	332.8718184
20140808	2014.6014	1.777247891	-2.402827236	-1.306130595	306.4884307
20140809	2014.6041	1.087051037	-0.9714238728	-1.395210639	318.2149986
20140810	2014.6068	1.1915855	-0.6369159295	-1.497770108	331.8749921
20140811	2014.6096	0.6151812439	-0.4553718542	-1.302216079	323.4902708
20140812	2014.6123	0.9568842091	1.337770666	4.544054605	54.42451544
20140813	2014.6151	0.8758513746	1.245269839	4.385725319	54.87964524
20140814	2014.6178	0.2039132016	1.133432833	6.958543295	79.80115333
20140815	2014.6205	1.540507862	0.2375904469	3.360630799	8.767569696
20140816	2014.6233	1.504589045	0.6585497015	0.03626766821	23.63871003
20140817	2014.6260	1.447701763	0.1660793978	-0.7791199367	6.544325425
20140818	2014.6288	1.371087385	0.2027369899	4.841802636	8.411140771
20140819	2014.6315	1.276200249	-0.06047399829	1.86831431	357.2870128
20140820	2014.6342	1.164495616	-0.2260730513	0.2760736732	349.0133689
20140821	2014.6370	1.037432441	-0.4662794012	-0.614409697	335.7982184
20140822	2014.6397	0.8964380552	-0.4737131106	-1.198846844	332.1462662
20140823	2014.6425	0.3060750234	-0.5229753917	-1.697460811	300.3386047
20140824	2014.6452	0.5770361069	-0.5344117708	-1.964834391	317.1962328
20140825	2014.6479	0.5453343992	-0.5590593079	-1.964008436	314.2879905
20140826	2014.6507	0.6812217133	-0.4618897063	-1.719892394	325.8614971
20140827	2014.6534	0.2810161422	2.482923608	-1.271521056	83.54276823
20140828	2014.6562	-0.1525491643	-0.002470787839	-2.68405073	180.9279195
20140829	2014.6589	-0.3253989714	0.1540779769	-2.225375272	154.66222
20140830	2014.6616	-0.767449648	0.2887632842	0.9087768226	159.3805136
20140831	2014.6644	-1.040613414	1.329690994	1.781967655	128.0466599
20140901	2014.6671	-1.247410783	0.0193229106	5.507039476	179.1125356
20140902	2014.6699	-1.470200443	-0.4501199507	2.100686169	197.0226133
20140903	2014.6726	-2.550000066	1.481549461	4.286919942	149.8434219
20140904	2014.6753	-0.2860252005	1.038346344	7.776596419	105.4008702
20140905	2014.6781	0.3454253921	-0.4899971629	5.292197114	305.1820707
20140906	2014.6808	-1.94508836	0.5626599253	2.828492487	163.8663152
20140907	2014.6836	-0.653772936	0.866897314	8.621572888	127.0218704
20140908	2014.6863	-0.5219391951	0.9562707027	5.919614673	118.6260188
20140909	2014.6890	-0.2815865133	1.007342341	5.82622041	105.6174889
20140910	2014.6918	-0.1993420816	0.2678643372	5.610218651	126.6562708
20140911	2014.6945	0.01329153475	0.9681905857	5.293934771	89.21348026
20140912	2014.6973	0.780779115	0.8006751197	4.934902944	45.72079036
20140913	2014.7000	0.391570947	0.6832693535	4.314519912	60.18365465
20140914	2014.7027	0.6228212195	0.6148052681	3.966644134	44.62890762
20140915	2014.7055	1.222586347	0.2647080918	3.429442112	12.21681365
20140916	2014.7082	0.1820700837	0.3980757846	3.061747244	65.42180753
20140917	2014.7110	0.950742964	-0.594102339	2.50484828	327.9994713
20140918	2014.7137	0.9773132248	-0.6029886451	2.031079257	328.3259923
20140919	2014.7164	0.9278912069	-0.5625120452	1.5049996	328.7746549
20140920	2014.7192	0.9006313163	-0.3656107051	1.133108678	337.9053385
20140921	2014.7219	0.8312189595	-0.405537762	2.135399466	333.9930295
20140922	2014.7247	0.7902112642	-1.414041632	2.491541192	299.197842
20140923	2014.7274	-0.4357267982	0.01634581085	3.633761908	177.8516194
20140924	2014.7301	-0.4081120562	0.2089234453	2.762158673	152.8908826
20140925	2014.7329	-0.3050471634	0.3914489245	-6.2999304	127.9284683
20140926	2014.7356	-0.07708928177	0.7047849964	-6.225787281	96.24218931
20140927	2014.7384	0.3421945657	0.6181327697	-5.911906606	61.03135137
20140928	2014.7411	-0.9568075257	0.7465551784	-5.434348663	142.0366372
20140929	2014.7438	-0.5128911261	0.6689259852	-4.828606871	127.4787619
20140930	2014.7466	-0.511860644	0.5621341545	-4.126434043	132.3199508
20141001	2014.7493	-0.5937565539	0.4472302933	-2.852643856	143.0121491
20141002	2014.7521	-0.4876286592	0.2775180542	-4.524668431	150.3550338
20141003	2014.7548	-0.3364020589	-0.1290663206	-2.454464183	200.9901528
20141004	2014.7575	0.1175935738	0.2668935712	-2.609658278	66.2216625
20141005	2014.7603	0.02679160276	0.2224174463	-2.215794461	83.13144994
20141006	2014.7630	0.2093269661	0.1608564916	-1.868652605	37.54033634
20141007	2014.7658	0.3631173863	0.08929910677	-1.597399359	13.81620766
20141008	2014.7685	0.479428369	-0.2174486575	-1.435539311	335.6029433
20141009	2014.7712	0.03485197279	-0.05644714176	-1.377666488	301.6922899
20141010	2014.7740	0.03973777613	-0.1246332188	-2.016936453	287.6842453
20141011	2014.7767	0.09715886813	-0.1865422625	-1.632239674	297.5123505
20141012	2014.7795	0.1265083563	-0.2399965043	-1.969425621	297.7948727
20141013	2014.7822	0.1563113413	-0.318726783	-1.635513587	296.1244518
20141014	2014.7849	0.1864784573	-0.2524815781	-1.746939703	306.4489237
20141015	2014.7877	0.3076861858	-0.3365552742	-1.579479092	312.4342367
20141016	2014.7904	0.2238431662	-0.3521244364	-1.742601163	302.4438494
20141017	2014.7932	0.2781278568	-0.3619737335	-1.889674985	307.5374055
20141018	2014.7959	0.30872043	-0.3166692763	-0.2877708362	314.2717967
20141019	2014.7986	0.3372548353	-0.3720842518	-2.635138649	312.1889648
20141020	2014.8014	0.5688101217	-0.4250597239	-2.698499046	323.2300186
20141021	2014.8041	0.3992018055	-0.3180855287	-2.452646452	321.4520287
20141022	2014.8069	0.5016067669	-0.365426321	-2.313294811	323.9262298
20141023	2014.8096	0.4030981602	-0.3600048183	-2.019153722	318.2321287
20141024	2014.8124	0.4856016696	-0.1384928919	-1.751144341	344.0819272
20141025	2014.8151	0.5130197339	-0.1829405977	-2.138922409	340.3739875
20141026	2014.8178	0.53957725	-0.2332809609	-1.329261468	336.6192289
20141027	2014.8206	0.5651724565	-0.2982764559	-1.487564804	332.1766178
20141028	2014.8233	0.4612559124	-0.2728166892	-1.647857013	329.3971745
20141029	2014.8261	0.6670018253	-0.3566030651	-1.881912681	331.8694441
20141030	2014.8288	0.5758201501	-0.3771388739	-1.8237128	326.7768253
20141031	2014.8315	0.6296346957	-0.3849537621	-1.891520465	328.5587085
20141101	2014.8343	0.7148171794	-0.3786772457	-2.544127777	332.0874161
20141102	2014.8370	0.5872487098	-0.5007278829	-2.596142626	319.546851
20141103	2014.8398	0.4901612358	-0.8520745376	-2.52806149	299.9099362
20141104	2014.8425	0.7639465994	-0.4797085754	-2.367414834	327.8738625
20141105	2014.8452	0.7854794569	-0.7110723925	-2.138788283	317.8463452
20141106	2014.8480	0.5451184224	-0.482075638	-3.142070323	318.5120534
20141107	2014.8507	0.8645925262	-0.2665823918	-4.935148443	342.8637439
20141108	2014.8535	0.7602135147	-0.2005042267	-3.349943466	345.224861
20141109	2014.8562	0.7324481812	0.008880436127	-3.545543266	0.6946383293
20141110	2014.8589	0.3585085402	0.1226366574	-2.763094251	18.88451341
20141111	2014.8617	0.008849709929	0.4843278217	-3.492531869	88.95319949
20141112	2014.8644	-0.2338151927	0.5689453445	-1.782119837	112.3408235
20141113	2014.8672	2.820340801	0.6283443849	-1.370024993	12.5598171
20141114	2014.8699	2.540232906	0.6559125255	-0.8911079321	14.47808755
20141115	2014.8726	2.468991119	0.6450299201	-2.800718225	14.64141068
20141116	2014.8753	2.08454145	0.285729431	-2.45362778	7.804931079
20141117	2014.8781	1.734828238	0.2314300645	-1.839739585	7.598525402
20141118	2014.8808	1.1986873	0.1663737738	-0.9664646974	7.901977391
20141119	2014.8836	1.071709741	0.09352803703	0.4784355044	4.987562609
20141120	2014.8863	0.562378686	0.01586587805	1.280372291	1.616005036
20141121	2014.8890	0.17581801	-0.2084130466	2.47348885	310.1511016
20141122	2014.8918	-0.1792624405	-0.4784255748	1.766840707	249.4594062
20141123	2014.8945	-0.4809658598	-0.4907008469	4.657849918	225.5740189
20141124	2014.8973	-0.7073946836	-0.6266393771	5.464258187	221.5358464
20141125	2014.9000	-0.8366511741	-0.6428416055	5.977141609	217.5369033
20141126	2014.9028	-0.8489178636	-0.7511155647	6.505308431	221.5021383
20141127	2014.9055	-0.7388045434	-0.6745421495	6.753224725	222.3966545
20141128	2014.9082	-0.8401734444	-0.6369609469	6.828960971	217.1668685
20141129	2014.9110	-0.2420031618	-0.6552689003	6.741049885	249.7298611
20141130	2014.9137	0.6708927216	-0.6013341423	6.498755316	318.1295117
20141201	2014.9164	0.1368395098	-0.5403031932	6.118809056	284.2121366
20141202	2014.9192	0.6977273929	-0.4759282145	8.039003229	325.7016332
20141203	2014.9219	1.095711787	0.3836223626	7.144328285	19.29578694
20141204	2014.9247	1.34564375	-0.3734624124	6.195664481	344.4888362
20141205	2014.9274	1.522827158	-0.2497744341	4.937242362	350.6852733
20141206	2014.9301	1.605578983	-0.1675245497	3.984013399	354.0433676
20141207	2014.9329	1.677932262	-0.8756073972	4.162061648	332.4427739
20141208	2014.9356	1.551499045	-0.8428613341	2.177582155	331.4867084
20141209	2014.9384	1.72361504	-0.7688973843	1.773697118	335.9585517
20141210	2014.9411	1.127009129	-0.6478648603	1.246168725	330.1074175
20141211	2014.9439	0.6969030813	-0.4542510377	1.899151077	326.9031368
20141212	2014.9466	0.2590628822	-0.5161528139	1.726297529	296.6525875
20141213	2014.9493	-0.5801439849	0.02544352749	1.618459947	177.4887732
20141214	2014.9521	-0.5913956332	0.1948914731	2.242433223	161.7606227
20141215	2014.9548	-1.24579693	0.301246483	0.8968267048	166.4062356
20141216	2014.9575	-1.535441893	0.5190618716	1.643194053	161.3219835
20141217	2014.9603	-1.567769516	0.3675610717	-0.4619756512	166.8054022
20141218	2014.9630	-2.120934224	0.4957052579	2.977760567	166.8449559
20141219	2014.9657	-2.052059757	0.3899696687	1.347448131	169.2399225
20141220	2014.9685	-2.119750048	0.9850920057	2.501063542	155.0747252
20141221	2014.9712	-2.778766589	0.9727601313	4.987474627	160.7064302
20141222	2014.9740	-2.747006525	1.116147388	5.005664593	157.8874011
20141223	2014.9767	-2.611676693	0.06888626015	6.65283801	178.489102
20141224	2014.9794	-2.537014765	0.3027248229	7.570120012	173.1954547
20141225	2014.9822	-2.189763239	0.316466703	7.52842696	171.7764959
20141226	2014.9849	-1.585977978	0.3265494782	6.180640681	168.3655134
20141227	2014.9877	-1.840034772	0.3328592121	4.924877002	169.746179
20141228	2014.9904	-1.774767882	0.4650029038	5.951867241	165.3180861
20141229	2014.9932	-2.374840939	-0.1776156383	1.447950378	184.2772191
20141230	2014.9959	-2.596062641	-0.2420823331	0	185.3274143
