# YYYYMMDD	YYYY.DECM	N_filt(mm)	E_filt(mm)	U_filt(mm)	Azimuth(deg)
20130101	2013.0014	7.336864058	0	4.760926991	0
20130102	2013.0041	7.071421525	-0.9137509584	5.11640737	352.6371847
20130103	2013.0068	-2.503378999	-4.310661148	4.58126373	239.8544948
20130104	2013.0096	-1.896710786	-3.441266488	6.160767718	241.1379185
20130105	2013.0123	-1.656068075	-2.377969148	4.62499638	235.1458297
20130106	2013.0151	-1.245705603	-1.607467395	3.561178702	232.2261335
20130107	2013.0178	-2.20079986	-1.293773675	1.43441834	210.4497892
20130108	2013.0205	-2.064876693	-0.662831713	-0.7573519191	197.7967885
20130109	2013.0233	-2.371443608	-0.8945656245	0.9597417467	200.6676831
20130110	2013.0260	-2.689324127	-0.2541955372	0.8744658806	185.3995684
20130111	2013.0288	-2.964154984	0.1321685383	1.564535102	177.4469328
20130112	2013.0315	-3.31837321	0.152290841	1.464329124	177.3723558
20130113	2013.0342	-3.4502452	0.3500733859	1.706571373	174.2064061
20130114	2013.0370	-3.660193044	0.7881766487	1.834115679	167.8476407
20130115	2013.0397	-4.609281182	-0.7201719516	1.966262954	188.8803166
20130116	2013.0425	-3.44657802	-1.742066263	2.084209	206.8142284
20130117	2013.0452	-4.149719722	-1.276811365	1.799732141	197.1024077
20130118	2013.0479	-4.263566883	-0.1751796129	1.995429537	182.3528211
20130119	2013.0507	-3.335400325	-1.799775335	-0.06987914759	208.3512103
20130120	2013.0534	-5.141505809	-0.659897307	0.1918576433	187.3137617
20130121	2013.0562	-4.445614199	-0.9581894603	-1.548372663	192.1632252
20130122	2013.0589	-3.450498951	-0.9953634558	2.067508167	196.0912336
20130123	2013.0616	-4.427496182	-0.2455169025	0.2650525989	183.1739587
20130124	2013.0644	-4.37465189	0.3166675309	1.758401575	175.8597569
20130125	2013.0671	-4.291755002	-0.2509847694	1.146926669	183.3468844
20130126	2013.0699	-3.675175575	0.4815552539	2.25413508	172.5351077
20130127	2013.0726	-3.569320465	-0.03485577968	2.857514779	180.5594974
20130128	2013.0753	-3.477493859	0.785094097	3.246406359	167.2779402
20130129	2013.0781	-3.396123223	0.9179533047	2.448865127	164.8747009
20130130	2013.0808	-3.221680777	0.6369100481	3.66748015	168.8171132
20130131	2013.0836	-3.573216771	1.491504237	3.931042684	157.3437482
20130201	2013.0863	-3.260674337	1.181960075	1.285568968	160.0749532
20130202	2013.0890	-2.987783348	1.213714259	1.146192968	157.8917487
20130203	2013.0918	-2.33381367	0.7781257613	0.9706729515	161.5609002
20130204	2013.0945	-2.353600319	0.6247014843	1.023638207	165.135088
20130205	2013.0973	-2.419076859	1.190181874	0.6413727469	153.8028891
20130206	2013.1000	-2.515656376	1.098061414	0.4551438808	156.4191631
20130207	2013.1027	-2.69669014	0.7263512495	0.265418757	164.9251867
20130208	2013.1055	-2.614374581	0.7601020293	0.07549323871	163.788764
20130209	2013.1082	-2.847278803	0.6540151191	-0.1113320184	167.0636539
20130210	2013.1110	-2.147896153	1.116918503	-0.2911134806	152.5253058
20130211	2013.1137	-2.149886484	1.036562359	-0.4573526542	154.2590766
20130212	2013.1164	-2.185891844	0.9548483232	-1.668126779	156.4031771
20130213	2013.1192	-1.984646696	0.8833653773	-0.9224100223	156.0061745
20130214	2013.1220	-2.3441583	0.8312359882	-0.9376241871	160.4755488
20130215	2013.1247	-2.458524725	1.321927969	-0.909583975	151.7334561
20130216	2013.1274	-2.812686609	1.021186303	-0.8311487235	160.0458439
20130217	2013.1301	-2.707062898	0.9990611693	-0.8525729928	159.7430525
20130218	2013.1329	-2.838316877	0.8384409577	-1.163472911	163.5428196
20130219	2013.1356	-2.924188832	1.120457192	-1.025692093	159.0347389
20130220	2013.1384	-2.966371416	1.291554864	-0.2631580066	156.4717437
20130221	2013.1411	-3.102183484	1.360663473	0.2735711016	156.3170343
20130222	2013.1438	-2.968872694	1.688355824	0.585458256	150.3737238
20130223	2013.1466	-2.593133614	0.312482236	0.3665337922	173.1287772
20130224	2013.1493	-2.555403592	2.042544506	0.1253470428	141.3645131
20130225	2013.1521	-2.391617544	2.199332135	-0.2313929896	137.3983506
20130226	2013.1548	-1.02705076	2.341264334	-0.06843563814	113.6857909
20130227	2013.1575	-0.7615828105	2.461723933	0.2420617905	107.1904834
20130228	2013.1603	-0.6186173678	6.37027724	0.922716918	95.54659904
20130301	2013.1630	-1.167393259	6.034721941	0.6999045617	100.948412
20130302	2013.1658	-0.1210088678	6.032888405	1.888163394	91.14909598
20130303	2013.1685	0.525610405	6.160334731	1.345168279	85.12323614
20130304	2013.1712	1.118931736	5.879525989	1.682377559	79.22489909
20130305	2013.1740	2.716663479	5.655893309	2.016020857	64.34389049
20130306	2013.1767	1.924553218	5.255122018	2.481318133	69.88604333
20130307	2013.1795	2.173807265	3.740406247	2.605163464	59.8361837
20130308	2013.1822	2.432154149	4.246740622	2.073141576	60.19976773
20130309	2013.1849	1.933819835	3.692436039	3.203056312	62.35783992
20130310	2013.1877	1.820320198	3.140259214	3.45076121	59.9003332
20130311	2013.1904	0.7750116199	2.616862909	4.15954365	73.50278763
20130312	2013.1932	1.602539992	2.915033007	6.537907876	61.20019569
20130313	2013.1959	1.4086257	2.517220957	6.667960377	60.76881681
20130314	2013.1986	2.236532028	-0.2181906677	6.595952427	354.4279945
20130315	2013.2014	1.675741387	0.729177668	5.858117377	23.51565734
20130316	2013.2041	1.600804743	-0.1323544332	5.990172806	355.2735391
20130317	2013.2068	1.966598457	-0.6938352422	6.008231712	340.5666581
20130318	2013.2096	1.063625289	-1.661656577	5.914443566	302.623281
20130319	2013.2123	1.795191534	-2.272037061	5.71095784	308.313118
20130320	2013.2151	1.853541527	-2.842149396	5.399924006	303.1108587
20130321	2013.2178	1.396029064	-2.87113099	1.95519728	295.9303956
20130322	2013.2205	1.875983369	-2.120240785	2.732969142	311.5023158
20130323	2013.2232	1.914238192	-2.854329241	2.26932716	303.847536
20130324	2013.2260	4.045537044	-3.815716733	2.408227245	316.6745401
20130325	2013.2287	4.214229473	-4.124709429	1.931813367	315.6150571
20130326	2013.2315	4.512297511	-3.969865158	1.791820569	318.6590693
20130327	2013.2342	3.113132121	-4.151893965	1.263353405	306.8629343
20130328	2013.2370	4.851370248	-4.398341973	1.199507157	317.8039665
20130329	2013.2397	3.768529306	-4.727857056	1.010309241	308.5580115
20130330	2013.2425	4.19133077	-5.202022968	-1.979590692	308.8587996
20130331	2013.2452	4.666830187	-5.483298793	0.859176866	310.4010734
20130401	2013.2479	6.127478513	-5.128919108	0.6786952589	320.0694605
20130402	2013.2507	4.837892041	-6.204404612	-1.23876631	307.9453674
20130403	2013.2534	6.43290891	-7.26370538	-1.139807147	311.5288589
20130404	2013.2562	6.892448365	-8.032000212	-0.8365641872	310.6336699
20130405	2013.2589	7.711842223	-8.438125897	-1.223078354	312.4250741
20130406	2013.2616	5.642154203	-8.774250977	-1.6288634	302.7424535
20130407	2013.2644	6.639033222	-8.230487988	-1.793004418	308.891004
20130408	2013.2671	6.811493073	-8.73602532	-4.560512693	307.9436001
20130409	2013.2699	7.276085633	-9.144888247	-2.198684063	308.5073404
20130410	2013.2726	7.535081441	-11.24568076	-2.250892561	303.8237566
20130411	2013.2753	7.631399537	-11.07796338	-2.231623942	304.5622218
20130412	2013.2781	7.531874006	-11.21712673	-2.157047552	303.8798587
20130413	2013.2808	7.20333893	-12.51801809	-2.043332739	299.9177432
20130414	2013.2836	6.612628395	-12.29957842	-1.808267674	298.2638301
20130415	2013.2863	5.728206252	-9.004405893	-2.114715343	302.4627212
20130416	2013.2890	2.912582377	-4.645658668	-3.778229022	302.0855377
20130417	2013.2918	1.745410227	-5.825080089	-1.518482946	286.6801676
20130418	2013.2945	0	-4.471501192	-1.437663477	270
20130419	2013.2973	0	-2.265962226	-1.390802675	270
20130420	2013.3000	-2.831199203	-0.5957924306	-2.279479817	191.8838229
20130421	2013.3027	-3.148738532	1.393807489	-1.415796473	156.1231436
20130422	2013.3055	-4.220333254	1.512031557	-0.3198870803	160.2887678
20130423	2013.3082	-5.147827984	4.807405493	0.01516124717	136.9584849
20130424	2013.3110	-5.88956122	6.326265081	0.1284226676	132.9526037
20130425	2013.3137	-8.044600322	9.857022879	0.02599223255	129.2188751
20130426	2013.3164	-8.047698253	10.37275721	-0.2770152649	127.8060796
20130427	2013.3192	-7.752575704	10.51811142	-0.7654952004	126.392783
20130428	2013.3220	-6.797038378	7.690808639	-1.693733483	131.4698379
20130429	2013.3247	-6.602438465	8.197872005	-2.188819215	128.8474276
20130430	2013.3274	-5.57975396	6.123948643	-3.794852249	132.3377983
20130501	2013.3301	-3.027936157	5.212964233	-4.127699625	120.1500459
20130502	2013.3329	-2.176683606	4.903005854	-4.415463755	113.9387709
20130503	2013.3356	-1.510958254	4.494382986	-4.976323501	108.582034
20130504	2013.3384	-1.408118037	4.803145969	-6.313841966	106.3393317
20130505	2013.3411	-2.573246818	4.658053864	-4.833376207	118.9175598
20130506	2013.3438	-1.50642975	5.164979215	-3.649444336	106.2599745
20130507	2013.3466	-1.179005459	5.902639485	-3.176794967	101.2957221
20130508	2013.3493	-0.9868292659	4.919567465	-4.30159287	101.3425812
20130509	2013.3521	-2.052397601	4.308122322	-3.938634967	115.4732182
20130510	2013.3548	-1.167629548	3.926711931	-3.516922468	106.5601374
20130511	2013.3575	-1.095366783	3.261167635	-3.038022629	108.5662618
20130512	2013.3603	-0.5387859869	2.877936784	-2.91133937	100.6037461
20130513	2013.3630	-0.2267806722	2.341853827	-5.756231902	95.53116766
20130514	2013.3658	0.03401263578	1.902004464	-5.027316123	88.97551618
20130515	2013.3685	0.2376421225	1.308952079	1.004723968	79.70994887
20130516	2013.3712	0.197736962	1.177345565	1.173113223	80.46606644
20130517	2013.3740	0.5394818756	0.8986318479	1.127078971	59.0220514
20130518	2013.3767	0.5180693557	0.6772029447	5.294529687	52.58352554
20130519	2013.3795	0.5464528073	1.432620251	1.6242427	69.12135277
20130520	2013.3822	0.889483172	-2.365059675	-3.228549194	290.6109456
20130521	2013.3849	0.6222175485	0.335918659	1.724630007	28.36342681
20130522	2013.3877	0.5091986992	0.1525642742	1.44576158	16.67907747
20130523	2013.3904	0.7340163509	0.05176414333	-1.075383767	4.033922162
20130524	2013.3932	1.812396075	-2.642678645	-1.537701727	304.4430235
20130525	2013.3959	0.9071158483	-0.1943016599	-1.822107158	347.9100928
20130526	2013.3986	2.500983615	-0.358941545	-1.917715702	351.8326733
20130527	2013.4014	1.795158234	-2.253863495	-2.593835903	308.5366368
20130528	2013.4041	1.496632013	-0.8187924912	0.9210365413	331.3173693
20130529	2013.4068	1.361600012	-1.132946436	-0.7146851902	320.2371758
20130530	2013.4096	1.228664562	-1.420940859	-0.5363790432	310.8494412
20130531	2013.4124	1.110724914	-1.937669496	0.09999307621	299.8225091
20130601	2013.4151	1.910816729	-2.39812976	0.8216708142	308.5476461
20130602	2013.4178	1.948965929	-2.675675378	1.955763569	306.0696505
20130603	2013.4205	1.859942592	-3.882814271	0.4745258353	295.5953157
20130604	2013.4233	1.155647644	-4.081127395	0.6523324729	285.8104631
20130605	2013.4260	1.608725905	-3.869479031	0.8133625691	292.5749724
20130606	2013.4288	1.229491331	-4.401242967	1.183096805	285.6077555
20130607	2013.4315	1.367918724	-4.640902977	1.773480821	286.4230239
20130608	2013.4342	1.111447757	-4.827278179	2.53765281	282.9659956
20130609	2013.4370	1.356795349	-4.969608	3.414810844	285.270653
20130610	2013.4397	1.036689961	-4.964368108	4.344152997	281.7953489
20130611	2013.4425	1.187390566	-5.159631593	5.265033516	282.9598865
20130612	2013.4452	1.224655691	-5.224719443	6.117052672	283.1917757
20130613	2013.4479	1.280335619	-5.009959743	7.144344916	284.3355704
20130614	2013.4507	0.786377731	-5.140132188	7.192417131	278.6981155
20130615	2013.4534	1.211872332	-5.079500773	10.96610385	283.4188334
20130616	2013.4562	-0.940298451	-5.191392427	8.206549471	259.7335236
20130617	2013.4589	0.3658976945	-5.857287419	8.764089991	273.5745535
20130618	2013.4616	1.602828863	-5.190171175	9.057110698	287.1617362
20130619	2013.4644	1.629080711	-5.141912262	9.230566469	287.5794463
20130620	2013.4671	1.633974869	-5.059513454	9.793400825	287.8979137
20130621	2013.4699	1.66287258	-4.951849904	9.476101871	288.5624815
20130622	2013.4726	1.493973028	-4.783866433	9.32133353	287.3432738
20130623	2013.4753	1.541899304	-4.707016617	5.392171789	288.137484
20130624	2013.4781	1.992075887	-4.591213014	8.27675556	293.4554817
20130625	2013.4808	1.987140018	-4.496479847	4.815544358	293.8421872
20130626	2013.4836	2.306544724	-4.433510831	4.014650535	297.4858146
20130627	2013.4863	2.251655584	-1.618071496	3.683395013	324.2984423
20130628	2013.4890	2.195565597	-1.635280812	3.390946222	323.3208638
20130629	2013.4918	2.003965493	-0.3816505938	3.14679993	349.2172781
20130630	2013.4945	2.225898548	-1.549283765	2.610163841	325.161071
20130701	2013.4973	1.729597271	-1.2469869	2.841722138	324.2095457
20130702	2013.5000	1.529959258	-1.718044141	2.603218548	311.685826
20130703	2013.5027	1.322360591	-1.165915146	6.558589665	318.597624
20130704	2013.5055	1.115911279	-2.42613136	2.624533354	294.7003027
20130705	2013.5082	0.7674914788	-1.452862772	2.858188017	297.8457695
20130706	2013.5110	0.7396573489	-0.5323688003	6.435126985	324.2555258
20130707	2013.5137	0.05779339244	-2.638007493	2.817836838	271.2550335
20130708	2013.5164	-0.5466294674	-0.13992703	2.69608328	194.3583417
20130709	2013.5192	0.2480522918	1.688558399	2.476841945	81.64291963
20130710	2013.5219	-0.6552773412	0.3998024987	2.110795636	148.6114996
20130711	2013.5247	-0.7428155373	-1.761722584	1.816886374	247.1376879
20130712	2013.5274	0.7737056042	-1.541152233	-0.7399585422	296.6580521
20130713	2013.5301	-0.7399216009	-1.280531208	-3.435440715	239.9796492
20130714	2013.5329	-0.6754103389	-0.9955733817	-1.604610057	235.846505
20130715	2013.5356	-0.5593038408	-0.7020064275	-2.318033417	231.4549029
20130716	2013.5384	-0.6366143597	0.8656340067	-2.217974262	126.331928
20130717	2013.5411	-2.356241145	-0.3000292857	-2.69888936	187.2566415
20130718	2013.5438	-0.1876600197	-0.07918998139	-3.283555068	202.8790847
20130719	2013.5466	-0.04941578399	0.4624868495	-3.281366577	96.09879938
20130720	2013.5493	0.08084250133	0.264987638	-4.10963812	73.03408626
20130721	2013.5520	1.47736382	1.745091628	-3.592514123	49.74933621
20130722	2013.5548	1.313215724	2.311309114	-3.673528027	60.39607567
20130723	2013.5575	2.991277188	2.553914007	-3.70655235	40.49027373
20130724	2013.5603	0.5708861767	2.814585837	-2.712718818	78.53416913
20130725	2013.5630	-1.282295996	3.56535579	-3.634757058	109.7813462
20130726	2013.5658	0.7626696274	3.38106241	-3.538355809	77.28848089
20130727	2013.5685	0.7040859815	3.259693069	-3.410801712	77.81149647
20130728	2013.5712	0.9624493701	3.447670368	-3.259225385	74.40242807
20130729	2013.5740	0.8558416718	3.262321235	-4.861990595	75.30020183
20130730	2013.5767	1.123987643	3.472220582	-2.912528514	72.06278711
20130731	2013.5795	1.119756535	3.386364013	-2.527310229	71.70268865
20130801	2013.5822	1.265129686	3.882478834	-2.726515085	71.95148102
20130802	2013.5849	1.284918649	1.427178932	-2.390903617	48.00263924
20130803	2013.5877	1.256003018	3.110291523	-2.247493212	68.01007777
20130804	2013.5904	1.166255937	2.997611851	7.111515391	68.7408948
20130805	2013.5932	0.9027701556	2.849167726	-2.006686847	72.41898721
20130806	2013.5959	-0.1034046223	2.671505118	-4.698301473	92.21661276
20130807	2013.5986	1.333670486	2.471952903	-2.201379668	61.65220685
20130808	2013.6014	-1.363866813	2.170880987	-2.425902131	122.1392974
20130809	2013.6041	-0.415505919	2.206403215	-3.62416094	100.6649368
20130810	2013.6068	-0.96238395	1.775237483	-0.2809756604	118.4628124
20130811	2013.6096	-0.2415841149	1.6095183	5.673113567	98.53620951
20130812	2013.6123	-1.740598424	1.229624883	-4.267870848	144.7611636
20130813	2013.6151	-2.171070415	1.060062742	-5.303761168	153.9752548
20130814	2013.6178	-2.493763317	0.7622903884	-5.361772063	163.0027225
20130815	2013.6205	-2.735404142	1.911470691	-6.085680797	145.0545684
20130816	2013.6233	-2.936961476	1.756593102	-5.288982394	149.1164073
20130817	2013.6260	-2.726706144	1.574518518	-5.144676451	149.9959973
20130818	2013.6288	-3.231387193	1.52810935	-4.474153222	154.6907309
20130819	2013.6315	-3.047254342	1.057522234	-4.610503772	160.8611285
20130820	2013.6342	-2.974849425	0.6027668298	-0.2869249442	168.5457467
20130821	2013.6370	-3.621226197	0.9180099495	-5.037186743	165.7747407
20130822	2013.6397	-1.751895784	0.5197301904	-3.941385963	163.4760993
20130823	2013.6425	-2.592312242	-0.4534347415	-2.986222989	189.9215296
20130824	2013.6452	-2.397031467	-0.5356856055	-2.291628806	192.5973954
20130825	2013.6479	-0.07798566785	0.9369776327	-1.342016056	94.75782382
20130826	2013.6507	-1.097456156	-0.1166472254	-0.4200646837	186.067117
20130827	2013.6534	-1.60541227	-0.2161262907	0.2705863511	187.6672635
20130828	2013.6562	-1.330580369	-0.08730701469	0.7788909666	183.7541234
20130829	2013.6589	-1.197367334	0.5114911836	-0.5251753277	156.8688034
20130830	2013.6616	-0.6258468026	-1.157668223	-0.3938667323	241.6039091
20130831	2013.6644	-0.3639976354	-0.7016281151	-1.649635676	242.580168
20130901	2013.6671	-0.004446989273	-0.9629908607	-0.3705061832	269.7354161
20130902	2013.6699	0.1622142558	-0.8681533129	1.016223938	280.5836615
20130903	2013.6726	-0.5319209549	-0.9490481578	-0.4606041625	240.7303131
20130904	2013.6753	-0.4414605781	-0.1675221738	-0.9370196185	200.7803792
20130905	2013.6781	-0.3734322993	-1.120288886	0.3725789756	251.5649282
20130906	2013.6808	-0.3208886673	-0.02608427647	-2.943389245	184.6472198
20130907	2013.6836	-0.2826264196	-0.1891822998	-0.9516064163	213.7972565
20130908	2013.6863	-2.043419911	0.6545502282	-1.008731855	162.2386484
20130909	2013.6890	-0.2441330272	1.343075399	-2.682350163	100.3022655
20130910	2013.6918	-0.8838019868	1.609588945	-1.054097979	118.7705512
20130911	2013.6945	-1.036966547	1.837827364	-1.037838394	119.4332129
20130912	2013.6973	-1.131531866	1.126909832	-0.9926185868	135.117259
20130913	2013.7000	-1.172063856	1.120292242	-1.666218341	136.293774
20130914	2013.7027	-1.163128428	1.06335159	-0.8084115795	137.5659199
20130915	2013.7055	-1.115701344	2.179344309	-0.6671254774	117.1098855
20130916	2013.7082	-1.628211546	2.092086035	-0.4981249802	127.8926156
20130917	2013.7110	-1.62768001	2.041359338	-0.3086656571	128.5671437
20130918	2013.7137	-1.59402324	2.096369781	-0.1060123126	127.2483828
20130919	2013.7164	-0.5164267396	1.060673206	0.1025622809	115.9607938
20130920	2013.7192	-0.5042625929	2.216578788	0.3097778796	102.8164245
20130921	2013.7219	-0.1893738295	2.854728537	0.5083470886	93.79526355
20130922	2013.7247	-0.000761620872	1.026794146	0.6909753529	90.04249893
20130923	2013.7274	0.1322034801	0.6860413299	0.8522424645	79.09253156
20130924	2013.7301	0.2199519217	1.644699955	-0.3942743857	82.38281537
20130925	2013.7329	0.2495037694	1.576692893	2.588322643	81.00779391
20130926	2013.7356	-0.6104583284	1.002556103	1.687665492	121.337315
20130927	2013.7384	-0.5735615219	1.028883758	-0.2501661193	119.1379175
20130928	2013.7411	-0.5254958309	0.9632906081	1.31712046	118.6134204
20130929	2013.7438	-0.4419467554	0.9215891257	-0.4960892292	115.6199809
20130930	2013.7466	-0.4347992518	1.796283837	-2.119577214	103.6070045
20131001	2013.7493	-0.3480616885	1.225062024	-0.532100838	105.8607816
20131002	2013.7521	-0.7826208728	1.71793787	-0.5410714281	114.4920317
20131003	2013.7548	-0.96855241	1.46245606	-0.5547263458	123.5156308
20131004	2013.7575	-0.9813303152	1.415772596	-0.4389485295	124.7274243
20131005	2013.7603	-0.6287369258	1.315477105	-0.6304844777	115.5456322
20131006	2013.7630	-0.4280045443	1.175229335	-1.840154149	110.0110221
20131007	2013.7658	-0.6826465434	1.090445597	-0.7071332113	122.047608
20131008	2013.7685	0.317531893	1.031508645	-0.9936082346	72.88993318
20131009	2013.7712	-0.07930038078	0.3639348628	-2.086608064	102.2924475
20131010	2013.7740	-0.5498544137	0.9269004786	-2.243781669	120.6771976
20131011	2013.7767	-0.2843607512	0.7811005722	-1.562766675	110.004106
20131012	2013.7795	0.5086475663	0.7222649296	-2.492309618	54.8452766
20131013	2013.7822	0.5258706256	0.6643493273	-1.057864931	51.63636337
20131014	2013.7849	1.002116269	0.6280678446	-2.759839509	32.07707902
20131015	2013.7877	1.213228088	0.6080993685	-2.880149724	26.62114032
20131016	2013.7904	1.391644636	0.6127403799	-3.197317099	23.76386767
20131017	2013.7932	1.523953345	0.6470112713	-3.221033805	23.00418762
20131018	2013.7959	1.572000282	0.7159348021	-0.7013036552	24.48590447
20131019	2013.7986	1.1217825	0.8139592021	-3.650303671	35.96443204
20131020	2013.8014	1.382105426	0.828660247	-3.868055591	30.94537213
20131021	2013.8041	1.694701031	1.320466339	-4.083943183	37.92478111
20131022	2013.8068	1.6863415	1.225453577	-4.292003051	36.0056649
20131023	2013.8095	1.998985818	1.529363111	-5.46547339	37.41850108
20131024	2013.8123	2.406984905	1.601134363	-6.334251649	33.63198297
20131025	2013.8150	2.385882355	1.721505165	-7.059840915	35.81188635
20131026	2013.8178	2.53495529	1.820601558	-7.179321566	35.68585783
20131027	2013.8205	2.970427016	1.617114475	-7.061435423	28.56408093
20131028	2013.8233	3.232469945	1.596747881	-6.397148503	26.28805721
20131029	2013.8260	3.253997239	1.400256937	-6.339325756	23.28312972
20131030	2013.8287	3.401607467	0.3372498482	-5.522908972	5.662044078
20131031	2013.8315	2.321605207	-0.132927815	-6.393430358	356.7230017
20131101	2013.8342	2.687388939	-0.4886855127	-5.650214096	349.6937225
20131102	2013.8370	1.132818737	0.1286127827	-5.501755459	6.477250445
20131103	2013.8397	1.392383936	0.6938808545	-4.730774303	26.4889199
20131104	2013.8425	1.301609929	0.3474781078	-3.983863469	14.94712019
20131105	2013.8452	1.01510296	0.1461829829	-4.428395099	8.194714366
20131106	2013.8479	1.368466869	-0.1626711966	-1.848659758	353.2209967
20131107	2013.8507	1.389224134	-0.5553404975	-3.205446161	338.2110056
20131108	2013.8534	1.742859708	-1.008080987	-1.899929476	329.9546424
20131109	2013.8562	1.93387084	-1.497149744	-1.61160695	322.2539464
20131110	2013.8589	2.026847541	-2.04661058	-1.115220649	314.7220225
20131111	2013.8617	2.021856626	-2.182472508	-0.7067322731	312.8122219
20131112	2013.8644	0.4715306322	-2.900170354	-0.3148974917	279.2347549
20131113	2013.8671	0.5770188849	-3.251941696	0.05394759551	280.0617401
20131114	2013.8699	0.7805833085	-3.574573981	0.7082529759	282.3183624
20131115	2013.8726	1.545781281	-2.913955469	-0.3356182313	297.9448443
20131116	2013.8754	1.521241282	-3.417898252	0.1273128576	293.9929337
20131117	2013.8781	1.513968507	-3.585633828	0.624173574	292.8910158
20131118	2013.8809	1.548146332	-3.23388045	1.121882474	295.5817033
20131119	2013.8836	1.660636396	-1.548994179	1.682375001	316.9921452
20131120	2013.8863	1.476305207	-1.399874226	1.726956856	316.5222076
20131121	2013.8890	1.123144708	-1.187165956	2.247176836	313.4126772
20131122	2013.8918	0.7964450176	-1.787962258	1.102651035	294.0105077
20131123	2013.8945	0.4491418802	0.3673832212	2.669841145	39.28203221
20131124	2013.8972	0.0001464885942	-1.04975347	3.958282239	270.0079954
20131125	2013.9000	-0.2078000939	-2.093134106	2.794139526	264.330424
20131126	2013.9027	-0.609437524	-1.256964624	2.576645509	244.1336384
20131127	2013.9055	-0.8780930285	-1.810958425	2.612933838	244.1322963
20131128	2013.9082	-0.7101258759	-1.537785081	2.726891949	245.2132219
20131129	2013.9110	-0.2065656689	-1.731271809	2.625143577	263.1959537
20131130	2013.9137	-0.1666339752	-1.964790883	2.447443723	265.1523436
20131201	2013.9164	-1.411157974	-1.724944721	2.993987506	230.7137854
20131202	2013.9192	-0.7166272977	-2.057470209	2.16056311	250.796514
20131203	2013.9219	-0.5669169295	-1.971251465	2.110433521	253.9551671
20131204	2013.9247	-0.1878205572	-1.775708797	1.021340682	263.9621514
20131205	2013.9274	-0.9924387071	-1.437909775	4.024697268	235.3867407
20131206	2013.9301	-0.9111788268	-1.202766255	4.071879175	232.8535473
20131207	2013.9329	-0.003108444469	-0.7219591937	3.553362059	269.7533106
20131208	2013.9356	0.1469057592	-0.3593092464	3.537830362	292.2374954
20131209	2013.9384	0.2042436895	0.1839256472	3.545237099	42.00368749
20131210	2013.9411	0.1826755382	0.275986813	3.450098321	56.49944399
20131211	2013.9438	0.09597149703	0.967957434	3.194573649	84.33771703
20131212	2013.9466	-0.8941726706	1.337776716	2.501897233	123.7588478
20131213	2013.9493	-1.16300306	1.663755954	2.424433018	124.9544195
20131214	2013.9521	-1.417075766	1.39385215	1.553409578	135.4733614
20131215	2013.9548	-1.45628188	1.986688474	1.947719092	126.2421521
20131216	2013.9576	-1.64098691	2.484891728	-0.04735930688	123.4402012
20131217	2013.9603	-1.72585221	2.858600048	-0.8690377477	121.1210749
20131218	2013.9630	-1.835211677	3.162920829	-1.845422621	120.1234592
20131219	2013.9658	-1.931000708	2.923261631	-0.1073501796	123.4473056
20131220	2013.9685	-1.523619485	1.844467418	-0.5644328925	129.5583572
20131221	2013.9713	-1.663157024	1.30449815	-0.9417805841	141.8911163
20131222	2013.9740	-1.395772593	1.101005551	-1.245061991	141.733114
20131223	2013.9767	-1.498341711	1.121311623	1.023480542	143.189978
20131224	2013.9795	-1.593787392	0.3340521779	-1.521631861	168.1623678
20131225	2013.9822	-1.675178003	-0.0288771868	-1.513775247	180.9875829
20131226	2013.9849	-1.734369787	0.5699691375	-3.773020481	161.8078302
20131227	2013.9877	-1.763209653	-0.5919937438	-1.176729536	198.5593629
20131228	2013.9904	-1.753727681	-0.7514010973	-0.8338642555	203.1931672
20131229	2013.9932	-1.699008412	-0.8228484673	-0.1636027085	205.8414175
20131230	2013.9959	-1.363592283	-0.81029584	0.1692878119	210.7203126
20131231	2013.9986	-0.801080777	-0.8924945494	1.026770304	228.0896445
20140101	2014.0014	-1.012020666	-0.431208636	2.439507386	203.0782133
20140102	2014.0041	-1.027685462	0.992965154	2.689826002	135.9844014
20140103	2014.0069	-0.7318339567	0.3415665806	1.724296995	154.9802735
20140104	2014.0096	-0.6320719184	0.268330048	-1.908544841	156.9975855
20140105	2014.0123	-0.6520535786	0.2684806302	-1.675660396	157.620768
20140106	2014.0151	-0.3852316557	-0.5043767978	-1.534156135	232.6282226
20140107	2014.0178	-0.2650001094	-0.5967629614	-1.554541591	246.0557832
20140108	2014.0205	-0.1159897913	-0.7504105445	-1.243951978	261.2134147
20140109	2014.0233	0.01919912496	-0.7398770645	-1.264251092	271.4864389
20140110	2014.0260	0.1340871363	-0.6097947567	-1.293981367	282.4013501
20140111	2014.0288	0.2221947395	-0.5961676921	-1.052107173	290.4406811
20140112	2014.0315	0.2770424314	-0.4457107545	-0.7845026721	301.8640295
20140113	2014.0342	0.3079517074	-0.5554708785	-0.5663959037	299.0038797
20140114	2014.0370	0.2714044831	-0.4334055965	-0.3215765223	302.0553584
20140115	2014.0397	0.2178606727	-0.3502657902	-0.05264774527	301.8810638
20140116	2014.0425	0.1424576452	-0.458474567	-0.9181818404	287.2611134
20140117	2014.0452	-0.1485067684	-0.3211812454	0.6666596648	245.1852722
20140118	2014.0480	0.2748689237	-0.3446985055	1.055809845	308.569502
20140119	2014.0507	-0.0765534308	-0.4076955099	1.253614389	259.3653406
20140120	2014.0535	-0.2744627115	-0.2913161343	1.618022355	226.7062224
20140121	2014.0562	-0.2105048481	-0.6032890861	1.862258666	250.7646568
20140122	2014.0589	0.03127181667	-0.5756108837	2.182711796	273.1097109
20140123	2014.0616	-0.2962067072	-0.6293572132	2.374703838	244.7959989
20140124	2014.0644	-0.3364871321	-0.7978406863	2.586243511	247.1325477
20140125	2014.0671	-0.3792089201	-0.8387267631	2.393351752	245.6711086
20140126	2014.0699	-0.4273101181	-0.9129048348	3.174153793	244.9167684
20140127	2014.0726	-0.4811977549	-1.018468697	3.308315535	244.7105857
20140128	2014.0753	-0.7708727012	0.2135548572	3.393210119	164.5156726
20140129	2014.0781	-0.5468516903	-0.3927552165	3.434707991	215.6863452
20140130	2014.0808	-0.4827926166	-1.006517656	3.366746534	244.3745348
20140131	2014.0836	-0.9752191741	-0.951577175	3.503693024	224.2970099
20140201	2014.0863	-0.4913378187	-1.770025466	3.361544472	254.4859844
20140202	2014.0890	-0.4046474329	-1.948774953	3.296766663	258.2696818
20140203	2014.0918	-0.2097034895	-2.131544192	1.403132554	264.3812639
20140204	2014.0945	-0.03958530714	-2.003847906	1.945778796	268.8682893
20140205	2014.0973	0.4182759741	-1.54951419	3.197174113	285.1063748
20140206	2014.1000	0.4176739162	-1.164893848	2.979292112	289.7253487
20140207	2014.1027	0.8723139121	-0.2962143888	2.894992173	341.2438917
20140208	2014.1055	0.914804917	0.09954989131	2.673133506	6.210539992
20140209	2014.1082	1.179566296	0.8316824987	2.256092493	35.18670027
20140210	2014.1110	-0.2263976816	0.3869768904	2.19611245	120.3294212
20140211	2014.1137	1.65885645	0.6991204951	2.478320176	22.85285681
20140212	2014.1164	1.860028295	1.652183127	2.198550411	41.61330792
20140213	2014.1192	2.018963057	1.904759219	2.046884839	43.33282005
20140214	2014.1219	2.123227197	4.041448283	3.826628267	62.28422737
20140215	2014.1247	2.160394368	5.04127109	2.316866016	66.80285346
20140216	2014.1274	0.5609555205	4.911479713	2.432369641	83.48430287
20140217	2014.1301	1.990537508	1.524019468	2.446742927	37.43882905
20140218	2014.1329	1.791480193	3.166014653	2.47589067	60.49677458
20140219	2014.1356	1.540403037	2.247215178	7.253620719	55.57045475
20140220	2014.1384	1.256626191	1.89051549	2.576674394	56.38800225
20140221	2014.1411	0.8816991056	1.70823495	2.64739281	62.6996477
20140222	2014.1438	0.8331247331	1.322878239	3.38949775	57.79802
20140223	2014.1466	0.4011360851	0.9482701007	3.493691265	67.07072398
20140224	2014.1493	0.1686693906	0.6370658548	6.983065089	75.17063627
20140225	2014.1521	-0.03124547214	-0.1232409516	-0.7193566344	255.7734738
20140226	2014.1548	-0.2230096748	0.6948494013	3.396906034	107.7938655
20140227	2014.1575	-0.3025094784	0.006050749779	4.269410018	178.8541311
20140228	2014.1603	-0.4492629498	-0.06672339361	5.103890944	188.4476737
20140301	2014.1630	0.9062604531	0.4596137606	5.337077506	26.89203453
20140302	2014.1658	-0.6787889635	-0.725352871	5.692249564	226.8993366
20140303	2014.1685	-0.7646453443	-0.5111324552	6.781953191	213.7610207
20140304	2014.1712	-0.8454686041	-0.5788425309	6.865800934	214.3971438
20140305	2014.1740	-0.2438636276	0.1215878144	7.20420318	153.4996434
20140306	2014.1767	-0.4334949625	0.107606479	6.735238535	166.0592412
20140307	2014.1795	-2.440825032	-0.1003828668	3.366236531	182.3550542
20140308	2014.1822	-1.143795157	-0.1931333959	3.289000758	189.5841683
20140309	2014.1849	-1.217095446	-0.4905512964	3.202486525	201.9519388
20140310	2014.1877	-0.2396002862	-0.9379694939	3.111214111	255.6704724
20140311	2014.1904	-1.373133066	-0.987597341	3.019703797	215.7247895
20140312	2014.1932	-1.429991495	-1.030253175	-0.06946223777	215.7712809
20140313	2014.1959	-2.02889488	-1.536613746	-1.069359269	217.1390096
20140314	2014.1986	-1.590793082	-0.7971454295	-0.2508789064	206.6154209
20140315	2014.2014	-1.369522787	-1.462435718	-0.4373446222	226.8791271
20140316	2014.2041	-1.759204952	-1.099637779	0.3263099512	212.0085375
20140317	2014.2068	-0.9568692389	-1.08609351	0.8342028209	228.6193291
20140318	2014.2096	-0.7938683496	-0.588020707	1.391102215	216.5274609
20140319	2014.2123	0.616944996	0.2687346588	2.114428118	23.53742759
20140320	2014.2151	-0.6399490137	-2.264219642	2.028031719	254.2178207
20140321	2014.2178	-0.5887548144	-2.194120599	2.71845821	254.9794881
20140322	2014.2205	-0.544214458	-0.8723649821	2.679596028	238.0425164
20140323	2014.2233	-0.5045576093	-0.8099285794	2.753993117	238.0785154
20140324	2014.2260	-0.466289447	-0.531792591	2.818020579	228.754881
20140325	2014.2288	-0.4259151498	-0.6758247621	0.3721301719	237.7802396
20140326	2014.2315	-0.3690006856	1.082105537	6.332992548	108.8295042
20140327	2014.2342	-0.4072514193	-0.3498895139	3.940532403	220.6674796
20140328	2014.2370	-0.233351219	-0.4890254302	1.670328764	244.4906417
20140329	2014.2397	-0.3452725427	-0.4442645601	1.268690627	232.1464425
20140330	2014.2425	-0.2249027344	-0.4140764912	0.78991282	241.4917139
20140331	2014.2452	0.9301876361	-0.4019673776	0.2334890803	336.6290988
20140401	2014.2479	-0.2117107665	-0.4114478065	1.914808501	242.7718818
20140402	2014.2507	-0.2400644426	-0.4443134931	-1.878778303	241.6174614
20140403	2014.2534	-0.2930746565	-0.6286665721	-4.628573603	245.005793
20140404	2014.2562	-0.3602691726	-0.5895888807	-5.798215505	238.572921
20140405	2014.2589	-0.4282225823	-0.6261307392	-7.816229926	235.6310418
20140406	2014.2616	-0.4835056915	-0.6921724737	-5.291022221	235.0644091
20140407	2014.2644	-0.5126876086	-0.7497576325	-5.474009529	235.6355056
20140408	2014.2671	-0.5023371868	-0.792149013	-5.516065689	237.6193848
20140409	2014.2699	-0.0378884569	-0.1265094869	-6.870995815	253.3275133
20140410	2014.2726	-0.3093147384	-0.03903302262	-6.576888103	187.1922481
20140411	2014.2753	-0.1056439732	0.01563944801	-6.191592761	171.57914
20140412	2014.2781	0.5591717628	0.04142127529	-8.13851217	4.236511452
20140413	2014.2808	0.4183760413	0.01993380535	-5.769341183	2.727832693
20140414	2014.2836	-0.1665654937	0.09701953782	-10.05725056	149.7804489
20140415	2014.2863	0.9633677544	-0.01217543406	-5.392191934	359.2759112
20140416	2014.2890	1.136095087	-0.04344861726	-5.047518887	357.8098578
20140417	2014.2918	-0.2292769629	-0.02892705596	-7.246018555	187.1908102
20140418	2014.2945	-1.82544614	-0.06616109171	-5.170316051	182.0757078
20140419	2014.2973	-0.6131171278	-0.1201273354	-5.533993306	191.0854698
20140420	2014.3000	0.6057616731	-0.05198230944	-6.028175718	355.0952851
20140421	2014.3027	0.1419768838	-0.01183040825	-6.600779218	355.2367586
20140422	2014.3055	-0.3671231793	-0.5411931491	-8.526844219	235.8486448
20140423	2014.3082	-1.031299565	-0.4970980543	-7.57696812	205.7345926
20140424	2014.3110	-1.036043311	-0.3844850845	-10.58331346	200.3603475
20140425	2014.3137	-1.96729035	-0.2166741383	-8.696583898	186.2851312
20140426	2014.3164	-0.5080376463	0.01033922583	-8.477753986	178.8341174
20140427	2014.3192	-0.8296322081	0.3252684234	-8.170091825	158.591672
20140428	2014.3219	-1.173381272	0.4531221198	-8.142407395	158.8850423
20140429	2014.3247	-1.470041802	0.9726636414	-7.800521361	146.509102
20140430	2014.3274	-1.676928512	1.01222018	-7.567326019	148.8841646
20140501	2014.3301	-1.814766388	1.341339192	-7.43526903	143.5309673
20140502	2014.3329	-1.791288458	1.564621002	-6.653281491	138.8640474
20140503	2014.3356	-0.8912855264	1.773978179	-6.870557662	116.6759563
20140504	2014.3383	-0.3671056769	1.917690258	-6.59299428	100.8370888
20140505	2014.3411	0.08624544108	1.963792526	-6.679852603	87.48531152
20140506	2014.3438	0.5372736849	2.005550407	-5.862938452	75.00298344
20140507	2014.3466	0.4465925754	1.901447128	-6.581856954	76.78251655
20140508	2014.3493	0.8846861161	1.773274177	-5.213949505	63.48540089
20140509	2014.3520	0.9144535355	1.530819657	-5.938700611	59.14750857
20140510	2014.3548	0.8528129117	1.342354039	-4.989129934	57.57173687
20140511	2014.3575	0.4916498424	1.027858119	-4.703142933	64.43706231
20140512	2014.3602	0.1808686688	0.551883986	-2.896848873	71.85450317
20140513	2014.3630	-0.1274597055	0.6465571664	-1.880653858	101.1520632
20140514	2014.3657	-0.4622502665	0.1179711066	-1.117484074	165.6831261
20140515	2014.3685	0.5605076451	-0.1891372157	0.0763880744	341.3535919
20140516	2014.3712	0.6344166667	-0.4696063958	1.198653898	323.4905029
20140517	2014.3740	-0.6700604159	-0.8529774265	2.377728216	231.8484277
20140518	2014.3767	-0.4700062447	-1.054835277	3.608484117	245.9835323
20140519	2014.3795	-0.2985953584	-1.12257757	5.018471199	255.1047398
20140520	2014.3822	-0.2023454098	-1.305879499	6.043093988	261.1920911
20140521	2014.3850	-0.1174819754	-1.279618068	8.164714327	264.7543694
20140522	2014.3877	0.05575601129	-1.168403524	8.36808166	272.732072
20140523	2014.3905	0.04985390183	-0.8062431979	9.925148062	273.538369
20140524	2014.3932	0.6133687121	-0.6729022615	10.84321209	312.3500229
20140525	2014.3959	0.6936238081	-1.062492113	11.24705691	303.1375972
20140526	2014.3987	0.6295765772	-0.9270404498	12.3382943	304.1814161
20140527	2014.4014	0.7957526256	-0.979084745	12.26335117	309.1025387
20140528	2014.4041	0.8111811681	-0.7416169031	11.8396154	317.5650956
20140529	2014.4069	1.019712698	-0.508546152	11.43357152	333.4938731
20140530	2014.4096	1.174720733	-0.5940078873	10.87926231	333.1761557
20140531	2014.4124	1.331371238	-0.1673210863	10.25662651	352.8368645
20140601	2014.4151	1.439240072	-0.01769044418	9.645557241	359.2957834
20140602	2014.4178	1.72114493	0.1277973839	9.125897667	4.246498033
20140603	2014.4206	2.027805098	0.6582274694	8.758099316	17.98347979
20140604	2014.4233	2.347276978	0.3710312831	8.222729793	8.982357517
20140605	2014.4260	2.658726647	1.037152892	8.788478972	21.31045038
20140606	2014.4288	2.989209033	1.114985975	7.770953067	20.45570058
20140607	2014.4315	2.629750283	0.5722536203	7.786090275	12.27660621
20140608	2014.4343	3.871243234	0.7192761051	7.762962961	10.52551887
20140609	2014.4370	4.501592672	0.6096107173	11.34274768	7.712142923
20140610	2014.4397	4.56547275	0.7013990988	11.76398877	8.734131198
20140611	2014.4425	4.525573297	0.9019737391	11.59183823	11.27169136
20140612	2014.4452	5.043410883	0.731977352	11.02545635	8.257984025
20140613	2014.4479	5.64089667	1.122632287	9.892917095	11.25574673
20140614	2014.4507	3.900928925	1.157968373	8.496994787	16.53321941
20140615	2014.4534	3.230494323	1.002220806	6.953439526	17.23585529
20140616	2014.4562	1.006353943	0.5541620778	4.581494	28.83995892
20140617	2014.4589	1.086880654	0.1931815441	2.66410688	10.07846792
20140618	2014.4616	-0.2239837145	-0.3092083813	-5.573589378	234.0812588
20140619	2014.4644	-1.691465096	-0.8078606901	-3.915073932	205.5296087
20140620	2014.4671	-2.586708931	-1.390273477	-5.430106214	208.2566106
20140621	2014.4699	-3.294410375	-1.608391994	-6.819839033	206.0224849
20140622	2014.4726	-3.851293172	-2.128101404	-8.050485794	208.9236356
20140623	2014.4753	-4.183633502	-2.466799361	-11.45650258	210.5249128
20140624	2014.4781	-4.33872786	-2.529936751	-12.52230081	210.2467031
20140625	2014.4808	-4.268568092	-2.555343878	-12.8061182	210.9065081
20140626	2014.4836	-3.973060573	-1.16543931	-12.92834575	196.3482805
20140627	2014.4863	-3.500204489	-1.582995085	-12.49208722	204.3352364
20140628	2014.4890	-2.706026361	-1.13142572	-11.71819788	202.6904554
20140629	2014.4918	-2.641831906	-2.131952785	-9.165133799	218.9034566
20140630	2014.4945	-0.8701950917	-0.9884882674	-9.902917043	228.6415944
20140701	2014.4973	-1.057678943	-1.170519698	-8.251663124	227.8991044
20140702	2014.5000	1.735628873	-0.9880685683	-6.986344221	330.3477627
20140703	2014.5027	-4.87456949e-05	-1.857084463	-6.322519371	269.9984961
20140704	2014.5055	-0.2322035859	-0.001534372532	-4.779093497	180.3785979
20140705	2014.5082	-0.2409759876	0.3998129923	-3.839264813	121.0782843
20140706	2014.5110	-0.3383807248	-1.844764087	-2.691536011	259.6059145
20140707	2014.5137	-0.4908396533	-0.6205981784	-2.466162103	231.6590419
20140708	2014.5164	-0.6722871483	-0.5995783068	0.3629383857	221.7281284
20140709	2014.5192	-1.143311931	-0.6888440462	-3.40132958	211.0689123
20140710	2014.5219	-1.000014507	-0.2855066867	-2.804873896	195.934179
20140711	2014.5247	-1.333076597	-0.4188188962	-2.274922792	197.4413977
20140712	2014.5274	-1.643886272	-0.1898462209	-1.821867213	186.5876899
20140713	2014.5301	-1.714341568	-0.2447451716	-1.441075572	188.1248367
20140714	2014.5329	0.09680537759	0.9434208024	-1.431643816	84.14132583
20140715	2014.5356	-0.141964704	0.3839107521	-1.027983089	110.2936727
20140716	2014.5384	-0.02368139247	0.7258879689	-0.9853342876	91.86855662
20140717	2014.5411	-1.590161787	1.115637824	-2.703645048	144.9469757
20140718	2014.5438	-0.5016437044	1.548779488	-1.720319101	107.946939
20140719	2014.5466	-0.7118632635	2.02291474	-1.369353121	109.3869595
20140720	2014.5493	-0.8193616492	2.54344724	-1.724283816	107.8561436
20140721	2014.5521	-1.144707124	3.251976657	-1.996004479	109.3922463
20140722	2014.5548	-0.9666692682	3.273614558	-1.905173547	106.4514019
20140723	2014.5575	-0.8309613795	3.205652554	-2.434606877	104.5322154
20140724	2014.5603	-1.297425744	3.038595339	-2.022679492	113.1216135
20140725	2014.5630	0.05300390728	4.261613592	0.2566352113	89.2874193
20140726	2014.5658	-1.292509272	2.69741997	-1.269101262	115.6021104
20140727	2014.5685	-1.285357159	1.91660456	-1.741283836	123.847499
20140728	2014.5712	-1.221843387	1.296812621	-2.762641911	133.2950618
20140729	2014.5740	-2.913060554	2.103535074	-2.119957705	144.166768
20140730	2014.5767	-0.8771717688	0.6133358289	2.228105945	145.037994
20140731	2014.5795	-0.601163361	-0.2125426289	-3.312421242	199.47116
20140801	2014.5822	-0.2695888093	-0.4665648089	-2.773348566	239.9799725
20140802	2014.5849	0.1068060023	-1.057968446	-11.7285801	275.7646993
20140803	2014.5877	0.8156253484	-1.244680378	-3.006039782	303.2363841
20140804	2014.5904	-0.3915123365	-1.46083748	-2.803620923	254.9969952
20140805	2014.5932	0.7116146504	-1.493410158	-2.51911322	295.4779469
20140806	2014.5959	0.7316647274	-1.533225064	-2.157935494	295.5107725
20140807	2014.5986	0.6246056715	-1.484409124	-1.729791463	292.8202534
20140808	2014.6014	0.5747919497	-0.136660836	-13.05825339	346.6258411
20140809	2014.6041	0.5386442039	-0.04056004328	-0.591818062	355.6937402
20140810	2014.6068	0.6292986189	0.2425318303	-0.6152426934	21.07667399
20140811	2014.6096	0.7915194374	0.3330136316	0.193926856	22.81780663
20140812	2014.6123	1.342003464	0.6440475636	0.4355797708	25.63704651
20140813	2014.6151	0.7885317942	0.6790689717	0.6705065048	40.73442151
20140814	2014.6178	0.8017712496	1.043542801	-2.250267952	52.4643294
20140815	2014.6205	0.8178990151	-0.7948613252	-0.2539735274	315.8183935
20140816	2014.6233	0.8309857421	-0.756051234	-10.3527971	317.7033048
20140817	2014.6260	0.9873072558	-1.15043833	-0.9934803101	310.6362241
20140818	2014.6288	0.7845719712	-1.466707971	-1.794287727	298.1432339
20140819	2014.6315	-0.1955187524	-1.737140779	-0.9968419175	263.5782684
20140820	2014.6342	1.720877092	-1.940332869	-1.484799052	311.5697506
20140821	2014.6370	1.750599043	-2.470617166	-1.048084203	305.3201468
20140822	2014.6397	1.766682666	-2.059380344	-0.9513697073	310.6253359
20140823	2014.6425	1.52144687	-0.9340541957	-0.8148073009	328.4531978
20140824	2014.6452	1.260264468	-2.418152977	-2.116297413	297.5270936
20140825	2014.6479	0.9729060763	-1.422314243	-3.799621406	304.3733117
20140826	2014.6507	0.6347088276	-0.8506500134	-2.806257614	306.7283005
20140827	2014.6534	0.5022972906	0.4441825975	-1.59288454	41.48640009
20140828	2014.6562	-0.2302171637	-0.3786911431	-2.066615792	238.703387
20140829	2014.6589	-1.174492827	-0.2372317074	-3.855952766	191.4193316
20140830	2014.6616	-1.005772054	-0.04053913127	-2.649390732	182.3081418
20140831	2014.6644	-1.217077888	0.1164253567	-0.661703724	174.5357275
20140901	2014.6671	-1.284461592	0.565470085	0.00588925728	156.239034
20140902	2014.6699	-1.334856046	0.3100854373	1.140543483	166.9222052
20140903	2014.6726	-1.347045549	0.4499666921	1.906778001	161.5286342
20140904	2014.6753	-1.322840832	1.418308406	3.357588881	133.0053333
20140905	2014.6781	-1.378718777	-0.2652735392	4.526468778	190.8909496
20140906	2014.6808	-1.18609948	-0.9740946028	6.14950666	219.3948511
20140907	2014.6836	-1.056177559	1.646738237	5.022685734	122.6751179
20140908	2014.6863	-1.538435558	1.354795967	4.517058922	138.6318137
20140909	2014.6890	-0.7448921302	0.7638066945	4.184465295	134.2817202
20140910	2014.6918	0.1801493122	0.740565809	3.130491282	76.32783948
20140911	2014.6945	-0.9836727699	0.6962800954	2.614975736	144.7077232
20140912	2014.6973	-0.7839406131	0.4937113988	2.605230486	147.7980298
20140913	2014.7000	-0.7063588492	0.6896293962	2.436588471	135.6865969
20140914	2014.7027	-0.4369704503	0.3636085184	2.33708041	140.2357391
20140915	2014.7055	-0.2704540613	0.4168066426	1.987969775	122.9784008
20140916	2014.7082	-0.4981414929	0.338542956	0.8127040684	145.7995006
20140917	2014.7110	-0.4416513596	0.2757445962	0.01276780374	148.0214457
20140918	2014.7137	-0.3916799706	0.2271710005	0.7068518595	149.8866371
20140919	2014.7164	-0.3457363096	0.1001440058	0.5890791572	163.8461137
20140920	2014.7192	-0.3437460046	-0.3130170778	0.6554193692	222.3211729
20140921	2014.7219	-0.1179232013	0.4568666881	2.994668299	104.472895
20140922	2014.7247	-0.2168260203	0.6638708565	3.026908021	108.0874901
20140923	2014.7274	-0.1537628425	0.8175689697	4.408726009	100.6513806
20140924	2014.7301	-0.09185141654	2.461526659	2.703672216	92.13699004
20140925	2014.7329	-0.01962706819	-0.5842085529	2.547225305	268.0758149
20140926	2014.7356	0.06449674626	0.9881321384	2.363066566	86.26552291
20140927	2014.7384	0.1587827629	0.7954266987	1.672706739	78.71102585
20140928	2014.7411	1.458450874	0.4356885169	1.537259176	16.63266136
20140929	2014.7438	0.3675360799	0.418262333	0.4341109829	48.69353393
20140930	2014.7466	0.4768548925	0.1084894275	0.2965167618	12.81721194
20141001	2014.7493	1.411984913	-0.042819495	0.5767735553	358.2629951
20141002	2014.7521	0.9350618098	0.3237875379	0.6103459913	19.09963643
20141003	2014.7548	0.5121540354	0.4457723091	-1.565336362	41.03589343
20141004	2014.7575	0.6355358157	-0.1693802316	1.125323204	345.0766621
20141005	2014.7603	0.7215189674	-1.358600549	1.222825865	297.97166
20141006	2014.7630	0.7627687967	-1.414050524	1.472375937	298.3433633
20141007	2014.7658	1.45701138	-0.9840154523	2.131025855	325.9662595
20141008	2014.7685	1.43065638	-1.117126234	2.379384704	322.015547
20141009	2014.7712	1.366220452	-0.1980816755	2.55385447	351.7504462
20141010	2014.7740	1.229691616	-0.1998816862	3.054012926	350.7675354
20141011	2014.7767	0.898406577	-0.1996336133	3.4851986	347.4719394
20141012	2014.7795	0.8878547706	-0.1834881965	0.9616954974	348.3233729
20141013	2014.7822	0.8853795508	-0.2028021867	7.274625866	347.0985735
20141014	2014.7849	0.9466412739	-1.453385189	5.129475966	303.0776237
20141015	2014.7877	0.04702156622	-1.142697087	5.084882276	272.3563709
20141016	2014.7904	1.345508865	1.173751926	5.361246436	41.0997517
20141017	2014.7932	2.97678646	1.524750162	0.5059728585	27.12213679
20141018	2014.7959	0.05674103708	0.003726590574	7.769905481	3.757627856
20141019	2014.7986	-0.7523311943	-0.2566821884	5.64882201	198.8387396
20141020	2014.8014	2.056687079	0.1953214349	4.981508763	5.425049992
20141021	2014.8041	1.379465154	-1.000508454	5.367988795	324.0471027
20141022	2014.8068	0.3060059282	0.3550369128	5.087905821	49.2419848
20141023	2014.8096	1.770987154	1.072912903	4.377077422	31.208638
20141024	2014.8123	1.058461678	-0.1536221842	4.160095555	351.7419128
20141025	2014.8151	1.043438474	0.2414971078	3.908793355	13.03129369
20141026	2014.8178	-0.2269193071	-1.707806976	3.624853681	262.4313428
20141027	2014.8205	2.19883322	0.1865021931	3.309959388	4.848150012
20141028	2014.8233	1.617017292	0.1975869101	2.685349975	6.966562247
20141029	2014.8260	0.9146970238	0.2295514937	2.596275554	14.08794883
20141030	2014.8288	0.8459398772	0.2731456992	2.332301206	17.89475987
20141031	2014.8315	0.6049597651	-1.124922275	1.78381426	298.270438
20141101	2014.8342	0.4194593805	0.404812044	1.358337256	43.98195883
20141102	2014.8370	0.6404012776	0.6697457824	0.9307626174	46.28308894
20141103	2014.8397	0.6274435821	0.5607789301	0.5092443306	41.78881435
20141104	2014.8425	0.07140821892	0.09191222585	0.06233035595	52.15573994
20141105	2014.8452	0.07221430622	0.0112040484	0.7928820293	8.819124593
20141106	2014.8479	-0.1056436589	0.141033353	0.6529501959	126.8357293
20141107	2014.8507	-0.03112579468	0.09560885205	0.4379398029	108.0328395
20141108	2014.8534	0.02815903688	0.1725148255	0.2404059834	80.72954915
20141109	2014.8562	0.4850965993	-0.08800341108	0.06704775002	349.7175609
20141110	2014.8589	0.713995397	-1.29261815	-0.07543588475	298.9146687
20141111	2014.8616	0.8866593177	0.07603025088	-0.1803459084	4.901073405
20141112	2014.8644	0.972554617	0.176060648	-0.238667044	10.26107387
20141113	2014.8671	0.9419207119	0.2953032717	1.274543175	17.40682441
20141114	2014.8699	-0.5878424383	0.5585979438	-0.1497340479	136.4612385
20141115	2014.8726	-0.1468204458	0.4791251883	0.02547341095	107.0368669
20141116	2014.8753	-0.2858443533	0.4065594535	0.3056746455	125.1103361
20141117	2014.8781	-0.354635417	0.3451377008	1.558269511	135.777603
20141118	2014.8808	-0.4694450514	0.3231841514	1.178772142	145.4549707
20141119	2014.8836	-0.5837753745	0.1008456646	1.720770396	170.1990328
20141120	2014.8863	-0.6922837424	-0.02798503365	2.291516108	182.3148771
20141121	2014.8890	-0.5715902516	0.06079713614	3.185456514	173.9285682
20141122	2014.8918	-0.8030273827	0.3221017393	2.817728797	158.1438207
20141123	2014.8945	-0.9465726561	-0.4065339015	3.999631446	203.2425492
20141124	2014.8973	-1.002740958	-0.4997298577	4.396352946	206.4900071
20141125	2014.9000	-2.212932082	-0.6481903037	4.79970088	196.3258442
20141126	2014.9027	-0.5998530016	0.1382873163	5.11593395	167.0181072
20141127	2014.9055	-0.2169283188	-0.2421870972	5.322731277	228.1490206
20141128	2014.9082	-1.334659394	-0.4731687498	6.436787384	199.5206369
20141129	2014.9110	-0.0873591102	-0.6000564213	5.318735201	261.7167974
20141130	2014.9137	0.001544444139	-0.7572633448	5.063300045	270.116855
20141201	2014.9164	0.1929095749	-0.4748246946	4.613785943	292.1106956
20141202	2014.9192	0.1842389233	-1.016738683	3.977602236	280.2708774
20141203	2014.9219	0.2671772466	-1.485701908	3.192902988	280.1946686
20141204	2014.9247	0.3795752203	-0.8052273151	1.985957943	295.2386697
20141205	2014.9274	0.2439505031	-0.9799662262	1.55157291	283.9789422
20141206	2014.9301	-0.07297379819	-1.224986105	0.3940820674	266.5908549
20141207	2014.9329	-0.2157584281	-0.2765056231	-0.5383300807	232.0349434
20141208	2014.9356	-0.1688734021	-0.6796799684	-2.222602191	256.0468225
20141209	2014.9384	-0.1910889506	0.6154124651	-3.132016725	107.2498557
20141210	2014.9411	1.307229744	0.112834537	-3.42338499	4.933301648
20141211	2014.9438	-0.01501667535	0.2405921952	-3.857371931	93.57151008
20141212	2014.9466	-0.3943808769	1.022911273	-3.886480267	111.0840202
20141213	2014.9493	0.04162603014	0.3288209323	-2.956783541	82.78520163
20141214	2014.9521	-0.3487853002	0.0542415263	-1.023403437	171.1604253
20141215	2014.9548	0.3147293227	0.3264022398	-3.177846489	46.04305425
20141216	2014.9575	-0.3216472245	0.285334305	-7.090735363	138.4236629
20141217	2014.9603	-0.2004287472	0.1775924822	-3.717067758	138.4570372
20141218	2014.9630	-0.3183036899	0.1880250295	-7.060028303	149.4292478
20141219	2014.9658	-0.3270655917	-0.5967260444	-6.746666955	241.2728491
20141220	2014.9685	0.07785282893	-0.5176778699	-6.481398689	278.5525373
20141221	2014.9712	-0.3691123789	-0.1217593792	-6.893321729	198.2562117
20141222	2014.9740	0.01362487273	-0.2384690646	-6.207299152	273.2700255
20141223	2014.9767	-0.4499976152	-1.153538601	-4.987131191	248.6891483
20141224	2014.9795	-0.6195952749	-1.414430039	-6.327688537	246.344035
20141225	2014.9822	-0.1725122047	-1.17338844	-6.540305853	261.6362608
20141226	2014.9849	0.6735592874	-1.429699376	-7.367435816	295.2260401
20141227	2014.9877	1.055289936	-1.611920955	-7.113778863	303.2119051
20141228	2014.9904	1.132099079	-0.6512721255	-7.96592945	330.0891127
20141229	2014.9932	0.7984833897	-1.072311994	-5.613414185	306.6727404
20141230	2014.9959	-6.146758979	-0.6734277593	-9.488510967	186.2522858
20141231	2014.9986	-6.30145542	0	-3.640706955	180
