# YYYYMMDD	YYYY.DECM	N_filt(mm)	E_filt(mm)	U_filt(mm)	Azimuth(deg)
20120401	2012.2500	-0.5290256553	-0.2934768839	-1.974920709	209.0193146
20120402	2012.2527	0.5287825057	0.1233289336	-1.888881483	13.12850903
20120403	2012.2555	0.4468387951	0.1378729971	-1.046295899	17.14771399
20120404	2012.2582	0.3649849352	0.1314848266	-0.7749601344	19.81141745
20120405	2012.2609	0.2709156309	-0.003735230225	0.1762580782	359.2100885
20120406	2012.2637	-0.4758353541	-0.03891351062	1.173403176	184.6752083
20120407	2012.2664	-0.5901113744	-0.2706841158	2.078516603	204.640926
20120408	2012.2691	-0.8115606153	-0.3446042687	2.430496006	203.0070122
20120409	2012.2719	-0.7836175533	-0.6164403373	2.019931795	218.1907027
20120410	2012.2746	-0.7767003269	-0.7404349948	1.842949529	223.6306727
20120411	2012.2773	-0.7053706648	-1.010751779	1.326277286	235.09007
20120412	2012.2801	-0.6536711401	-1.115932507	0.7077917363	239.6398383
20120413	2012.2828	-0.5945051169	-1.32002978	-0.2374597141	245.7545084
20120414	2012.2855	-0.5420350892	-1.334709149	-1.0278408	247.8975713
20120415	2012.2883	-0.4990419542	-1.40290994	-2.060893508	250.4185525
20120416	2012.2910	-0.4686594161	-1.265117464	-2.784752654	249.6729845
20120417	2012.2937	-0.4511467506	-1.164753339	-3.569245317	248.8269982
20120418	2012.2964	-0.4503669993	-0.910534062	-3.927045959	243.6821488
20120419	2012.2992	-0.4686053846	-0.7148842549	-4.243295341	236.7552284
20120420	2012.3019	-0.5042890864	-0.4542484951	-4.157153093	222.0115785
20120421	2012.3046	-0.558034118	-0.2882651875	-4.03881511	207.3196413
20120422	2012.3074	-0.614560393	-0.1807221786	-3.65157488	196.3868907
20120423	2012.3101	-0.6965673504	-0.05899418756	-3.174729016	184.8409832
20120424	2012.3128	-0.7471340896	0.1299191608	-2.507930531	170.1354736
20120425	2012.3156	-0.8453003673	0.284657129	-1.848583625	161.3889118
20120426	2012.3183	-0.8696199573	0.4794569699	-1.096519425	151.1302587
20120427	2012.3210	-0.9665692087	0.610114864	-0.4181577656	147.739185
20120428	2012.3238	-0.9491774549	0.7517910385	0.2333319226	141.6191998
20120429	2012.3265	-1.031629093	0.8159718809	0.835730261	141.6575997
20120430	2012.3292	-0.9984628338	0.8646354977	1.323123514	139.1085296
20120501	2012.3320	-1.075912552	0.8493069949	1.805056066	141.7130405
20120502	2012.3347	-1.037365317	0.821493382	2.109350244	141.6241687
20120503	2012.3374	-1.066888799	0.735760112	2.398410839	145.4086309
20120504	2012.3402	-0.9913450659	0.5996960882	2.473847132	148.8289253
20120505	2012.3429	-0.9396090312	0.3874761735	2.511197242	157.589718
20120506	2012.3456	-0.7912740225	-0.06478436132	2.36050351	184.6805654
20120507	2012.3484	-0.6331793599	-0.3007100067	2.215462921	205.4040125
20120508	2012.3511	-0.3150029237	-0.516084336	1.933453702	238.6013185
20120509	2012.3538	0.11171988	-0.7076131308	1.70108831	278.9719544
20120510	2012.3565	0.5651062953	-0.8486199876	1.396854187	303.6601252
20120511	2012.3593	0.6798721823	-0.9175360905	1.175496608	306.5375565
20120512	2012.3620	0.7723203337	-0.8858158279	0.9498517387	311.084347
20120513	2012.3648	1.042673419	-0.6504881991	0.8312406937	328.0413748
20120514	2012.3675	1.066093438	-0.4135115768	0.7453130825	338.7999447
20120515	2012.3702	1.054939132	-0.1003208664	0.7217572247	354.5677162
20120516	2012.3730	1.002050783	0.1243429506	0.7265105426	7.073587374
20120517	2012.3757	0.9187300261	0.3805156025	0.7556146154	22.49814569
20120518	2012.3784	0.8062112255	0.6483576189	0.7877793591	38.80635113
20120519	2012.3811	0.6768193444	0.9159558136	0.8163875928	53.53851209
20120520	2012.3839	0.5372285958	1.163473091	0.8235726272	65.21507559
20120521	2012.3866	0.3952692336	1.608825995	0.8017136818	76.19651815
20120522	2012.3893	0.2599321669	2.016873341	0.7614584607	82.65627069
20120523	2012.3921	0.1383174748	2.220363537	0.6978254557	86.43536755
20120524	2012.3948	0.03792578029	2.270008266	0.6309816021	89.04282948
20120525	2012.3975	-0.02982940606	2.238351027	0.5499896733	90.76350755
20120526	2012.4003	-0.06777467546	2.155477461	0.4717468725	91.80095778
20120527	2012.4030	-0.07935495139	2.043051984	0.3957689278	92.22432882
20120528	2012.4057	-0.06690594894	1.920823315	-0.6306599865	91.99491503
20120529	2012.4085	-0.03978412996	1.787936858	-0.7213338698	91.27470197
20120530	2012.4112	0.009325953319	1.64535239	-1.111283957	89.67524766
20120531	2012.4139	0.05786465573	1.488730999	-0.9347107764	87.77412274
20120601	2012.4167	0.131054346	1.318405207	-0.7407902166	84.32323647
20120602	2012.4194	0.1868017595	1.130958303	-0.1374072438	80.62106514
20120603	2012.4221	0.2717021246	0.9259944421	0.7032152349	73.64743663
20120604	2012.4249	0.3265680021	0.701557422	1.455570283	65.03849047
20120605	2012.4276	0.4101190761	0.4584621598	2.067885052	48.18565465
20120606	2012.4303	0.4591179744	0.2073722087	2.521186976	24.30751448
20120607	2012.4331	0.5275049656	-0.03996501467	2.796656466	355.6674142
20120608	2012.4358	0.5645479	-0.2700016703	2.85903958	334.4399935
20120609	2012.4385	0.6066218515	-0.4715146154	2.187222524	322.1428157
20120610	2012.4413	0.6225878333	-0.6332922332	1.718172078	314.5116555
20120611	2012.4440	0.628734078	-0.7542534611	0.9595855249	309.8140667
20120612	2012.4467	0.6169280429	-0.8314916924	0.01173378849	306.573691
20120613	2012.4495	0.5925624788	-0.8744768225	-1.002388245	304.1223295
20120614	2012.4522	0.5599786113	-0.9169508135	-1.881774748	301.4122644
20120615	2012.4549	0.5176422765	-0.9525817539	-3.007517345	298.5200912
20120616	2012.4577	0.4683715441	-0.9863124532	-3.613404873	295.4017045
20120617	2012.4604	0.4165282583	-1.03046008	-3.978032995	292.0093375
20120618	2012.4631	0.3623923156	-1.096295358	-3.785082797	288.2918632
20120619	2012.4658	0.5250404217	-1.192724508	-3.420665546	293.7592188
20120620	2012.4686	0.5049136718	-1.276824572	-2.576130001	291.5760634
20120621	2012.4713	0.5869887467	-1.331984992	-1.665814968	293.7824738
20120622	2012.4740	0.4715391047	-1.417425583	-0.3885807186	288.400887
20120623	2012.4768	0.3312373251	-1.467982973	0.8078358234	282.7153422
20120624	2012.4795	0.1436782543	-1.462811951	2.20216701	275.6096323
20120625	2012.4822	-0.04241299679	-1.419584132	3.212840908	268.2886798
20120626	2012.4850	-0.2094729405	-1.345417002	4.315738078	261.1504579
20120627	2012.4877	-0.3537286647	-1.253082913	4.604707731	254.2363316
20120628	2012.4904	-0.478313161	-1.151239028	5.298629359	247.4382467
20120629	2012.4932	-0.5796174072	-1.047399503	5.477634359	241.0404225
20120630	2012.4959	-0.6593250699	-0.9351613762	5.638960725	234.8146778
20120701	2012.4986	-0.7115957298	-0.7782455839	5.21489199	227.5614882
20120702	2012.5014	-0.7413419774	-0.4752820778	4.8203108	212.664356
20120703	2012.5041	-0.7448888587	0.0258484233	4.06764884	178.0125739
20120704	2012.5068	-0.7181278723	0.5660673667	3.269434494	141.7529032
20120705	2012.5096	-0.6686356518	0.7266005188	1.995818689	132.6210239
20120706	2012.5123	-0.601574623	0.8608598023	0.8929845186	124.946109
20120707	2012.5150	-0.5225667344	0.9612523621	-0.2374307703	118.529881
20120708	2012.5178	-0.4338955403	1.026822291	-0.8546029121	112.9070464
20120709	2012.5205	-0.3531775081	1.050676812	-1.487860778	108.5797031
20120710	2012.5232	-0.283125788	1.030805453	-1.714439943	105.3583849
20120711	2012.5260	-0.2181516853	0.9633876852	-1.958820565	102.7590128
20120712	2012.5287	-0.2011630455	0.8537367111	-1.882329669	103.258567
20120713	2012.5314	-0.1798182302	0.7100636809	-1.830103782	104.2109574
20120714	2012.5342	-0.2417081774	0.5421885984	-1.530517628	114.0273569
20120715	2012.5369	-0.2762968605	0.3598310073	-1.253006208	127.5189186
20120716	2012.5396	-0.4119157299	0.1724429796	-0.7899190425	157.2840326
20120717	2012.5423	-0.4846697938	-0.009983722383	-0.3479229965	181.18007
20120718	2012.5451	-0.6780432352	-0.1780692042	0.1522593362	194.7148537
20120719	2012.5478	-0.7730283274	-0.3218854356	0.4768499625	202.6066202
20120720	2012.5505	-1.009644637	-0.433693219	0.7826928466	203.245959
20120721	2012.5533	-1.112349022	-0.6775987625	1.015929345	211.3481102
20120722	2012.5560	-1.367241461	-0.6823961036	1.085729049	206.523981
20120723	2012.5587	-1.469356396	-0.6493127145	1.056833757	203.8407698
20120724	2012.5615	-1.695020514	-0.5867428016	0.867768786	199.0936409
20120725	2012.5642	-1.768705632	-0.4959092341	0.6638199699	195.6624205
20120726	2012.5669	-1.932515012	-0.375528525	0.3836106272	190.9967334
20120727	2012.5697	-1.944883351	-0.2564085413	0.1008336394	187.5104185
20120728	2012.5724	-2.049851333	-0.1312762458	-0.2211363684	183.6643229
20120729	2012.5751	-2.041212413	-0.04775140624	-0.5062838189	181.3401129
20120730	2012.5779	-2.085226754	0.01284327756	-0.703019679	179.6471097
20120731	2012.5806	-2.04066249	0.1003669327	-0.7940132217	177.1842617
20120801	2012.5833	-2.038731468	0.1619490071	-0.7768363375	175.4581802
20120802	2012.5861	-1.976372089	0.1606271625	-0.644186618	175.35357
20120803	2012.5888	-1.94041242	0.1118334632	-0.4156079384	176.7014719
20120804	2012.5915	-1.881794749	0.02481992981	-0.1136447497	179.2443412
20120805	2012.5943	-1.838686309	-0.04392527437	0.2716955639	181.3685065
20120806	2012.5970	-1.760712831	-0.08718435333	1.05112422	182.8347717
20120807	2012.5997	-1.702209373	-0.1106835318	1.488505265	183.7203321
20120808	2012.6025	-1.643594422	-0.1137175867	2.008684069	183.957893
20120809	2012.6052	-1.58998991	-0.08897878124	2.39317787	183.2030371
20120810	2012.6079	-1.537113272	-0.03724621483	2.474372741	181.3880782
20120811	2012.6107	-1.469737062	0.04170834688	2.208815877	178.3744908
20120812	2012.6134	-1.395255227	0.1399417677	2.115279032	174.2724836
20120813	2012.6161	-1.30254183	0.2525245039	1.897646724	169.0281462
20120814	2012.6189	-1.193289785	0.3690340271	1.648209668	162.8153749
20120815	2012.6216	-1.065475846	0.4804721007	1.324239181	155.727195
20120816	2012.6243	-0.9008230778	0.5778719033	0.9413349448	147.3201031
20120817	2012.6270	-0.7148843744	0.6539693127	0.5430726279	137.548026
20120818	2012.6298	-0.4789260785	0.6995536934	0.06175001902	124.3961896
20120819	2012.6325	-0.2576763079	0.7154336608	-0.3768498308	109.807397
20120820	2012.6352	-0.01669367835	0.7048830415	-0.9153588759	91.35667692
20120821	2012.6380	0.2385781816	0.6707381624	-1.365620904	70.41978379
20120822	2012.6407	0.4990672115	0.6164380548	-1.923449723	51.00642714
20120823	2012.6434	0.7527098208	0.5449934971	-2.346138753	35.90611587
20120824	2012.6462	0.9986728343	0.4598809228	-2.878730872	24.72569565
20120825	2012.6489	1.208021286	0.3648157859	-3.229846486	16.80402743
20120826	2012.6516	1.436507023	0.2644116389	-3.69295128	10.42944831
20120827	2012.6544	1.577950619	0.1626510775	-3.930791025	5.885116784
20120828	2012.6571	1.715501707	0.063592191	-4.28064046	2.122933842
20120829	2012.6598	1.78375373	-0.02829205735	-4.364878438	359.0913098
20120830	2012.6626	1.83299698	-0.1093399843	-4.554161726	356.5862982
20120831	2012.6653	1.831217642	-0.4904833934	-4.448019091	345.0055436
20120901	2012.6680	1.821047856	-0.6777188165	-4.439659341	339.5868115
20120902	2012.6708	1.761314345	-0.7001428022	-4.142688241	338.3216075
20120903	2012.6735	1.716533555	-0.664188062	-3.96311422	338.8467683
20120904	2012.6762	1.636890926	-0.5284430035	-3.531784079	342.1081894
20120905	2012.6790	1.646440738	-0.334686806	-3.23179114	348.5095357
20120906	2012.6817	1.595177238	-0.1000472691	-2.72611042	356.4111902
20120907	2012.6844	1.681856515	0.1188518797	-2.359924274	4.042205357
20120908	2012.6872	1.683380829	0.3189515246	-1.833017629	10.72870017
20120909	2012.6899	1.854195578	0.4869115145	-1.458055267	14.71365693
20120910	2012.6926	1.891427368	0.6135724761	-0.9652719712	17.97288302
20120911	2012.6954	1.984495308	0.6826818077	-0.6335965459	18.9836152
20120912	2012.6981	1.908519949	0.6836167435	-0.2104158489	19.70712226
20120913	2012.7008	1.887468551	0.6078880282	0.04722280393	17.85194576
20120914	2012.7036	1.779640337	0.4636231472	0.3724786763	14.60185603
20120915	2012.7063	1.724268927	0.2636035179	0.524920347	8.69198963
20120916	2012.7090	1.58073247	0.02390960496	0.4951277134	0.8665697845
20120917	2012.7117	1.492147874	-0.2424594461	0.4603599526	350.7706593
20120918	2012.7145	1.317662142	-0.5211020119	0.4288450578	338.4224575
20120919	2012.7172	1.204077333	-0.7979062365	0.3658038451	326.4687478
20120920	2012.7199	1.02026258	-1.057875923	0.4137993012	313.9630862
20120921	2012.7227	0.8984764906	-1.297008803	0.3176818959	304.7114946
20120922	2012.7254	0.7216631329	-1.513155474	0.3136881569	295.4976862
20120923	2012.7281	0.6070310835	-1.708227837	0.2150514947	289.5630364
20120924	2012.7309	0.4525588848	-1.876393194	0.1881644867	283.5599423
20120925	2012.7336	0.3623385863	-2.024653655	0.01648315823	280.1464258
20120926	2012.7363	0.2438968697	-2.147727618	-0.09113552476	276.4787784
20120927	2012.7391	0.1828776776	-2.248902222	-0.2221254292	274.6489856
20120928	2012.7418	0.1063582051	-2.320541645	-0.4098991614	272.6242212
20120929	2012.7445	0.07081349569	-2.3628839	-0.6186185077	271.716589
20120930	2012.7473	0.03814035499	-2.372169397	-0.8558869375	270.921137
20121001	2012.7500	0.03202468832	-2.345651638	-1.059491358	270.7821986
20121002	2012.7527	0.03987531107	-2.279476574	-1.316130052	271.0021836
20121003	2012.7555	0.06869692451	-2.173049318	-1.482419364	271.8106968
20121004	2012.7582	0.1080445404	-2.030317338	-1.718327204	273.0461556
20121005	2012.7609	0.1524036171	-1.856269662	-1.765234943	274.693576
20121006	2012.7637	0.2040830092	-1.657459272	-1.864728241	277.0194991
20121007	2012.7664	0.241674499	-1.625101175	-1.588072411	278.4586636
20121008	2012.7691	0.1664909734	-1.419454682	-1.403306093	276.6897821
20121009	2012.7719	0.03761793069	-1.216903947	-1.040908059	271.7706102
20121010	2012.7746	-0.1923508983	-1.01295455	-1.093634611	259.2480636
20121011	2012.7773	-0.3226457462	-0.8023594172	-1.00692809	248.0938941
20121012	2012.7801	-0.4212263159	-0.5910481037	-1.073291424	234.5234066
20121013	2012.7828	-0.4651081873	-0.362121925	-1.018845765	217.9034576
20121014	2012.7855	-0.4482147804	-0.1110101926	-1.121767731	193.9106294
20121015	2012.7883	-0.4395833948	0.1644799286	-1.126812653	159.4855432
20121016	2012.7910	-0.3902303976	0.4653012586	-1.29257939	129.9852763
20121017	2012.7937	-0.3557187667	0.7824976543	-1.376867349	114.4462616
20121018	2012.7964	-0.304583404	1.106750379	-1.614322025	105.3871785
20121019	2012.7992	-0.2565087975	1.425709664	-1.764908618	100.1993437
20121020	2012.8019	-0.2443288285	1.731658025	-2.05253172	98.03115146
20121021	2012.8046	-0.2136753585	2.014537444	-2.242707166	96.05453772
20121022	2012.8074	-0.2589429499	2.264523503	-2.550748367	96.52330485
20121023	2012.8101	-0.2837711134	2.472394783	-2.747389462	96.54751859
20121024	2012.8128	-0.4209739769	2.629217937	-3.607011514	99.09663223
20121025	2012.8156	-0.5158604384	2.7278235	-4.101556622	100.7087778
20121026	2012.8183	-0.7085506347	2.775307861	-4.492437302	104.3219717
20121027	2012.8210	-0.8082374517	2.771186997	-4.423581217	106.2597203
20121028	2012.8238	-1.012465118	2.723092924	-4.292221599	110.3954886
20121029	2012.8265	-1.069814454	2.634844353	-3.951462519	112.0984153
20121030	2012.8292	-1.218066801	2.506249047	-3.618647662	115.9203023
20121031	2012.8320	-1.205848456	2.349617488	-3.184531843	117.1673726
20121101	2012.8347	-1.29959853	2.159290522	-2.76678686	121.0422072
20121102	2012.8374	-1.194656339	1.954365675	-2.352219551	121.4364332
20121103	2012.8402	-1.165808684	1.723403162	-1.923396482	124.0766737
20121104	2012.8429	-0.8615840288	1.493647284	-1.570971498	119.9777378
20121105	2012.8456	-0.6859363361	1.270087987	-1.157952517	118.3721485
20121106	2012.8484	-0.3030387164	1.089377887	-0.8762543464	105.5452876
20121107	2012.8511	0.01098833252	1.015271825	-0.5177043103	89.37990942
20121108	2012.8538	0.4678168233	1.026243153	-0.3277024838	65.49395006
20121109	2012.8566	0.8006686378	1.151412331	-0.04962690789	55.18603676
20121110	2012.8593	1.22439842	0.9744982539	0.0563466997	38.5162692
20121111	2012.8620	1.473492694	0.788139609	0.2805004892	28.14137007
20121112	2012.8648	2.070280216	0.5973591974	0.523450388	16.09498034
20121113	2012.8675	2.276724934	0.4118211927	0.8007424729	10.25297928
20121114	2012.8702	2.310092106	0.2273774176	1.137231407	5.62139407
20121115	2012.8730	2.079279703	0.06100353539	1.746509453	1.680506363
20121116	2012.8757	1.865051566	-0.09713098344	2.624781891	357.0187569
20121117	2012.8784	1.43853599	-0.2341067725	3.260292835	350.7567393
20121118	2012.8811	1.039970395	-0.3614253813	3.985936265	340.8359073
20121119	2012.8839	0.5273926678	-0.4692968776	4.345485123	318.3359249
20121120	2012.8866	0.06116326902	-0.5635388686	4.627157351	276.1943081
20121121	2012.8893	-0.464542768	-0.6412515932	4.815496744	234.0792493
20121122	2012.8921	-0.9196634471	-0.6982692381	4.935543602	217.2081689
20121123	2012.8948	-1.370500708	-0.7449639315	4.930238618	208.527204
20121124	2012.8975	-1.641042912	-0.7621063203	4.844960992	204.9103275
20121125	2012.9003	-1.861515639	-0.779959098	4.62241287	202.7332663
20121126	2012.9030	-1.806785853	-0.7599834484	4.298280464	202.8129509
20121127	2012.9057	-1.533011501	-0.7527645121	3.861919612	206.1527206
20121128	2012.9085	-1.387485958	-0.7055346123	3.320566516	206.9532708
20121129	2012.9112	-1.252578882	-0.6776732672	2.744741236	208.4143821
20121130	2012.9139	-1.196946101	-0.6145644358	2.07558857	207.1779457
20121201	2012.9167	-1.117418474	-0.5692258503	1.326370061	206.9948178
20121202	2012.9194	-1.017494813	-0.5016469658	0.4836913586	206.2442949
20121203	2012.9221	-0.9079144952	-0.441767927	-0.6122952088	205.9463672
20121204	2012.9249	-0.7905474906	-0.3795031341	-1.742682777	205.6433819
20121205	2012.9276	-0.6752831946	-0.3111484909	-2.428927609	204.7387101
20121206	2012.9303	-0.5604656617	-0.2652692304	-2.795099998	205.3282634
20121207	2012.9331	-0.4524361766	-0.2028296229	-2.953955623	204.1469556
20121208	2012.9358	-0.3529628604	-0.1768476786	-2.945733974	206.6125934
20121209	2012.9385	-0.2659193442	-0.140280882	-2.807257393	207.8130675
20121210	2012.9413	-0.1991782971	-0.1320058072	-2.5700475	213.534505
20121211	2012.9440	-0.1479567645	-0.1424691157	-2.252571667	223.9175148
20121212	2012.9467	-0.124831634	-0.1464887648	-1.880259718	229.5637441
20121213	2012.9495	-0.1175630907	-0.2071419798	-1.460999047	240.4229937
20121214	2012.9522	-0.1244675709	-0.2217483335	-1.023771771	240.6944571
20121215	2012.9549	-0.1437308277	-0.3211782517	-0.6032123718	245.890955
20121216	2012.9577	-0.1590489319	-0.257986957	-0.2235868689	238.3461722
20121217	2012.9604	-0.1801045609	-0.3907283094	-0.001975861042	245.2528611
20121218	2012.9631	-0.1848792709	-0.3854184121	0.05280444885	244.3736839
20121219	2012.9658	0.01171867389	-0.5312462762	-0.093987778	271.2636732
20121220	2012.9686	0.2053901252	-0.448375259	0.02195104993	294.6113981
20121221	2012.9713	0.2745609119	-0.4007807944	0.1256417336	304.4136798
20121222	2012.9740	0.2394290308	-0.3151291053	0.2866130011	307.2268707
20121223	2012.9768	0.1399024279	-0.2411550474	0.5315170017	300.1195108
20121224	2012.9795	0.03942357578	-0.1709180213	0.736449225	282.9885553
20121225	2012.9822	-0.04892536328	-0.07412164897	0.8718969472	236.5724563
20121226	2012.9850	-0.1426176192	0.01149224978	0.9498264048	175.3930113
20121227	2012.9877	-0.1950240317	0.1155950934	0.9214456075	149.343832
20121228	2012.9904	-0.1902742399	0.1673553428	0.8397608123	138.6668186
20121229	2012.9932	-0.1446218547	0.2639216253	0.6343773514	118.7215399
20121230	2012.9959	-0.02808828406	0.2848264459	0.4449404865	95.63203817
20121231	2012.9986	0.1121031835	0.3760065867	0.1314464321	73.39849539
20130101	2013.0014	0.4667555133	0.3795831372	-0.1016572097	39.11930624
20130102	2013.0041	0.7385936603	0.4614316009	-0.4479462125	31.99481451
20130103	2013.0068	0.9673162679	0.4395032311	-0.6540972593	24.43482442
20130104	2013.0096	1.028672397	0.4363826438	-0.9614100617	22.98759204
20130105	2013.0123	1.085976917	0.3502483096	-0.7851836317	17.87550317
20130106	2013.0151	1.100288556	0.2995949511	-0.9946548872	15.23166973
20130107	2013.0178	1.090046979	0.3343379208	-0.9767113393	17.05176213
20130108	2013.0205	1.034567228	0.4955204838	-1.249395152	25.5927443
20130109	2013.0233	0.9405584672	0.5890109976	-1.316837074	32.05625478
20130110	2013.0260	0.8053089921	0.6645688288	-1.578755847	39.53062768
20130111	2013.0288	0.6353394231	0.6904122406	-1.599936896	47.37874628
20130112	2013.0315	0.4352660281	0.6863355538	-1.830171865	57.61760479
20130113	2013.0342	0.2055645174	0.6350987533	-1.777094649	72.06461686
20130114	2013.0370	-0.04160161228	0.5640491574	-1.900966574	94.21822938
20130115	2013.0397	-0.311922215	0.4503553499	-1.636319064	124.7069981
20130116	2013.0425	-0.5913761671	0.324842585	-1.476838524	151.2200333
20130117	2013.0452	-0.8826221936	0.1665551489	-1.045467748	169.3136672
20130118	2013.0479	-1.168358997	0.002568412499	-0.7251360503	179.8740465
20130119	2013.0507	-1.441343829	-0.1740311839	-0.2155219042	186.8846972
20130120	2013.0534	-1.686264229	-0.3372334642	0.1372287784	191.3092993
20130121	2013.0562	-1.89595845	-0.4888128352	0.6278482143	194.4570684
20130122	2013.0589	-2.059718393	-0.6076648829	0.9276343977	196.4372865
20130123	2013.0616	-2.169887804	-0.7002936539	1.307228777	197.8865849
20130124	2013.0644	-2.216693644	-0.7428402776	1.512869213	198.5266105
20130125	2013.0671	-2.192330788	-0.73130992	1.774859796	198.4474845
20130126	2013.0699	-2.093378601	-0.6518805918	1.849581599	197.2966508
20130127	2013.0726	-1.922751152	-0.5034661724	1.986453981	194.6732835
20130128	2013.0753	-1.701475322	-0.3178750636	1.909514891	190.5821899
20130129	2013.0781	-1.438146643	-0.0794990437	1.902076923	183.1640227
20130130	2013.0808	-1.154057465	0.1778372046	1.660653763	171.2397782
20130131	2013.0836	-0.8655302091	0.4379387582	1.488669871	153.1616188
20130201	2013.0863	-0.5845832956	0.6743489304	1.105035135	130.9215419
20130202	2013.0890	-0.3247688544	0.869092586	0.8181640089	110.4900769
20130203	2013.0918	-0.09620687385	1.002199297	0.3816253703	95.4833492
20130204	2013.0945	0.1111025496	1.071511095	0.08997651357	84.08028496
20130205	2013.0973	0.2717494005	1.081742851	-0.2815405321	75.89828725
20130206	2013.1000	0.4153684855	1.042444749	-0.4074378877	68.27488803
20130207	2013.1027	0.4947012465	0.9450651935	-0.5719602315	62.36986419
20130208	2013.1055	0.5627562314	0.8100314206	-0.5693639444	55.21098409
20130209	2013.1082	0.5497228275	0.6237130013	-0.5782305369	48.60796871
20130210	2013.1110	0.5416040012	0.4035934407	-0.4035832449	36.69280837
20130211	2013.1137	0.4515991204	0.1543364269	-0.2370218802	18.86813876
20130212	2013.1164	0.4436965821	-0.1107308284	0.006215219485	345.9872541
20130213	2013.1192	0.2498989419	-0.35643427	0.344557469	305.0346071
20130214	2013.1219	0.04949956599	-0.5835604949	0.8204363212	274.848415
20130215	2013.1247	-0.3035054812	-0.7494094799	1.539243312	247.9524045
20130216	2013.1274	-0.5334708583	-0.8481430047	2.017116481	237.830644
20130217	2013.1301	-0.7807386765	-0.8561889146	2.42650088	227.6390432
20130218	2013.1329	-0.903275588	-0.7461319444	2.675158326	219.5576985
20130219	2013.1356	-1.034420724	-0.5504323977	2.835363374	208.0181824
20130220	2013.1384	-1.051664144	-0.04977083918	2.881047251	182.7095465
20130221	2013.1411	-1.052614764	0.3124822345	2.784817048	163.4658011
20130222	2013.1438	-0.9522125467	0.737711705	2.165026222	142.2338285
20130223	2013.1466	-0.8051391757	1.189917566	1.907828313	124.0836345
20130224	2013.1493	-0.599106204	1.672451901	1.418880228	109.7085544
20130225	2013.1521	-0.3528115268	2.143109555	1.118151471	99.34852246
20130226	2013.1548	-0.0991577649	2.57372235	0.6245878058	92.20634248
20130227	2013.1575	0.1581015897	2.855363291	0.4128171585	86.83076634
20130228	2013.1603	0.3979844392	2.916852383	0.04174606357	82.2303631
20130301	2013.1630	0.6123314019	2.713163286	0.01834747843	77.28204159
20130302	2013.1658	0.8076794769	2.692625469	-0.2112733316	73.30286734
20130303	2013.1685	0.9812865736	2.598582554	-0.04766779473	69.31227097
20130304	2013.1712	1.130353578	2.409047184	-0.03135898208	64.86347211
20130305	2013.1740	1.256984793	2.177795277	0.2840955207	60.00722033
20130306	2013.1767	1.358159165	1.870908687	0.4983234684	54.02276782
20130307	2013.1795	1.410058702	1.548433641	0.8756530014	47.67789309
20130308	2013.1822	1.40171347	1.187228912	1.141612112	40.26406619
20130309	2013.1849	1.321383565	0.8276255552	1.376095316	32.06025389
20130310	2013.1877	1.072492207	0.4649585577	1.442615251	23.43822436
20130311	2013.1904	0.8590705013	0.1222472593	1.735701145	8.098916239
20130312	2013.1932	0.7822781188	-0.194632547	2.06302643	346.0283645
20130313	2013.1959	0.6812234013	-0.4793038049	2.351435515	324.8700612
20130314	2013.1986	0.5411512019	-0.7286053565	2.638360452	306.6020835
20130315	2013.2014	0.3721044304	-0.9399005035	2.732487385	291.5984978
20130316	2013.2041	0.1736569684	-1.11253691	2.797940983	278.8717645
20130317	2013.2068	-0.04746523974	-1.244323867	2.394451702	267.8154883
20130318	2013.2096	-0.2625266922	-1.333817484	2.262488309	258.8651712
20130319	2013.2123	-0.4744210229	-1.378898145	2.288289672	251.0138083
20130320	2013.2151	-0.6448827384	-1.379056773	2.369471767	244.9379892
20130321	2013.2178	-0.7919346243	-1.330957445	2.31644086	239.2468793
20130322	2013.2205	-0.8553166545	-1.236432659	2.304361848	235.3260025
20130323	2013.2233	-0.8897436112	-1.099706988	2.12607207	231.0246013
20130324	2013.2260	-0.8287947034	-0.9400451076	1.975374073	228.5988526
20130325	2013.2288	-0.7695956423	-0.7769344406	1.62699178	225.2718854
20130326	2013.2315	-0.5917061826	-0.6334847705	1.30467007	226.9530095
20130327	2013.2342	-0.4518677212	-0.5193448968	0.7819496454	228.9743662
20130328	2013.2370	-0.1724107471	-0.4565622337	0.3162837751	249.3120525
20130329	2013.2397	0.03442786924	-0.4479091226	-0.3293148514	274.3953127
20130330	2013.2425	0.4005164252	-0.5394978846	-0.7672985807	306.589727
20130331	2013.2452	0.6599839757	-0.6760303634	-1.226829335	314.3118741
20130401	2013.2479	1.08380726	-0.891112359	-1.367823265	320.5727673
20130402	2013.2507	1.351258991	-1.10756828	-1.984940524	320.6600159
20130403	2013.2534	1.768849007	-1.363428682	-2.517883956	322.3749671
20130404	2013.2562	1.988302374	-1.604974198	-3.289993708	321.089243
20130405	2013.2589	2.334019839	-1.833932185	-3.948283866	321.841871
20130406	2013.2616	2.753328268	-2.024109119	-4.736517783	323.6785362
20130407	2013.2644	3.264087382	-1.856569403	-5.379468722	330.369358
20130408	2013.2671	3.245685472	-1.963769009	-6.100691363	328.8243909
20130409	2013.2699	3.237285511	-2.029926792	-6.650979799	327.9103979
20130410	2013.2726	2.946973513	-2.211842813	-7.214804004	323.110041
20130411	2013.2753	2.702302961	-2.382159872	-7.559636734	318.6028712
20130412	2013.2781	2.200477846	-2.48736107	-7.793039571	311.4980187
20130413	2013.2808	1.775554185	-2.501428317	-7.395831666	305.3677473
20130414	2013.2836	1.155712024	-2.420434386	-6.904314197	295.5236003
20130415	2013.2863	0.6735515371	-2.251493717	-6.553755185	286.6549551
20130416	2013.2890	0.05960844813	-1.992587143	-6.056386672	271.7134981
20130417	2013.2918	-0.3764935759	-1.653641243	-5.459562861	257.1737928
20130418	2013.2945	-0.8950128746	-1.215473932	-4.79044393	233.6339679
20130419	2013.2973	-1.230597919	-0.6986594225	-4.058880122	209.5853022
20130420	2013.3000	-1.741184108	-0.1356772307	-3.279344186	184.4556207
20130421	2013.3027	-1.947436483	0.4551505227	-2.466141581	166.8450899
20130422	2013.3055	-2.04086225	1.025440543	-1.647085599	153.3225506
20130423	2013.3082	-2.039919773	1.45522266	-0.8997948737	144.4969838
20130424	2013.3110	-1.845691306	1.396750417	-0.4255439908	142.8829212
20130425	2013.3137	-1.705148527	1.134974178	0.1303549138	146.3516279
20130426	2013.3164	-1.308297918	1.059964977	0.816115271	140.9860846
20130427	2013.3192	-1.5439347	0.6583790902	1.70584077	156.9051767
20130428	2013.3219	-1.782730076	0.8646086766	1.712510134	154.1270157
20130429	2013.3247	-1.294747382	0	0	180
20130430	2013.3274	-1.402436794	0	0	180
