# YYYYMMDD	YYYY.DECM	N_filt(mm)	E_filt(mm)	U_filt(mm)	Azimuth(deg)
20130101	2013.0014	0	-0.4773602052	0	270
20130102	2013.0041	0.6788146053	1.141450202	0	59.26026685
20130103	2013.0068	1.464020955	2.33595594	3.820899794	57.92326532
20130104	2013.0096	1.333936998	1.25727906	1.906012644	43.30546912
20130105	2013.0123	1.010977347	1.819827545	2.133672609	60.94630908
20130106	2013.0151	0.9092411264	1.650477093	5.250298924	61.14980968
20130107	2013.0178	0.7888610084	1.375896685	2.816863148	60.17248988
20130108	2013.0205	0.5756506735	1.457413101	2.570600317	68.44691533
20130109	2013.0233	0.5426225775	1.677416403	2.137287251	72.07427454
20130110	2013.0260	0.3453326972	1.544717742	1.620260714	77.39832649
20130111	2013.0288	0.183105818	1.13836512	-1.304638367	80.86225399
20130112	2013.0315	0.02038750832	1.523850017	-1.818743562	89.23348855
20130113	2013.0342	-0.1388018577	0.8450402671	1.187258474	99.32781081
20130114	2013.0370	-0.5174462842	0.5771324389	-1.539241049	131.8788162
20130115	2013.0397	-0.7615653737	0.3246677303	-1.937866211	156.9106583
20130116	2013.0425	-0.9679050269	0.1073166139	-2.290296596	173.6731634
20130117	2013.0452	-1.127243753	0.1115670472	-0.7767425177	174.3476552
20130118	2013.0479	-0.9145891927	1.113700079	-1.911955925	129.3934142
20130119	2013.0507	-0.9420198233	-1.473063688	-2.982263458	237.4012066
20130120	2013.0534	-1.688582782	-0.2004726323	-3.056025823	186.7706016
20130121	2013.0562	-1.211732523	-0.1651663354	-3.052744007	187.7619203
20130122	2013.0589	-1.002623294	-0.1063868972	-5.176844692	186.0569079
20130123	2013.0616	-0.7635519776	0.1835351805	-4.026452472	166.48421
20130124	2013.0644	-0.7076822003	0.02498897626	-2.679962283	177.9776682
20130125	2013.0671	-0.6512807147	0.1757953217	-1.388130483	164.8945634
20130126	2013.0699	-0.1602833147	0.1994801377	-1.136315012	128.782056
20130127	2013.0726	-0.1415943513	0.1410202149	0.8365545267	135.1163972
20130128	2013.0753	0.6929697736	0.1804331434	-0.2308080274	14.59442796
20130129	2013.0781	0.15021586	0.1672461978	0.1852173279	48.07070418
20130130	2013.0808	-0.3433684207	0.1350385188	0.4136452798	158.5314824
20130131	2013.0836	0.3417392279	0.08450422335	0.5199817133	13.8893063
20130201	2013.0863	0.409280292	0.01633742829	0.4945965658	2.285888193
20130202	2013.0890	0.4584551902	-0.06876774945	-1.554985171	351.4692991
20130203	2013.0918	0.4913286225	-0.1676866636	-2.186372042	341.1556233
20130204	2013.0945	0.5061352894	-1.050065537	-1.999335981	295.7342306
20130205	2013.0973	0.5000052271	-0.3721254717	-1.808136732	323.3417855
20130206	2013.1000	0.4700764706	-0.4731846425	-2.732099523	314.8112034
20130207	2013.1027	-0.1517612011	-0.572077955	-0.3056607072	255.14275
20130208	2013.1055	0.8538167939	-0.6677611325	-1.198020986	321.9714113
20130209	2013.1082	0.1962499884	-0.7591898979	-2.049997967	284.4936426
20130210	2013.1110	0.172264524	-0.3712993052	-0.7458319208	294.8889696
20130211	2013.1137	-0.05139581519	-0.3697389736	-0.773678795	262.0862727
20130212	2013.1164	-0.1792912433	-0.4279667313	-0.2728054117	247.2693701
20130213	2013.1192	0	-0.3728742263	-0.8131044276	270
20130214	2013.1219	0	-0.6620641877	0.7622432664	270
20130215	2013.1247	-0.05712550105	-0.8113482102	1.371887824	265.9725583
20130216	2013.1274	-0.1159898681	-0.9602204289	3.150179156	263.1123248
20130217	2013.1301	-0.1727410484	-1.210390448	2.248126978	261.877871
20130218	2013.1329	-0.2220116867	-1.168911371	2.703040077	259.2458874
20130219	2013.1356	-0.258187464	-1.247764559	2.699001611	258.3093415
20130220	2013.1384	-0.2756540618	-1.157238849	2.731935932	256.6018329
20130221	2013.1411	-1.122732316	-1.191206396	2.622152259	226.6950022
20130222	2013.1438	-0.2331964506	0.01862594517	2.38021765	175.4333469
20130223	2013.1466	-0.1695748607	-1.409330676	3.364127812	263.1389848
20130224	2013.1493	-0.08131818237	0.03001209043	1.628749589	159.7424161
20130225	2013.1521	0.02782058043	0.7306769355	1.362122235	87.81951208
20130226	2013.1548	0.1540884237	1.257780027	0.9006627767	83.01559712
20130227	2013.1575	0.2939284557	1.331270379	5.52347272	77.54952668
20130228	2013.1603	0.4441688923	1.543060703	1.900296698	73.94157468
20130301	2013.1630	-0.3621538604	1.655672624	1.930189349	102.3382773
20130302	2013.1658	0.5978424206	2.877918995	1.956911233	78.26461066
20130303	2013.1685	0.8932313509	0.6713734743	0.9087341302	36.92937568
20130304	2013.1712	1.014015854	1.788109649	1.250198425	60.44294007
20130305	2013.1740	1.105863971	1.757071871	1.63864261	57.81455446
20130306	2013.1767	1.160084763	1.69271096	2.055574937	55.57554819
20130307	2013.1795	1.167987294	0.6210142448	4.446228343	27.99940281
20130308	2013.1822	1.121989728	1.478697846	2.77964134	52.80990919
20130309	2013.1849	1.019342824	0.8445047896	3.064203592	39.64105698
20130310	2013.1877	0.8616549381	0.2814241786	5.590975583	18.08749909
20130311	2013.1904	0.655131366	0.05764339627	4.273548777	5.028365075
20130312	2013.1932	0.4984010683	-0.2708066383	3.612737427	331.4825178
20130313	2013.1959	0.2013675132	-0.5292543818	4.731997844	290.8305169
20130314	2013.1986	-0.2443332282	-0.6090828174	4.983249919	248.1418391
20130315	2013.2014	-1.209504137	-0.6705507776	5.249743771	209.004047
20130316	2013.2041	-0.3029677157	-0.2486625052	4.901633855	219.3776359
20130317	2013.2068	-0.9572135545	0.04415394241	4.639257445	177.3589566
20130318	2013.2096	-2.206334505	1.08989456	4.194096913	153.7113521
20130319	2013.2123	-1.368065562	-0.4403952042	3.421930225	197.8439325
20130320	2013.2151	-1.494092357	0.8014046439	1.339364583	151.7916802
20130321	2013.2178	-1.553211122	-0.6428934369	0.5436832973	202.485273
20130322	2013.2205	-2.752686467	-0.6970016197	1.625036939	194.2090932
20130323	2013.2233	-1.765820609	-0.7140628118	-0.7669263263	202.0174308
20130324	2013.2260	-1.338616804	-0.6923773229	0.03821193818	207.3495152
20130325	2013.2288	-1.174634916	-0.5027068372	0.7403658316	203.1694032
20130326	2013.2315	-0.9871761507	1.048231888	0.5295646591	133.2818249
20130327	2013.2342	-1.242133235	-1.097205618	0.3695005004	221.4549207
20130328	2013.2370	-0.6011597186	-0.441857991	0.247561376	216.3162328
20130329	2013.2397	-0.8159165056	-0.4068568771	0.1511298197	206.5031446
20130330	2013.2425	-0.6048817965	-0.4105322606	0.2468670744	214.1646725
20130331	2013.2452	-0.3730882598	-0.8171504302	-0.1248842732	245.4598738
20130401	2013.2479	-0.5746318274	-0.5573658464	-0.1032750995	224.1261544
20130402	2013.2507	0.11795654	-0.6844311084	-0.9854062517	279.7784378
20130403	2013.2534	0.4015044196	-0.8338310758	0.4980558192	295.7116383
20130404	2013.2562	0.2868983865	-0.995201333	0.3689355297	286.0813063
20130405	2013.2589	0.3766689609	-1.158020841	0.2512945874	288.0181311
20130406	2013.2616	0.5861872051	1.419842927	-0.9201989026	67.56654297
20130407	2013.2644	1.008092312	-0.2510671927	-5.00408322	346.0149007
20130408	2013.2671	1.188775368	-1.76177734	-2.443558761	304.0098684
20130409	2013.2699	1.22791543	-0.3975462208	-2.673566081	342.0602765
20130410	2013.2726	-0.07886636443	-0.5734885442	-2.785754973	262.1697773
20130411	2013.2753	0.7706263028	-0.7631043207	-2.83936384	315.2809974
20130412	2013.2781	1.647191772	-0.9465899178	-2.826794904	330.1153562
20130413	2013.2808	1.111980017	-1.119170089	-2.740690925	314.8153601
20130414	2013.2836	-0.205398296	-1.279826684	-2.575034986	260.8823985
20130415	2013.2863	-0.3016393316	-1.548827073	-2.329041005	258.9794034
20130416	2013.2890	-0.2669735053	-1.453303207	-1.884710619	259.5907531
20130417	2013.2918	-0.4351328207	-1.680073509	-1.738592934	255.4796634
20130418	2013.2945	-0.9183087377	-1.733225266	-0.9677126795	242.0841701
20130419	2013.2973	-1.198914056	-2.77372984	-0.8564656343	246.6241192
20130420	2013.3000	-1.413186301	-1.864173871	-0.1241374192	232.8350911
20130421	2013.3027	-1.539874721	-1.804154915	-2.381221166	229.5187196
20130422	2013.3055	-0.8966880945	-2.087381731	1.025647362	246.752824
20130423	2013.3082	-0.879189023	-2.290265803	1.367323361	248.9991638
20130424	2013.3110	-0.8284346967	-1.366031669	1.643478643	238.765136
20130425	2013.3137	-1.044907703	-1.062435274	1.711283402	225.4765398
20130426	2013.3164	-0.6474997551	-0.9847420462	1.725073416	236.673786
20130427	2013.3192	-0.5275652644	-0.7709295137	1.641074073	235.6152425
20130428	2013.3219	-0.09848942993	0.3501954998	1.465029264	105.7081747
20130429	2013.3247	0.2138227386	0.2633226565	1.200306926	50.92277973
20130430	2013.3274	0.8821597787	1.617664264	0.8426887189	61.39506962
20130501	2013.3301	-0.06261173651	2.214295217	0.3971427107	91.6196723
20130502	2013.3329	0.8428824376	2.563425599	-0.3361779923	71.79856821
20130503	2013.3356	0.9321158971	3.519426785	-0.6648701413	75.16586889
20130504	2013.3384	1.062117585	2.120395718	1.153835811	63.39346512
20130505	2013.3411	1.013465161	1.642942177	-1.725388625	58.33122806
20130506	2013.3438	0.9246955774	2.290205006	-0.9025188253	68.01306257
20130507	2013.3466	0.7017753196	3.447142704	-2.676672507	78.49287841
20130508	2013.3493	0.4676272733	3.381536584	-3.063810408	82.12659458
20130509	2013.3521	0.4607911083	4.55237741	-3.447953264	84.22021313
20130510	2013.3548	0.3019217077	2.807463218	-3.405095538	83.86185751
20130511	2013.3575	0.18690006	2.260056699	-2.941521388	85.27256418
20130512	2013.3603	0.5531527391	0.4711485045	-2.895390078	40.4227364
20130513	2013.3630	0.1114205341	0.4251455031	-2.760937692	75.31441306
20130514	2013.3658	0.1189955031	-0.1866206982	-2.551548317	302.5229259
20130515	2013.3685	0.2268075596	-1.752034982	-1.939907516	277.3761343
20130516	2013.3712	0.1710913729	-0.8394088117	-1.850423549	281.52043
20130517	2013.3740	0.8676835314	-1.065408853	-1.854767451	309.1598421
20130518	2013.3767	0.8924391258	-0.8235482056	0.8052902094	317.2989916
20130519	2013.3795	0.6714515278	-1.260928977	-0.8515556123	298.0355436
20130520	2013.3822	0.9719819735	-1.288388122	-0.4911656693	307.0315249
20130521	2013.3849	0.630885386	-1.168173265	-0.06428436107	298.3717736
20130522	2013.3877	0.8513306786	-1.093348433	0.04777679348	307.9059429
20130523	2013.3904	0.7746721297	-0.9035791545	0.2020362071	310.607717
20130524	2013.3932	0.7715344331	-2.1078113	0.2213744819	290.1044356
20130525	2013.3959	0.1966434295	0.4479182287	0.1277584265	66.29773989
20130526	2013.3986	-0.9538661303	-0.2431128341	-0.0369577292	194.2986128
20130527	2013.4014	2.294401684	-0.4633902173	-0.3147539376	348.5818194
20130528	2013.4041	0.6954034545	-0.3576202943	-0.02621271925	332.7849159
20130529	2013.4068	0.6803898937	-0.03903904281	4.38810535	356.7161143
20130530	2013.4096	0.6430353244	-0.1860873235	1.715376984	343.8601404
20130531	2013.4124	0.5780036967	-0.3667119183	-0.3040243791	327.6070942
20130601	2013.4151	0.4825462041	-0.0810653853	-0.2940671713	350.4636387
20130602	2013.4178	0.3622941456	0.005569465457	-0.2844356218	0.8807256064
20130603	2013.4205	0.2251259577	-0.4146862244	-4.070521463	298.4967675
20130604	2013.4233	-0.1027029316	-0.08390369615	0.1737758069	219.2472838
20130605	2013.4260	-0.1353043983	0.08705106599	0.3911313496	147.2439042
20130606	2013.4288	-0.1611058279	0.3548204192	0.6805179515	114.4203725
20130607	2013.4315	-0.1813303346	-0.2598544027	1.038195121	235.0920819
20130608	2013.4342	-1.377580816	-0.1752637369	1.460422366	187.2505453
20130609	2013.4370	-0.5157950489	-0.3900853082	2.151345046	217.0994754
20130610	2013.4397	-0.5590780188	-0.4433391479	3.018191904	218.413805
20130611	2013.4425	-0.5723155019	0.9340549947	3.610722806	121.4966939
20130612	2013.4452	-0.5601507375	0.9236352283	1.013165706	121.2352683
20130613	2013.4479	-0.7105405288	0.8199569493	4.334518856	130.9108385
20130614	2013.4507	-0.7527120838	0.643619609	4.591674018	139.4673247
20130615	2013.4534	-0.7457496494	0.4152266965	4.761599943	150.8913331
20130616	2013.4562	-0.7203092449	2.339194848	4.831246135	107.1151909
20130617	2013.4589	-0.3180011024	1.215389305	4.787562099	104.6624894
20130618	2013.4616	-0.2472598892	1.957092898	7.457178381	97.20062127
20130619	2013.4644	-0.4891749783	1.352647927	5.736669633	109.8821439
20130620	2013.4671	-0.1460126231	0.8974968218	6.413264344	99.24042147
20130621	2013.4699	-0.8412462737	-0.6700751718	4.530407139	218.5382599
20130622	2013.4726	-0.4524413561	0.3923938625	3.647348467	139.065517
20130623	2013.4753	-0.08297896606	0.02698415642	2.657496939	161.9858513
20130624	2013.4781	-0.03196211983	1.041977434	1.501385119	91.75696754
20130625	2013.4808	-0.08628408304	-0.7275313166	-0.1102186124	263.2364029
20130626	2013.4836	-0.8459793724	-0.6006972947	0.1724378082	215.3770906
20130627	2013.4863	-0.0610824487	-1.260700578	-2.075945611	267.2261203
20130628	2013.4890	-0.06648130441	-0.2748045366	-1.222229287	256.4001792
20130629	2013.4918	-0.07769520887	-0.08825484251	-1.645217129	228.6409019
20130630	2013.4945	-0.1864629654	0.1007375458	-6.979017265	151.6196439
20130701	2013.4973	-0.1205719454	0.2710143225	-2.562066477	113.9838707
20130702	2013.5000	-0.1742869891	0.4633463236	-2.899115001	110.6137109
20130703	2013.5027	-0.1667237283	0.3922396969	-3.151668689	113.0281962
20130704	2013.5055	-1.354445583	0.6750456	-3.315186715	153.5086759
20130705	2013.5082	-0.2763672914	-0.0220374698	-3.385128251	184.5591068
20130706	2013.5110	0.802250598	0.862505765	-3.356952472	47.07289212
20130707	2013.5137	-0.3533662396	0.9625406668	-3.229897811	110.1591073
20130708	2013.5164	-0.3824981858	0.769735641	-3.019111723	116.4237692
20130709	2013.5192	-0.2314640169	1.145530075	-2.540350416	101.4232911
20130710	2013.5219	-0.2636076366	1.218919932	-2.686514684	102.2030455
20130711	2013.5247	-0.3002590229	1.260411812	-2.108479173	103.3994225
20130712	2013.5274	0.3284010015	1.257513524	-1.788465612	75.36402575
20130713	2013.5301	-0.3822351978	1.119516479	0.1914621996	108.8513839
20130714	2013.5329	-0.4248827234	1.069382661	-0.559224673	111.6687109
20130715	2013.5356	-0.3818900731	0.9633875396	-1.584383872	111.6235417
20130716	2013.5384	-0.4277650364	0.3256471109	-1.336071835	142.7188646
20130717	2013.5411	-0.3752471326	0.3824430932	-1.128526336	134.455865
20130718	2013.5438	-0.4055681335	0.3997308314	-0.9602547929	135.4153078
20130719	2013.5466	-0.4279977546	0.9449323027	-4.671074146	114.3676798
20130720	2013.5493	-0.4589144196	0.595547466	-0.6858375386	127.6169739
20130721	2013.5521	-0.4993287978	-0.1905396617	-0.7285447546	200.8864329
20130722	2013.5548	-0.5493560955	-0.849157841	-0.6492494383	237.0994648
20130723	2013.5575	-0.6602956831	0.9453528778	0.9228511094	124.9329427
20130724	2013.5603	-0.6566498601	-0.1965283156	0.7411458647	196.6618821
20130725	2013.5630	-0.7049405708	0.4560888647	0.1260261977	147.0975731
20130726	2013.5658	-0.7387883845	-0.5508930383	3.562482916	216.7108244
20130727	2013.5685	-0.593778126	-0.2798190759	-2.161207727	205.2322472
20130728	2013.5712	-0.5535093606	-0.1684465746	-8.456781505	196.9263008
20130729	2013.5740	-1.025971904	-0.2575147018	3.3037222	194.0899331
20130730	2013.5767	-0.6336275478	-0.3198348111	-1.659178116	206.783176
20130731	2013.5795	-0.537638715	-0.4156353969	-1.933637467	217.7067362
20130801	2013.5822	-0.4214235083	-0.5409500067	-2.075280551	232.0798633
20130802	2013.5849	-0.2905304742	-0.6918121878	-2.065638688	247.2197517
20130803	2013.5877	0.2912255426	1.011487589	-1.806521242	73.93793488
20130804	2013.5904	0.1577988984	-3.324701785	-1.577541813	272.7173658
20130805	2013.5932	0.3484685719	-1.225320718	-0.9443166148	285.8752052
20130806	2013.5959	0.537076699	-1.11475971	1.040203264	295.7241611
20130807	2013.5986	0.6805187898	-0.9748151815	1.496664096	304.9189055
20130808	2013.6014	0.7814708419	-2.150164742	1.980012934	289.9735214
20130809	2013.6041	0.8513239766	-1.016240727	2.47992494	309.9535418
20130810	2013.6068	0.8900651147	-0.3421025685	2.986075277	338.9753972
20130811	2013.6096	0.8976811773	0.2485439763	3.488139107	15.47599082
20130812	2013.6123	0.8741590854	0.03886289941	4.061766476	2.545549093
20130813	2013.6151	0.8197933357	1.469608484	4.148830507	60.8458623
20130814	2013.6178	0.7369171885	0.5012000041	5.027977747	34.2208226
20130815	2013.6205	0.5810187301	0.8058799294	5.261199753	54.20936462
20130816	2013.6233	0.9985872136	1.007511058	7.045896342	45.25487049
20130817	2013.6260	0.6577314197	1.74992376	5.893260333	69.40062195
20130818	2013.6288	0.2462106564	1.976678776	6.119174167	82.89993436
20130819	2013.6315	0.1167904725	2.091969598	6.274957968	86.8046084
20130820	2013.6342	-1.191562982	2.102642772	7.874591903	119.5401314
20130821	2013.6370	-1.371303151	2.019551807	6.347525788	124.1770381
20130822	2013.6397	-0.1938956896	1.85534898	6.259341723	95.96611404
20130823	2013.6425	-0.248452349	1.623099228	4.901413733	98.70287202
20130824	2013.6452	-0.2666463944	1.334401809	5.207138537	101.3002726
20130825	2013.6479	-0.2413618759	0.9464983784	5.559540252	104.3058241
20130826	2013.6507	-0.1666847701	0.8593352977	5.202950874	100.9773132
20130827	2013.6534	-0.04377223038	1.990569823	5.947118713	91.25971966
20130828	2013.6562	0.2228325148	1.780208931	5.940976462	82.86527418
20130829	2013.6589	0.3627315589	-1.893888645	5.752016799	280.8424075
20130830	2013.6616	0.4835282975	-0.4894773808	5.367654268	314.6496905
20130831	2013.6644	0.4640103148	-0.6036846281	4.807245729	307.5469722
20130901	2013.6671	0.5497211143	-0.6522213407	2.979129052	310.1256772
20130902	2013.6699	1.142667489	-0.6426382231	2.909936762	330.6465219
20130903	2013.6726	1.465079706	-0.5849342043	2.389955682	338.2356066
20130904	2013.6753	1.562673107	-0.4968539403	1.448165482	342.3618703
20130905	2013.6781	1.589902546	-0.3752235943	1.108523294	346.7209386
20130906	2013.6808	0.8681930311	-0.3477015447	-0.6150950069	338.1744536
20130907	2013.6836	0.8912497936	-0.1701776892	-1.077146617	349.1899082
20130908	2013.6863	0.4804610651	-0.06074062807	-2.212059679	352.7948025
20130909	2013.6890	1.376845913	0.08992456536	0.1405466095	3.736794897
20130910	2013.6918	1.097458061	0.07146927072	-5.160860538	3.725986143
20130911	2013.6945	0.2423460267	0.09631603011	-6.897574842	21.67444893
20130912	2013.6973	0.7255045925	0.09748989762	-4.210894077	7.653292862
20130913	2013.7000	0.6295709936	0.07689420905	-4.080845546	6.963472284
20130914	2013.7027	0.6359285376	0.03627099313	-3.518418031	3.264400891
20130915	2013.7055	0.5667178535	-0.02263772143	0.745279347	357.7125184
20130916	2013.7082	-0.3193682958	-0.09808990593	-1.190440745	197.0736734
20130917	2013.7110	1.382659813	-0.1894055027	-0.6993445766	352.1998101
20130918	2013.7137	0.4732949207	-0.342230042	-0.8168920407	324.1300646
20130919	2013.7164	0.4776630332	-0.4085382231	-0.05249603858	319.4601119
20130920	2013.7192	0.5087452766	-0.5253051586	0.2463825311	314.0825107
20130921	2013.7219	0.5643488803	-0.6218767542	2.235094477	312.2235266
20130922	2013.7247	1.51897244	-0.3027757144	6.548767337	348.7270225
20130923	2013.7274	0.7227145144	-0.3600293654	2.274875215	333.5192294
20130924	2013.7301	0.8595134171	-0.3025406019	1.902634134	340.6084132
20130925	2013.7329	0.4849010452	-0.3161207279	-2.935193458	326.8985312
20130926	2013.7356	0.4799586854	-0.3314981616	2.372046027	325.3679142
20130927	2013.7384	0.565667589	-0.8090062146	-1.88050488	304.9617426
20130928	2013.7411	0.5347375461	-0.3656834396	-1.055687027	325.6334962
20130929	2013.7438	0.564913414	-0.3791081679	-2.053967854	326.1348035
20130930	2013.7466	0.1759170364	-0.3864950441	-2.97241515	294.4731237
20131001	2013.7493	0.9499964224	0.7911895585	-3.77399984	39.78869101
20131002	2013.7521	0.1553841398	-0.3723793259	-4.545805744	292.6494993
20131003	2013.7548	0.1832665229	-1.13774307	-5.422985877	279.1505461
20131004	2013.7575	0.2103551664	-0.4650804004	-6.075651416	294.3371681
20131005	2013.7603	0.2586145823	-0.1429529146	-8.099369656	331.0677482
20131006	2013.7630	0.3300217923	-0.2066551737	-6.539783005	327.9457595
20131007	2013.7658	-0.6016480111	-0.32585848	-6.342518803	208.440411
20131008	2013.7685	0.5197694585	-0.2357023988	-7.863982829	335.6069013
20131009	2013.7712	0.6333583022	-0.2848229684	-6.726399024	335.7864195
20131010	2013.7739	0.7371093265	-0.2439324311	-5.200179441	341.6890122
20131011	2013.7767	1.601709226	-0.1758129799	-4.641200728	353.7359571
20131012	2013.7795	0.9566034675	-0.08499480876	-5.174123916	354.9225677
20131013	2013.7822	1.015295064	-0.3963177896	-3.451638917	338.6769416
20131014	2013.7849	1.196445639	0.1445427808	-3.711055494	6.888528432
20131015	2013.7877	1.291785175	0.2728143908	0.5783459283	11.92516242
20131016	2013.7904	1.385846867	0.4032311742	0.3770764485	16.22308
20131017	2013.7932	1.457715612	0.7632052187	0.2656340632	27.63486773
20131018	2013.7959	1.499236365	0.7282980414	0.8360226997	25.90952345
20131019	2013.7986	1.503045494	0.4386040103	-0.2604076333	16.26778366
20131020	2013.8014	2.145284964	0.5350489136	-0.2156603127	14.00425686
20131021	2013.8041	1.397781403	0.6318695776	-0.2679335485	24.32543204
20131022	2013.8068	1.304263317	0.7371499725	-1.083140149	29.47447944
20131023	2013.8096	1.195214545	0.8437913132	-0.5674162521	35.22112694
20131024	2013.8123	1.000632761	0.9446628907	-0.8243400739	43.35194568
20131025	2013.8151	0.9952047852	1.100247666	-0.5425945437	47.86977639
20131026	2013.8178	0.856736996	1.091747724	1.115412486	51.87734074
20131027	2013.8205	0.7551302285	1.142876061	0.8298742604	56.54614305
20131028	2013.8233	1.458330074	1.153576059	0.5327955316	38.34489036
20131029	2013.8260	-0.2618023032	0.8913495627	0.2480047065	106.3682792
20131030	2013.8288	0.03877657359	1.075063681	2.32841121	87.93428862
20131031	2013.8315	0.9592363333	0.983777372	0.7329253935	45.72363009
20131101	2013.8342	0.8396374225	0.755312377	0.7148324087	41.97358811
20131102	2013.8370	0.9371141836	0.6949841846	0.3121760144	36.56143256
20131103	2013.8397	0.9291758907	0.497342461	-0.0165588744	28.15796755
20131104	2013.8425	1.032706735	0.4409530855	-0.3287463604	23.12188666
20131105	2013.8452	1.454054392	0.1278044669	-0.5984332282	5.023117625
20131106	2013.8479	0.5315682442	-0.03177384398	-0.7996662622	356.5792847
20131107	2013.8507	1.052742444	-0.3592497099	0.1501653386	341.157727
20131108	2013.8534	0.9845095105	-0.6931229016	0.1515054933	324.853357
20131109	2013.8562	1.050938098	-0.9794622235	-0.06884775773	317.0161421
20131110	2013.8589	1.063780126	-1.234177435	-0.4085770228	310.7591856
20131111	2013.8616	1.057127477	-1.40858015	-0.3337226519	306.8879176
20131112	2013.8644	1.45801115	-1.53303926	-0.4862752613	313.5630825
20131113	2013.8671	0.533399224	-1.59710503	-0.9320760042	288.4682267
20131114	2013.8699	0.977333416	-1.590790645	-0.5888172131	301.5653013
20131115	2013.8726	0.9996845677	-1.506446826	-0.5707365284	303.5684224
20131116	2013.8753	1.437517287	-1.347402689	-0.4976819035	316.8533334
20131117	2013.8781	1.742494231	-1.127532973	-0.375065419	327.0939063
20131118	2013.8808	1.688333735	-0.8627926444	-0.2113461453	332.9315116
20131119	2013.8836	1.248472309	-0.4994354735	-1.810540282	338.1967489
20131120	2013.8863	1.136361548	-0.4175050222	-1.659306864	339.8264107
20131121	2013.8890	0.8952960148	0.1803695053	-0.124710577	11.39053927
20131122	2013.8918	0.969668163	0.4858823139	-0.07536011664	26.61458014
20131123	2013.8945	1.336083044	0.743042097	0.01861990293	29.07995283
20131124	2013.8973	0.3696119046	1.245474812	0.1718333265	73.47101474
20131125	2013.9000	0.249000772	0.7005395185	0.3727862962	70.43267915
20131126	2013.9027	0.02391321122	0.820618724	0.6101263134	88.3308467
20131127	2013.9055	-0.3912960887	0.8463228699	2.676628298	114.813389
20131128	2013.9082	-0.6115197455	0.6930389683	1.745119314	131.4243523
20131129	2013.9110	-0.7932497454	0.6690688543	0.675878553	139.8539431
20131130	2013.9137	-0.9282698026	0.6239633979	2.885260812	146.0918375
20131201	2013.9164	-1.01834322	0.204521864	1.319671021	168.643916
20131202	2013.9192	-1.067728198	0.5819149449	1.71109138	151.4094886
20131203	2013.9219	-1.080682937	0.1285563802	2.079764854	173.2160624
20131204	2013.9247	-1.061465637	-0.5541526571	0.4721050191	207.5674262
20131205	2013.9274	-1.014334499	0.5149775992	2.80612041	153.0830961
20131206	2013.9301	-0.9441424698	0.009540144686	3.690692695	179.421071
20131207	2013.9329	-0.7858935217	-0.06406155029	3.310632271	184.6601213
20131208	2013.9356	-0.8274460078	-0.1360605526	3.494822831	189.3378323
20131209	2013.9384	-0.6698994401	-0.6175072594	3.604580094	222.6695823
20131210	2013.9411	-0.6125513542	0.09439778176	3.639187532	171.2392997
20131211	2013.9438	-0.4852565459	0.3185242121	5.906565877	146.7189554
20131212	2013.9466	-0.5170041911	0.4707266703	4.707484007	137.6824808
20131213	2013.9493	-0.5725324581	0.6294951516	1.065985671	132.2868493
20131214	2013.9521	-0.41991481	0.9077958817	1.632629655	114.82362
20131215	2013.9548	-0.4368136217	-0.1548431756	1.063699063	199.5185715
20131216	2013.9575	-0.4804443744	1.069160244	1.708780229	114.1975348
20131217	2013.9603	-0.5526024527	1.171367253	-0.3924129729	115.2559933
20131218	2013.9630	-0.733984779	0.8669070024	-0.4524509922	130.2536122
20131219	2013.9658	-0.7853415646	0.9316549177	-1.779576771	130.1293237
20131220	2013.9685	-1.008656786	0.9791335584	-2.352308529	135.8509106
20131221	2013.9712	-1.197304228	-0.5254156383	-2.84025268	203.6934126
20131222	2013.9740	-1.231964222	0.638271495	-5.235046779	152.6116623
20131223	2013.9767	-1.286029092	0.6273138723	-3.35623441	153.9972801
20131224	2013.9795	-1.611418177	0.5755093763	-3.28190563	160.346085
20131225	2013.9822	-1.756451035	0.4806484025	-2.986090765	164.6958188
20131226	2013.9849	-2.537954116	1.328493524	0.5602814792	152.3701656
20131227	2013.9877	-2.604721035	0.1066210906	0.09369459632	177.6559755
20131228	2013.9904	-2.434989384	0	-1.174126691	180
20131229	2013.9932	-2.627110264	0	-0.3210857096	180
20131230	2013.9959	-2.137729637	-0.008654544623	1.476906045	180.2319593
20131231	2013.9986	-1.80412393	0.3000252713	1.741021496	170.5581363
20140101	2014.0014	-1.703935294	-0.5593566341	4.706366512	198.1736325
20140102	2014.0041	-1.649340373	-0.480735572	1.655477099	196.2498941
20140103	2014.0068	-0.2545739187	-0.4890904453	1.679813744	242.5028068
20140104	2014.0096	-0.1054227603	-0.4549404641	1.602768223	256.9532005
20140105	2014.0123	0.02187074227	-0.3893829026	1.430509327	273.2147943
20140106	2014.0151	0.02180428866	-0.329189644	2.33394202	273.7895224
20140107	2014.0178	0.1348062848	0	0.8598783986	0
20140108	2014.0205	0.2302314677	-0.1173106007	0.4928045824	332.9996427
20140109	2014.0233	0.3040671945	-0.02916194387	0.09209067598	354.5217321
20140110	2014.0260	0.3546056759	-0.4819890954	-0.376529042	306.3424032
20140111	2014.0288	0.3846786434	-0.3638912572	-0.6660817826	316.5906644
20140112	2014.0315	0.3971178286	-0.2270891072	-1.149601885	330.2372156
20140113	2014.0342	-0.4461907712	-0.08459010556	-1.53534489	190.7348956
20140114	2014.0370	0.3810151907	-0.3022238799	-1.878569019	321.5783061
20140115	2014.0397	1.227149233	0.2194209597	-2.176833674	10.13766471
20140116	2014.0425	0.3337461865	0.767066715	-1.555553594	66.48642725
20140117	2014.0452	0.3012292831	-0.2701630163	-1.256922562	318.1120741
20140118	2014.0479	0.1881529484	-0.08846057704	-0.7178182225	334.8193197
20140119	2014.0507	0.2216137491	0.1317985372	-0.3392083167	30.74087383
20140120	2014.0534	0.208617732	1.247956601	-0.01913906518	80.50976235
20140121	2014.0562	-0.07693900527	0.4602598509	0.268277775	99.49006038
20140122	2014.0589	0.4621331716	0.7913472292	0.5237746388	59.71580646
20140123	2014.0616	-0.3772206818	0.9190530242	0.7096646194	112.3154512
20140124	2014.0644	-0.5264812966	0.9570412106	0.7823635652	118.8157866
20140125	2014.0671	-0.3885482917	0.7610174305	0.684105022	117.0472316
20140126	2014.0699	-0.454168067	0.7720765339	0.8214330909	120.4658426
20140127	2014.0726	-0.4078776118	1.322190371	-0.5795924802	107.1442775
20140128	2014.0753	-0.3132018895	0.1417891256	-0.3648163814	155.6433379
20140129	2014.0781	-0.285221362	-0.262113546	-0.3374179112	222.5824773
20140130	2014.0808	-0.1659069039	-0.7744450405	0.09948188557	257.9084688
20140131	2014.0836	-1.010794602	-1.792074813	0.2956833639	240.5754395
20140201	2014.0863	-0.3289107586	-1.688402679	0.6586459207	258.9765066
20140202	2014.0890	0.4174419184	-1.841986895	1.029031321	282.7690204
20140203	2014.0918	0.2347866353	-1.923813216	1.414889845	276.9581008
20140204	2014.0945	-0.68616709	-1.917720544	1.811661568	250.3126137
20140205	2014.0973	-0.2513482849	-1.710529555	2.214786562	261.6406772
20140206	2014.1000	0.08202514123	-2.681832911	2.838068307	271.7518727
20140207	2014.1027	0.2343197088	-2.256073349	2.96184229	275.9295792
20140208	2014.1055	0.4065714265	-1.650382799	3.018788664	283.8392349
20140209	2014.1082	0.5935025742	-0.6717938936	0.582000018	311.4592879
20140210	2014.1110	0.7894747103	0.412100934	2.912124549	27.56428148
20140211	2014.1137	0.9939628924	0.7535042099	2.73880702	37.16506832
20140212	2014.1164	1.054472586	1.732531731	2.482918742	58.67400847
20140213	2014.1192	1.390174138	2.530055179	-0.7008984936	61.21279149
20140214	2014.1219	1.56114124	3.20044845	1.767900989	63.99742243
20140215	2014.1247	1.241098038	3.698499961	3.974064168	71.449898
20140216	2014.1274	1.219766949	3.978998129	1.234288632	72.95701236
20140217	2014.1301	1.246170917	3.850197444	0.4304449274	72.06509162
20140218	2014.1329	1.255831415	2.561031703	-0.5104589881	63.87844493
20140219	2014.1356	1.254578264	2.270506634	-1.083802962	61.07696499
20140220	2014.1384	1.242128223	1.867945174	-1.554475485	56.37727037
20140221	2014.1411	1.21818475	1.238793875	-1.91656652	45.48058545
20140222	2014.1438	1.18243946	0.9463042636	-4.055096493	38.67022752
20140223	2014.1466	1.134575006	0.06570838416	-2.291405799	3.314555974
20140224	2014.1493	1.074262408	-0.2501709521	-2.574655241	346.8907789
20140225	2014.1521	1.607993146	-0.7726452564	-2.171905299	334.3355836
20140226	2014.1548	0.9138752047	-1.292359811	-1.882468039	305.265537
20140227	2014.1575	0.8129620901	-1.536432706	-1.544469156	297.8843525
20140228	2014.1603	0.6986055613	-2.726658232	-4.077517303	284.3707948
20140301	2014.1630	2.152511857	-0.8732765095	-1.231181104	337.9175495
20140302	2014.1658	-1.098777476	-0.3574108138	-0.7913875708	198.0186931
20140303	2014.1685	0.2784308848	-0.9470611202	-3.023970862	286.383053
20140304	2014.1712	0.1130450117	0.2963562291	-0.6076480971	69.12066007
20140305	2014.1740	-0.02796314294	0.6360086504	0.355313954	92.51747976
20140306	2014.1767	-0.2412906544	1.653408869	-0.1927490811	98.30286328
20140307	2014.1795	-0.4268260342	0.2034145647	-1.692415242	154.5187042
20140308	2014.1822	-0.6677722345	0.2362684921	0.1765158055	160.5154066
20140309	2014.1849	-0.7737599589	0.02502170554	-1.140965867	178.1478252
20140310	2014.1877	-0.974836411	0.289266399	-1.296988691	163.4726251
20140311	2014.1904	-1.142872134	-0.1561944493	-1.326696404	187.7823054
20140312	2014.1932	-1.294089479	-0.3385956862	-1.946023776	194.6626154
20140313	2014.1959	-1.423216166	-0.4145988662	-2.145632233	196.241435
20140314	2014.1986	-1.526088279	-0.748133272	-1.535629633	206.1154498
20140315	2014.2014	-1.600507585	-0.8939546899	-1.118477088	209.1853013
20140316	2014.2041	-1.644767277	-0.5508193991	0.606315783	198.5152856
20140317	2014.2068	-1.657160544	-0.7514810977	-0.01766268452	204.3931102
20140318	2014.2096	-1.635980577	0.05431763827	0.7114401955	178.0983707
20140319	2014.2123	-1.381074476	-0.07890224943	-0.1027613783	183.2698142
20140320	2014.2151	-2.608733518	0.1482609695	-0.4096097538	176.747234
20140321	2014.2178	-1.366319537	-0.2291975269	0.3096963461	189.5225994
20140322	2014.2205	-1.214785986	1.340169846	0.08252622145	132.190477
20140323	2014.2233	-1.176754638	0.9805285734	0.04882993623	140.1973109
20140324	2014.2260	-1.381332722	1.096200654	-4.059381296	141.5651202
20140325	2014.2288	-0.7952571873	0.7057016187	0.6672967302	138.4145375
20140326	2014.2315	-0.6836305045	1.096642108	-0.1677926036	121.9388045
20140327	2014.2342	-0.780837954	1.054162913	-0.2723602265	126.5280319
20140328	2014.2370	-1.190231417	0.2073888999	-0.3904116894	170.1158717
20140329	2014.2397	-0.5128759582	0.8413851906	1.796008754	121.3648737
20140330	2014.2425	-0.4973306053	0.5127749736	-0.8135041299	134.1240241
20140331	2014.2452	-0.4947380469	0.5887987986	-0.7702352299	130.0386482
20140401	2014.2479	-0.5004614908	-0.4667256092	-0.2556281661	223.0023097
20140402	2014.2507	-0.5098653054	0.7350654444	-1.086541953	124.7464353
20140403	2014.2535	-0.5179506585	-0.1307849102	-1.193523261	194.1712239
20140404	2014.2562	-0.528173017	0.09613641756	-1.262543494	169.6841323
20140405	2014.2589	-0.4718824911	0.7487621069	-1.281278929	122.219821
20140406	2014.2616	-0.5038700443	0.7201972549	-0.4852968345	124.9777065
20140407	2014.2644	-0.4550231691	-0.1272804725	-0.4553773462	195.6275314
20140408	2014.2671	-0.4736816787	0.03925546319	-0.4230699234	175.2625476
20140409	2014.2699	-0.4495214599	0.2309393827	-0.3812719306	152.8083963
20140410	2014.2726	-0.4276108343	0.4250147466	-0.3237602691	135.1744545
20140411	2014.2753	-0.4056453569	0.8897150431	-0.2443118397	114.5095363
20140412	2014.2781	-0.3837245769	0.7246852741	-0.1367071368	117.9014496
20140413	2014.2808	-0.3581470559	0.7045031382	0.005258974216	116.94734
20140414	2014.2836	-0.3251975404	0.841437857	0.5229237729	111.1304394
20140415	2014.2863	-0.8182235923	0.7939063545	0.3739978842	135.8641794
20140416	2014.2890	-0.223328208	0.2946827704	0.6400611416	127.1570232
20140417	2014.2918	-0.1474877035	-0.3398918644	1.038149909	246.5427547
20140418	2014.2945	-0.05043013141	0.4655612584	1.197297331	96.18224027
20140419	2014.2973	-1.469793412	0.6736914866	1.40966052	155.3752699
20140420	2014.3000	1.106067901	0.2687079397	1.557314472	13.65489242
20140421	2014.3027	0.4157346697	0.6935402186	1.618110834	59.05990725
20140422	2014.3055	0.4798279117	0.01564000712	1.555787441	1.866896918
20140423	2014.3082	0.7283524739	-0.7222626633	1.41472566	315.2405313
20140424	2014.3110	0.6023644029	-0.7410393561	1.113892842	309.1064279
20140425	2014.3137	0.761080308	-1.111544406	0.7348163111	304.399648
20140426	2014.3164	2.153827765	-1.299811133	0.2847337946	328.8894852
20140427	2014.3192	-0.4210824706	-1.433091016	-0.2142684969	253.6257276
20140428	2014.3219	2.335053725	-1.495030768	-0.7401043527	327.3703767
20140429	2014.3247	0.9705607302	-0.8353638911	-3.431643687	319.2813446
20140430	2014.3274	1.183494766	-0.5201448021	-1.549856857	336.2745577
20140501	2014.3301	1.124421228	0.8562354716	-0.8338163952	37.28890785
20140502	2014.3329	1.195362816	-0.3298735713	-1.565536192	344.572569
20140503	2014.3356	1.063972638	-0.222229627	-3.060463334	348.2023652
20140504	2014.3384	1.45154732	0	-3.358059269	0
20140505	2014.3411	1.764034308	0	-4.409309386	0
20140506	2014.3438	0.9925514415	-0.2755869172	-2.899417804	344.4824174
20140507	2014.3466	0.9995954736	0.96008306	-3.744982596	43.8449188
20140508	2014.3493	1.029072167	0.6578030876	-3.67646589	32.5875106
20140509	2014.3521	1.403600516	2.463577323	-3.49479019	60.32807026
20140510	2014.3548	1.376586383	0.4221340751	-3.193668899	17.048305
20140511	2014.3575	1.335556035	1.220716283	-2.778703036	42.42773417
20140512	2014.3603	0.2865858317	1.138407454	-2.268180947	75.86981617
20140513	2014.3630	1.044648039	1.525108276	-1.683701662	55.59016406
20140514	2014.3658	1.135310543	0.241821042	-1.25399075	12.02430166
20140515	2014.3685	1.045249385	0.7266572227	-0.2608328767	34.80702114
20140516	2014.3712	-0.02414590865	2.102340097	2.984294773	90.65802761
20140517	2014.3740	0.8365914739	0.3266038147	1.312208521	21.32558462
20140518	2014.3767	0.7212000871	0.1552030489	2.098645165	12.14489258
20140519	2014.3795	0.6008172584	0.01094805404	5.953662149	1.043924536
20140520	2014.3822	0.4124340086	2.031185376	3.47535095	78.52208636
20140521	2014.3849	0.4100233308	-0.1430366235	3.931363631	340.7686762
20140522	2014.3877	0.2277528081	-0.1436264283	4.206601699	327.7634778
20140523	2014.3904	-0.3275155142	-1.154784075	7.221788782	254.1658025
20140524	2014.3932	-0.5032883506	-0.4273480932	4.202573713	220.3349803
20140525	2014.3959	-0.6277901706	-1.880776067	3.972686732	251.5413434
20140526	2014.3986	-0.7054058003	-0.1313569367	3.628746122	190.5484981
20140527	2014.4014	-1.120637266	-0.498590179	3.199148153	203.9850777
20140528	2014.4041	-1.111580312	-0.05360955095	0.6434295137	182.7611346
20140529	2014.4068	-1.069489873	-0.1333988257	-2.308123791	187.1098554
20140530	2014.4096	-0.918988794	-0.4294906679	5.486885215	205.0490997
20140531	2014.4123	-0.9711375487	0.4370725793	1.167695427	155.7692775
20140601	2014.4151	-0.8072356931	0.3960177872	1.08577576	153.86812
20140602	2014.4178	-0.19702552	0.1912757686	0.1676443801	135.8483423
20140603	2014.4205	-0.6184912642	0.2268902441	4.4794695	159.8547053
20140604	2014.4233	-0.5536472963	0.108495859	-0.7940621353	168.9124991
20140605	2014.4260	-0.5210451913	-0.02600332674	-1.281140453	182.8570378
20140606	2014.4288	-0.5192244672	-0.1717846408	3.409006166	198.3067205
20140607	2014.4315	-0.5430927506	-1.0701541	-2.151613232	243.0926516
20140608	2014.4342	-0.5872572407	-1.154824323	-2.466638612	243.0455176
20140609	2014.4370	-0.6463061923	-0.6864765564	-2.655943932	226.7263847
20140610	2014.4397	-0.7148239012	-0.9798165136	-3.587719057	233.8874265
20140611	2014.4425	-0.2038774928	-0.8913450161	-2.666666064	257.1163554
20140612	2014.4452	-0.6644386035	-2.283448547	-2.180693852	253.7760433
20140613	2014.4480	-0.1832632346	-1.095045897	-1.753175863	260.4992163
20140614	2014.4507	-0.1615504099	-1.170587813	-1.109761276	262.1423628
20140615	2014.4534	-0.3411291744	-1.226773532	-0.8532305128	254.4603352
20140616	2014.4562	0.665847887	-2.016251892	-1.735313204	288.2753117
20140617	2014.4589	-0.9697096191	-2.135804702	0.1580451863	245.580744
20140618	2014.4616	-0.9567430943	-2.149009471	0.8891674646	246.0012809
20140619	2014.4644	-0.9388613096	-2.076551978	1.193545386	245.6710793
20140620	2014.4671	-0.9191406368	-1.939118006	2.854916455	244.6390795
20140621	2014.4699	-0.9006574475	-1.327416611	3.681257442	235.8429518
20140622	2014.4726	-0.8864881136	-1.613217791	2.009617201	241.2105252
20140623	2014.4753	-0.8787973041	-1.302584677	1.320160841	235.9941703
20140624	2014.4781	-0.8758786376	-0.8712497436	1.157883193	224.8481992
20140625	2014.4808	-0.1873419316	-1.08965374	0.05204893702	260.2446284
20140626	2014.4836	-0.8710548616	0.1253789341	0.1988134222	171.8091499
20140627	2014.4863	-0.8630208066	-0.05215633704	-0.1337904614	183.4584425
20140628	2014.4890	0.2701745068	0.05897507054	-0.2821541007	12.31366468
20140629	2014.4918	-0.820692731	-0.2001799867	-1.767546054	193.7076877
20140630	2014.4945	-0.7814488312	-0.4797222003	-1.982615154	211.545272
20140701	2014.4973	-0.7259236197	-0.1532828493	-0.7343757121	191.9231797
20140702	2014.5000	-0.7056363876	0.1246399634	-0.8947569189	169.9828943
20140703	2014.5028	-0.5810597834	0.4273726559	-1.029464543	143.6653144
20140704	2014.5055	0.07396681437	0.7256230336	-1.504036161	84.17962475
20140705	2014.5082	-0.5617982234	1.078084342	-2.916144092	117.5243741
20140706	2014.5110	-0.1761642509	2.072183373	-0.3847642921	94.8592498
20140707	2014.5137	0.0218960755	1.731523165	-0.281803872	89.27550155
20140708	2014.5164	0.2770093646	1.487362268	0.367583674	79.44998919
20140709	2014.5192	0.3102992283	4.228274526	1.026767556	85.80277436
20140710	2014.5219	0.1781826792	2.761603028	0.05132990885	86.30830943
20140711	2014.5247	0.9231869998	1.867546813	0.1697286928	63.69536777
20140712	2014.5274	1.085990295	1.96675934	0.5298666249	61.09373048
20140713	2014.5301	0.7657270088	2.344916149	1.524936704	71.91566915
20140714	2014.5329	0.7776607472	2.030125522	0.6154204664	69.04014095
20140715	2014.5356	0.7298589265	2.155476793	-0.8743506828	71.29355422
20140716	2014.5384	0.6307109239	1.773877579	0.801494626	70.42690583
20140717	2014.5411	-0.3597204984	2.079001661	-2.420526869	99.81644524
20140718	2014.5438	0.8801392922	1.983257836	0.6430054055	66.06908881
20140719	2014.5466	0.6914415985	-0.1553543813	0.4306695817	347.3369677
20140720	2014.5493	-0.9239232691	4.457997255	-0.375283785	101.7088288
20140721	2014.5521	0.05129788863	1.413206069	-0.3865147308	87.92113641
20140722	2014.5548	-0.122892345	1.130284921	-0.3868433593	96.20521583
20140723	2014.5575	-0.6802832094	0.07225179898	-0.3854830076	173.9374338
20140724	2014.5603	-0.252581448	0.6615144052	-0.9627839775	110.8980089
20140725	2014.5630	-0.7844529955	0.1379034414	-1.366801914	170.0295265
20140726	2014.5658	-0.7438170036	-0.1478477573	-1.457280344	191.2420977
20140727	2014.5685	-1.560470241	-0.3621168331	-1.445981855	193.064608
20140728	2014.5712	0.05068107841	-0.5266967532	-1.344854268	275.4963299
20140729	2014.5740	0.0906855297	-0.5217387534	-1.165846517	279.8603019
20140730	2014.5767	0.8330817945	-0.4950445474	-0.9248937599	329.2798286
20140731	2014.5795	0.7090549669	-0.4212381855	-0.6067291547	329.2861323
20140801	2014.5822	0.910891403	-0.318238134	-0.1799132621	340.7421169
20140802	2014.5849	0.947298486	-0.2073525862	-0.1024306445	347.653349
20140803	2014.5877	1.180591301	-0.0675065895	0.4561628517	356.7273725
20140804	2014.5904	2.132093765	-0.05478115342	0.821946964	358.5281893
20140805	2014.5932	1.450271154	0.1727004965	1.167160097	6.790889924
20140806	2014.5959	1.561044004	-0.2159391523	1.478189794	352.124258
20140807	2014.5986	2.118559131	1.064954481	1.741423601	26.68770066
20140808	2014.6014	2.023833492	1.061732286	2.304350577	27.68215258
20140809	2014.6041	1.770947768	1.695136851	5.928338165	43.74701468
20140810	2014.6068	0.1949898485	0.6466351331	-2.140526635	73.21955662
20140811	2014.6096	1.589905186	2.149585029	1.655801691	53.51212844
20140812	2014.6123	1.780023905	2.126103042	1.878366135	50.06313108
20140813	2014.6151	1.734660674	1.952144385	2.048042898	48.37595149
20140814	2014.6178	1.663806988	1.408836075	2.146950505	40.25640838
20140815	2014.6205	1.566690984	0.2200127603	2.15720748	7.993856663
20140816	2014.6233	1.442993631	0.235187857	2.060932347	9.257017275
20140817	2014.6260	2.707632156	0.07112805465	1.728277012	1.504783533
20140818	2014.6288	1.122838771	-0.1910424455	1.556714453	350.344027
20140819	2014.6315	0.9336429451	-0.2776469822	1.066781784	343.4385613
20140820	2014.6342	0.7319363001	-0.5428580051	0.5494119847	323.436639
20140821	2014.6370	0.4741621363	-0.7185999929	-0.02196342814	303.4184871
20140822	2014.6397	0.3842230336	-0.8781511768	-0.6939873284	293.6311243
20140823	2014.6425	0.09843267555	-1.016469986	-3.911026299	275.5311484
20140824	2014.6452	-0.1090611088	-2.28917708	-2.431154444	267.2723736
20140825	2014.6479	-0.3083875887	-2.127064922	-1.311676421	261.7505843
20140826	2014.6507	-0.496084903	-1.869685417	-2.866945569	255.140071
20140827	2014.6534	-0.5691035786	-0.8834717591	-4.36889828	237.2116915
20140828	2014.6562	-0.8200151727	-1.355983664	-5.264785523	238.8370422
20140829	2014.6589	-0.9493244059	-0.9977274523	-3.036595773	226.4240603
20140830	2014.6616	-1.05179232	-0.8212233464	-2.853238681	217.9821733
20140831	2014.6644	-1.123684113	-0.7138581664	-5.644301977	212.4271285
20140901	2014.6671	-1.16126498	-0.6486103942	-4.170366767	209.1850095
20140902	2014.6699	-1.162450756	-0.5984944192	-4.100632062	207.2419332
20140903	2014.6726	-1.131759815	-0.4787221142	-3.946151681	202.9278344
20140904	2014.6753	-1.075361169	-0.4719925799	-3.709466373	203.6974103
20140905	2014.6781	-1.914501434	-0.4234173681	-3.406062025	192.4709757
20140906	2014.6808	-0.7885853061	-0.0808233618	-3.049645267	185.8519021
20140907	2014.6836	-0.5482226942	-0.2315793483	-2.652585254	202.9000901
20140908	2014.6863	-0.2665196917	-0.006239931944	-2.073642365	181.3412009
20140909	2014.6890	-0.02410758886	1.64378075	-1.996239531	90.84023619
20140910	2014.6918	0.1678065075	0.4764179034	-0.7517581012	70.59643935
20140911	2014.6945	0.5526560752	0.4043887637	-1.635513917	36.19363065
20140912	2014.6973	0.7827155507	0.2185441393	0.5198914438	15.60040954
20140913	2014.7000	0.8835452945	0.3044658915	0.9785222314	19.01372997
20140914	2014.7027	0.8480552674	-0.5003237276	-1.06913571	329.4608425
20140915	2014.7055	0.5083905035	-0.4507604526	0.5130603659	318.4384512
20140916	2014.7082	0.438263309	-0.4056423582	0.7686765644	317.2136511
20140917	2014.7110	0.3862976839	-0.797252217	0.9789105701	295.8518752
20140918	2014.7137	-0.1802281643	-0.5217890337	1.15325201	250.9448686
20140919	2014.7164	-0.886097595	-0.3011201222	1.294940715	198.7691613
20140920	2014.7192	-1.204736847	0.04354783877	1.407216517	177.9298205
20140921	2014.7219	-1.358977945	-0.3113216566	1.493319244	192.9029707
20140922	2014.7247	-1.431399897	-0.4963842111	1.914114215	199.1256429
20140923	2014.7274	-0.5128935164	0.17967745	1.683702438	160.6935626
20140924	2014.7301	-0.5408525858	-0.08617773596	1.52682537	189.0532246
20140925	2014.7329	-0.4255949943	-0.2110981756	1.599791033	206.3817419
20140926	2014.7356	-0.579676139	-0.04124084792	1.564811648	184.0694307
20140927	2014.7384	0.1476280471	0.3141520878	1.510226183	64.82997625
20140928	2014.7411	0.04131862118	0.3000716016	1.812299445	82.15990932
20140929	2014.7438	0.4907298824	0.6718090854	1.938395336	53.85335391
20140930	2014.7466	0.8524199548	0.4429317037	2.305569335	27.45714502
20141001	2014.7493	1.255101292	0.1832673937	2.404977722	8.307505573
20141002	2014.7521	1.437526153	-0.08526427232	2.075662327	356.605581
20141003	2014.7548	1.688090883	-0.05655908868	1.949312713	358.0810362
20141004	2014.7575	2.361376717	0.4305830993	1.758163626	10.3340121
20141005	2014.7603	1.825332279	-0.6817783616	1.508691562	339.5188782
20141006	2014.7630	1.761666221	-0.6848691943	1.208039418	338.7558011
20141007	2014.7658	1.640444858	0.4049317538	0.8672020267	13.86585583
20141008	2014.7685	1.395484629	-0.8278027587	0.5175162993	329.3235432
20141009	2014.7712	1.872033515	0.716311	0.5219144182	20.9387456
20141010	2014.7740	1.143061078	-0.6980782246	0.5769865312	328.5871925
20141011	2014.7767	0.984197606	-0.5408967861	0.6916108355	331.2076194
20141012	2014.7795	0.8488912194	-0.2730815397	0.8743747511	342.1674306
20141013	2014.7822	0.7405585941	-0.06880251848	0.7968334449	354.6921011
20141014	2014.7849	0.659812707	0.5227240384	1.43342351	38.38735423
20141015	2014.7877	0.6069916514	-1.185314606	2.142734018	297.116681
20141016	2014.7904	0.5824196522	2.63891344	2.091641027	77.55409444
20141017	2014.7932	0.5863821126	1.649451859	2.434568772	70.42963911
20141018	2014.7959	0.6177119491	0.7850280093	2.719262853	51.80199137
20141019	2014.7986	0.7630477688	-0.6809663974	0.7029367663	318.2533343
20141020	2014.8014	0.7063405196	0.8053453712	3.076600847	48.74712134
20141021	2014.8041	0.7724547548	0.7896942631	5.197913365	45.63227705
20141022	2014.8068	0.8053980593	0.7587275561	3.011860851	43.29091111
20141023	2014.8096	0.8122339107	0.7140757772	2.779354089	41.32033227
20141024	2014.8123	0.7830006242	0.6573694533	2.733576182	40.0151941
20141025	2014.8151	0.01853192213	0.1830504093	2.130139295	84.21910359
20141026	2014.8178	-0.07086931634	-0.08439458621	1.683572936	229.978553
20141027	2014.8205	-0.1439689489	-0.3039588908	1.010474009	244.6556066
20141028	2014.8233	-0.2016325148	-1.116233346	0.6867282805	259.7607045
20141029	2014.8260	-0.2447255534	-0.6326055765	3.417657403	248.8508734
20141030	2014.8288	-0.2741136039	-0.2701132387	-0.6730915037	224.5788522
20141031	2014.8315	-0.2906622055	-0.2411143246	-2.037035347	219.6768772
20141101	2014.8342	-0.3039582252	-0.7704255867	-1.936019713	248.4691355
20141102	2014.8370	-0.2474904958	-0.06056231987	-2.126281664	193.750389
20141103	2014.8397	-0.2719267104	0.5761845985	-2.619510966	115.264674
20141104	2014.8425	-0.2461110195	0.1263024746	-2.535653471	152.8334187
20141105	2014.8452	-0.1877086087	0.3333361569	-2.428524949	119.3847775
20141106	2014.8479	-0.2356309562	0.2469102507	-3.063058255	133.6609676
20141107	2014.8507	0.4473231196	0.3775955381	-3.999578868	40.16846658
20141108	2014.8534	-0.117812498	0.440077893	-4.924451083	104.9871209
20141109	2014.8562	0.3234111965	0.4479725486	-1.971758677	54.17281619
20141110	2014.8589	0.3310862216	0.7027565283	-3.697509653	64.77369958
20141111	2014.8616	0.3210146844	0.8217663616	-3.114464602	68.66240274
20141112	2014.8644	0.2893853491	0.979401045	-3.814883587	73.53907813
20141113	2014.8671	0.2340929811	1.091109526	-3.631322868	77.89099535
20141114	2014.8699	-0.3883397537	0.6650024017	-1.457729554	120.2835375
20141115	2014.8726	0.5680646874	0.7626133288	-3.788906087	53.31786305
20141116	2014.8753	-0.04314504694	0.9010551078	-1.961364339	92.74138886
20141117	2014.8781	-0.1601877613	1.064931365	-1.725813321	98.55434017
20141118	2014.8808	-0.28330036	1.204201921	-1.079866043	103.2386594
20141119	2014.8836	-0.4666709288	1.307781496	-2.943387336	109.6385178
20141120	2014.8863	-0.5155427492	1.364584545	-0.4582274734	110.6966645
20141121	2014.8890	-1.236502986	1.36352528	0.1908437507	132.2030844
20141122	2014.8918	-1.130181137	1.297412377	-1.195197001	131.0592535
20141123	2014.8945	-1.126971904	1.174633054	1.542677917	133.8137006
20141124	2014.8973	-0.7512940145	1.007469072	2.002015127	126.712783
20141125	2014.9000	-0.2483800433	0.8082021406	2.625844604	107.0834579
20141126	2014.9027	-0.5009453672	0.5628630619	3.30842637	131.668926
20141127	2014.9055	-0.3131400431	0.8867311849	3.528904878	109.4501522
20141128	2014.9082	-0.1318531299	0.7394174616	3.857136977	100.1107261
20141129	2014.9110	-0.7838788502	-0.1036582699	4.16538902	187.5329511
20141130	2014.9137	0.2160560631	-0.240492505	5.715202403	311.9362071
20141201	2014.9164	0.3407589323	-0.3791484151	5.71086585	311.94756
20141202	2014.9192	0.4029270153	-0.390895263	4.524450547	315.8683503
20141203	2014.9219	0.1685989387	-0.5498805917	4.480873866	287.0460681
20141204	2014.9247	-0.1486733236	-0.5885431246	4.372107195	255.8229656
20141205	2014.9274	0.6304294361	-0.6004742352	4.19036939	316.3940716
20141206	2014.9301	-0.2208853283	-0.5889770308	3.987647395	249.4423393
20141207	2014.9329	-0.1873046604	-0.5657081862	5.01820058	251.6804132
20141208	2014.9356	0.5842192848	-0.4644353242	3.901397145	321.5164428
20141209	2014.9384	-0.7930116128	-0.4195044255	0.7416560314	207.8789127
20141210	2014.9411	-0.1034925927	-0.2387313782	1.696861292	246.5627548
20141211	2014.9438	0.8909993762	0.1337020157	3.364035438	8.534042736
20141212	2014.9466	-0.09425581724	-0.2626878182	3.149046809	250.2613511
20141213	2014.9493	-0.10184852	-0.2241732703	2.931030494	245.5663027
20141214	2014.9521	0.02741115836	0.4780225129	2.725015641	86.71809253
20141215	2014.9548	-0.09160251371	0.1315359404	2.546961477	124.8536127
20141216	2014.9575	0.1040533189	0.2458544313	2.412605854	67.06039211
20141217	2014.9603	0.4878760388	0.269718845	2.330949419	28.93570384
20141218	2014.9630	0.5450959245	-0.5224242067	-0.4112036595	316.2166501
20141219	2014.9658	0.5936528936	-1.065652029	2.261345049	299.121283
20141220	2014.9685	0.6324040043	-1.170253621	2.232423053	298.3867476
20141221	2014.9712	0.6602063145	-1.121637251	2.17978985	300.48147
20141222	2014.9740	0.3704482381	-1.378794193	2.087593753	285.0388204
20141223	2014.9767	0.3087438008	-1.133008279	0.975920404	285.2429528
20141224	2014.9795	-0.4163288565	-0.9947430334	1.976756518	247.2892735
20141225	2014.9822	0.1498132466	-1.089418995	1.927490285	277.8300126
20141226	2014.9849	0.6948823142	-1.044009515	1.540948355	303.6473397
20141227	2014.9877	-0.0431493269	-1.706443204	1.458640013	268.5515207
20141228	2014.9904	-0.6411972973	-1.58030583	2.430794688	247.9155127
20141229	2014.9932	-0.2541194233	-1.415282888	1.349622774	259.8207912
20141230	2014.9959	-0.05116426991	-1.222234275	2.529852389	267.6029259
20141231	2014.9986	0.01564591317	-1.275539342	0.443590016	270.7027614
