# YYYYMMDD	YYYY.DECM	N_filt(mm)	E_filt(mm)	U_filt(mm)	Azimuth(deg)
20120401	2012.2500	-0.5613177006	0.1920996229	0.3861067689	161.107527
20120402	2012.2527	-0.8065274975	0.1973460271	1.503856225	166.25067
20120403	2012.2555	-0.8471486524	0.103233734	1.399863045	173.0521792
20120404	2012.2582	-0.8329608735	0.05893967782	1.246932832	175.9525403
20120405	2012.2609	-0.813081393	0.02049639289	1.078483658	178.5559771
20120406	2012.2637	-0.7713832713	-0.00403986348	1.29426205	180.3000649
20120407	2012.2664	-0.7169838253	-0.02774339016	1.265185015	182.2159308
20120408	2012.2691	-0.6552519519	-0.06048564752	1.437825049	185.2739698
20120409	2012.2719	-0.5872128468	-0.1107790379	1.552029935	190.6834201
20120410	2012.2746	-0.5135046074	-0.1488380703	1.358267267	196.1641034
20120411	2012.2773	-0.4370333987	-0.1916314823	1.009788632	203.6766083
20120412	2012.2801	-0.3541631556	-0.2212726468	0.5481419878	211.996154
20120413	2012.2828	-0.267022544	-0.2415586662	0.01570246196	222.1336821
20120414	2012.2855	-0.1755090678	-0.2462319133	-0.5697857361	234.5195061
20120415	2012.2883	-0.08134265321	-0.2317750184	-1.149926175	250.6612109
20120416	2012.2910	0.01455938438	-0.1948145947	-1.685353862	274.2740299
20120417	2012.2937	0.1099622324	-0.1328054038	-2.145688126	309.6245923
20120418	2012.2964	0.2015016322	-0.05465639316	-2.516858842	344.8239374
20120419	2012.2992	0.2869052988	0.02876823007	-2.817509852	5.725956036
20120420	2012.3019	0.3642930724	0.1071759566	-3.024631068	16.39401833
20120421	2012.3046	0.4297796532	0.1701928854	-3.164567751	21.60358218
20120422	2012.3074	0.4814210498	0.2069731614	-3.214207782	23.26389895
20120423	2012.3101	0.5163125286	0.2113554143	-3.20065804	22.26201292
20120424	2012.3128	0.533165004	0.1899628632	-3.099063156	19.61061838
20120425	2012.3156	0.5329636226	0.1533441976	-2.947826089	16.05157584
20120426	2012.3183	0.5192370623	0.1105017057	-2.730420295	12.01419513
20120427	2012.3210	0.4930003195	0.07381048538	-2.481442772	8.514902109
20120428	2012.3238	0.4579376287	0.04610553817	-2.183247847	5.749212695
20120429	2012.3265	0.4153150873	0.009520810049	-1.86460632	1.313235955
20120430	2012.3292	0.3679685494	-0.1437061018	-1.511355142	338.6674116
20120501	2012.3320	0.3624708663	-0.3599049498	-1.150670413	315.2035167
20120502	2012.3347	0.3404294451	-0.8027957204	-0.7675574392	292.9796098
20120503	2012.3374	0.3262392456	-0.9682446246	-0.3923334161	288.6206709
20120504	2012.3402	0.2682549925	-1.137709501	-0.006341561402	283.2671746
20120505	2012.3429	0.1961955657	-1.282924865	0.3623596289	278.694784
20120506	2012.3456	0.1170402437	-1.408600333	0.7269544989	274.7497811
20120507	2012.3484	0.03668775454	-1.495544015	1.069871171	271.4052625
20120508	2012.3511	-0.03993364387	-1.53864068	1.386682905	268.5132879
20120509	2012.3538	-0.1080028495	-1.52907186	1.667871827	265.9597404
20120510	2012.3565	-0.1631310824	-1.452737997	1.899582243	263.5929733
20120511	2012.3593	-0.1703279203	-1.315588534	2.078530588	262.6230088
20120512	2012.3620	-0.1830546071	-1.110091278	2.189747512	260.6361648
20120513	2012.3648	-0.1755827999	-0.8674739196	2.227977202	258.557522
20120514	2012.3675	-0.1507176152	-0.5765764604	2.185275676	255.3506253
20120515	2012.3702	-0.1123810252	-0.2719943181	2.066132809	247.5508504
20120516	2012.3730	-0.06443557893	0.0565715898	1.880363503	138.7182976
20120517	2012.3757	-0.0120383926	0.3797743737	1.638466615	91.81559961
20120518	2012.3784	0.04635911776	0.701251331	1.339239383	86.2177293
20120519	2012.3811	0.1132761878	0.9980025671	1.003038136	83.52447571
20120520	2012.3839	0.1730207827	1.271483149	0.6330388443	82.25090607
20120521	2012.3866	0.221495927	1.512421772	0.2310456829	81.66819624
20120522	2012.3893	0.2561486481	1.725431539	-0.1835056291	81.55583747
20120523	2012.3921	0.276855294	1.904858154	-0.6045094576	81.73043972
20120524	2012.3948	0.2826488304	2.054734333	-1.027226682	82.16756118
20120525	2012.3975	0.2726446862	2.168845162	-1.416059369	82.83495482
20120526	2012.4003	0.2460771031	2.253866631	-1.781979584	83.76912788
20120527	2012.4030	0.2017586067	2.300393508	-2.083922711	84.9876351
20120528	2012.4057	0.1391223944	2.318064394	-2.318161502	86.56542069
20120529	2012.4085	0.05841948736	2.291297242	-2.471397429	88.5394889
20120530	2012.4112	-0.03825117117	2.23440363	-2.506004319	90.9807613
20120531	2012.4139	-0.1461104753	2.130858611	-2.468723688	93.92256453
20120601	2012.4167	-0.2601847131	2.000465819	-2.272637936	97.410409
20120602	2012.4194	-0.3750614918	1.837905325	-2.050846062	101.5339854
20120603	2012.4221	-0.486055938	1.662498115	-1.709985427	106.2970622
20120604	2012.4249	-0.5869170305	1.468956401	-1.360038565	111.7790279
20120605	2012.4276	-0.6734773307	1.276682742	-0.9620610862	117.8126013
20120606	2012.4303	-0.7234210415	1.084063672	-0.5596943685	123.7161093
20120607	2012.4331	-0.7509353114	0.9091519376	-0.1636477817	129.5558003
20120608	2012.4358	-0.6819737775	0.7422738589	0.4300446969	132.5756477
20120609	2012.4385	-0.6591744956	0.5826065808	1.28914438	138.5283766
20120610	2012.4413	-0.6548423931	0.4251546643	1.558120078	147.0064598
20120611	2012.4440	-0.6393998939	0.2664075754	1.719677758	157.3808258
20120612	2012.4467	-0.6137802958	0.1029215086	1.70089013	170.4809397
20120613	2012.4495	-0.5811694428	-0.06847100423	1.597375064	186.7193788
20120614	2012.4522	-0.5387385466	-0.2493593496	1.446587613	204.837428
20120615	2012.4549	-0.4943092683	-0.4256416929	1.282468352	220.7312075
20120616	2012.4577	-0.4397129281	-0.5976171272	1.116831384	233.6552207
20120617	2012.4604	-0.2041803611	-0.7568482292	1.003591388	254.9023261
20120618	2012.4631	-0.1517530934	-0.9034145107	0.9098614133	260.4646314
20120619	2012.4658	-0.03231370997	-1.031969632	0.885812503	268.206503
20120620	2012.4686	-0.04309815699	-1.142841978	0.8914087021	267.84032
20120621	2012.4713	-0.06580444084	-1.231858758	0.9575670877	266.9422334
20120622	2012.4740	-0.09889022923	-1.297364132	1.060051277	265.6411177
20120623	2012.4768	-0.1362095918	-1.33542021	1.216198784	264.1761113
20120624	2012.4795	-0.1647391119	-1.356118776	1.413818539	263.0737388
20120625	2012.4822	-0.1841483034	-1.354777779	1.660830331	262.2595031
20120626	2012.4850	-0.1831203033	-1.343086941	1.95166831	262.2360031
20120627	2012.4877	-0.02924722567	-1.323830595	2.287291481	268.7343773
20120628	2012.4904	0.01454842791	-1.29554086	2.645966849	270.6433826
20120629	2012.4932	0.1067828812	-1.261189737	2.994166588	274.8395978
20120630	2012.4959	0.1746563418	-1.219389389	3.277163932	278.1511845
20120701	2012.4986	0.245893233	-1.170510953	3.475151078	281.8638078
20120702	2012.5014	0.3281635569	-1.11307507	3.326236689	286.4268915
20120703	2012.5041	0.4047708282	-1.049496691	3.325905686	291.0906744
20120704	2012.5068	0.4848630002	-0.9777619381	3.229754458	296.3763829
20120705	2012.5096	0.5962997064	-0.8940188216	3.027674391	303.7028065
20120706	2012.5123	0.747524773	-0.7994446709	2.730957275	313.0777417
20120707	2012.5150	0.9700309844	-0.6930657943	2.353639409	324.4550279
20120708	2012.5178	1.050154055	-0.5749405129	1.918094431	331.3000856
20120709	2012.5205	1.068949979	-0.4469549826	1.411006136	337.3089636
20120710	2012.5232	1.009590137	-0.3115331545	0.8019073788	342.8511401
20120711	2012.5260	0.9129820377	-0.1711685162	0.1931974796	349.3812914
20120712	2012.5287	0.7936982346	-0.03123288496	-0.5449788026	357.7465117
20120713	2012.5314	0.6619923929	0.1089384325	-1.137687061	9.344922635
20120714	2012.5342	0.5259880947	0.2406162731	-1.212084763	24.58199766
20120715	2012.5369	0.3942366477	0.3660183662	-1.490413166	42.87433617
20120716	2012.5396	0.2891117378	0.4785542992	-2.031662541	58.86232728
20120717	2012.5423	0.229594934	0.5766087328	-2.855548451	68.28846749
20120718	2012.5451	0.2055788979	0.6573615107	-3.645393954	72.63379328
20120719	2012.5478	0.3682932446	0.7167783614	-2.852672853	62.80510926
20120720	2012.5505	0.3738075978	0.7556556038	-3.887619984	63.67932528
20120721	2012.5533	0.423176857	0.7724632006	-4.686804787	61.28484463
20120722	2012.5560	0.3498289057	0.7710085089	-5.385048191	65.59482724
20120723	2012.5587	0.2701399295	0.7484238113	-6.069409729	70.15319906
20120724	2012.5615	0.1852637542	0.7079619404	-6.742847682	75.33533509
20120725	2012.5642	0.09557261501	0.6482208654	-7.297430409	81.61283007
20120726	2012.5669	0.03792553451	0.7414120798	-7.648521887	87.07169495
20120727	2012.5697	-0.05028947733	0.9023413801	-7.77750452	93.18992031
20120728	2012.5724	-0.1240789876	1.044624134	-7.107483211	96.77377559
20120729	2012.5751	-0.08007534741	0.9223610461	-6.633742989	94.96172822
20120730	2012.5779	-0.1804612122	0.6740590016	-5.873394684	104.9879166
20120731	2012.5806	-0.3009785562	0.3749594416	-4.904341776	128.7538836
20120801	2012.5833	-0.5014190994	0.02477064196	-3.741065637	177.1718262
20120802	2012.5861	-0.7220157384	-0.3201918243	-2.517866103	203.9158171
20120803	2012.5888	-0.9317627674	-0.6771305615	-1.260578105	216.0066517
20120804	2012.5915	-1.116740623	-0.9894368632	-0.03177851901	221.5410773
20120805	2012.5943	-1.272449478	-1.280672792	1.14690968	225.1845425
20120806	2012.5970	-1.396488877	-1.501995867	2.1127739	227.0846884
20120807	2012.5997	-1.48228551	-1.683653965	2.954901749	228.6393752
20120808	2012.6025	-1.526538994	-1.788286747	3.531733882	229.5148642
20120809	2012.6052	-1.523854505	-1.844639633	4.352365611	230.4399302
20120810	2012.6080	-1.473100387	-1.833010285	4.428785027	231.2128688
20120811	2012.6107	-1.380823892	-1.767942961	4.317090312	232.0089469
20120812	2012.6134	-1.256042064	-1.644876549	3.932409349	232.6343313
20120813	2012.6162	-1.103499729	-1.467404883	3.421877425	233.0565534
20120814	2012.6189	-0.931883782	-1.237105318	2.839569144	233.0101023
20120815	2012.6216	-0.7466750076	-0.9519683283	2.239838945	231.8911867
20120816	2012.6243	-0.5553882362	-0.6154505885	1.691830983	227.9366172
20120817	2012.6270	-0.3642237219	-0.244375947	1.229525574	213.8596403
20120818	2012.6298	0.03743236441	0.06074296598	0.8213412131	58.35688196
20120819	2012.6325	0.1780678824	0.2963568711	0.490615141	59.00018333
20120820	2012.6352	0.2971177475	0.5225449792	0.2670955448	60.3775498
20120821	2012.6380	0.4032161814	0.6889369475	0.1369374497	59.66071446
20120822	2012.6407	0.4984117683	0.7872372591	0.1625620154	57.66148306
20120823	2012.6434	0.5852352637	0.7956697051	0.5300528458	53.66457447
20120824	2012.6462	0.6647592795	0.7357255477	1.553849556	47.90084745
20120825	2012.6489	0.7383277576	0.7837812356	2.080580845	46.71046801
20120826	2012.6516	0.8027936755	0.6015744675	1.565699258	36.84610209
20120827	2012.6544	0.8534759276	0.341089409	1.018056959	21.7839899
20120828	2012.6571	0.8858620282	0.07778925883	0.3011253515	5.018380878
20120829	2012.6598	0.895189282	-0.1636680517	-0.01053490552	349.6390089
20120830	2012.6626	0.8789787211	-0.3812516418	-0.2393789738	336.5515062
20120831	2012.6653	0.8432484677	-0.563609527	-0.4070159753	326.2420661
20120901	2012.6680	0.7954379407	-0.7107177284	-0.504877203	318.2194553
20120902	2012.6708	0.7444216844	-0.8113861394	-0.5504188159	312.5354193
20120903	2012.6735	0.6978985264	-0.8613620251	-0.5436107142	309.0153154
20120904	2012.6762	0.6630133553	-0.860330676	-0.4885633613	307.6196239
20120905	2012.6790	0.6376187977	-0.8121597887	-0.3994666123	308.1351158
20120906	2012.6817	0.6206555788	-0.7195012163	-0.7148135222	310.7816866
20120907	2012.6844	0.6101722352	-0.5864967623	-0.9582015464	316.1334193
20120908	2012.6872	0.6059776806	-0.411622892	-0.851482566	325.8128804
20120909	2012.6899	0.6077767856	-0.1968865426	-0.6007023966	342.0505027
20120910	2012.6926	0.6158609186	0.04738048792	-0.2248822618	4.399313092
20120911	2012.6954	0.6273638129	0.3071561651	0.1940088731	26.08628478
20120912	2012.6981	0.6185012044	0.5625398394	0.604045335	42.28717839
20120913	2012.7008	0.5624839303	0.5157918687	1.006103611	42.52049725
20120914	2012.7036	0.3910189534	0.5222625262	1.319734664	53.1777319
20120915	2012.7063	0.3223592054	0.4977629	1.583806398	57.07226141
20120916	2012.7090	0.2595019715	0.4357582434	1.697169435	59.22543107
20120917	2012.7117	0.201850936	0.3328691865	1.739929201	58.76749553
20120918	2012.7145	0.1444460109	0.1938851725	1.662167491	53.31359334
20120919	2012.7172	0.09560361394	0.0248435594	1.51694716	14.56670485
20120920	2012.7199	0.01052568486	-0.1670809449	1.29486392	273.6047283
20120921	2012.7227	-0.04493559752	-0.3756609443	1.008645262	263.1788359
20120922	2012.7254	-0.1063782845	-0.5941465452	0.6784546196	259.8490992
20120923	2012.7281	-0.1284949489	-0.8159299327	-0.3504703783	261.0504017
20120924	2012.7309	-0.1757702708	-1.033604974	-1.049218217	260.3488609
20120925	2012.7336	-0.2293215073	-1.23829211	-1.645466905	259.5081582
20120926	2012.7363	-0.2820750141	-1.419988141	-1.586980951	258.7646797
20120927	2012.7391	-0.332497601	-1.570962675	-1.298695388	258.049589
20120928	2012.7418	-0.3817788872	-1.680248504	-0.9460548697	257.1988394
20120929	2012.7445	-0.4316118004	-1.741066615	-0.5955894265	256.0770128
20120930	2012.7473	-0.4461082622	-1.741622355	-0.2860966951	255.6328543
20121001	2012.7500	-0.4815813167	-1.679189848	-0.01339865185	253.9974344
20121002	2012.7527	-0.5042283832	-1.554608994	0.2081454747	252.0298308
20121003	2012.7555	-0.5626092995	-1.380087536	0.3700207084	247.8211428
20121004	2012.7582	-0.5957667343	-1.164370044	0.4458732537	242.9027891
20121005	2012.7609	-0.626226666	-0.9184882532	0.4443496148	235.7137756
20121006	2012.7637	-0.6532001142	-0.651694245	0.3907053939	224.9338798
20121007	2012.7664	-0.6753572291	-0.372620672	0.2199185854	208.8872183
20121008	2012.7691	-0.6872525277	-0.09063525628	0.02320332664	187.5128447
20121009	2012.7719	-0.6997014352	0.1898055081	-0.1775518966	164.8228158
20121010	2012.7746	-0.6988541429	0.4615835981	-0.270219819	146.555784
20121011	2012.7773	-0.6920098776	0.7247689901	-0.3380434743	133.6754288
20121012	2012.7801	-0.6840823412	0.9709748822	0.07242442844	125.1658998
20121013	2012.7828	-0.6733404828	1.20204226	0.002858720313	119.2559676
20121014	2012.7855	-0.6675513822	1.407885863	0.06243428388	115.3680455
20121015	2012.7883	-0.6717914166	1.591948744	0.004059020131	112.8794102
20121016	2012.7910	-0.6792629642	1.742637808	-0.08296180539	111.2953442
20121017	2012.7937	-0.6908499246	1.86478108	-0.1999710808	110.3282774
20121018	2012.7964	-0.6868040981	1.946952417	-0.3389358186	109.4307293
20121019	2012.7992	-0.6950746087	1.997997438	-0.4945643938	109.1820516
20121020	2012.8019	-0.6615405585	2.00790484	-0.646755336	108.235402
20121021	2012.8047	-0.6450891094	1.986429068	-0.7332159887	107.9911078
20121022	2012.8074	-0.5728253311	1.923562092	-0.5635666948	106.5832179
20121023	2012.8101	-0.5020198129	1.828961328	-0.6761554837	105.3487381
20121024	2012.8129	-0.3756106879	1.693359269	-0.173009188	102.5065137
20121025	2012.8156	-0.2415065574	1.528687831	-0.3562547397	98.97755581
20121026	2012.8183	-0.07909198765	1.332796553	-0.4869981114	93.39611382
20121027	2012.8210	0.09490577884	1.120785927	-0.7883686206	85.15986117
20121028	2012.8238	0.2771566093	0.8936390897	-0.9502147697	72.76904815
20121029	2012.8265	0.4646536419	0.6642651688	-0.9534812198	55.02720204
20121030	2012.8292	0.648179507	0.4359319756	-0.9333042399	33.92273429
20121031	2012.8320	1.107445614	0.2190291319	-0.8558322226	11.1875032
20121101	2012.8347	1.474260719	0.01961307278	-1.235276634	0.7621989718
20121102	2012.8374	1.710618443	-0.1567206973	-0.9572503026	354.7653802
20121103	2012.8402	1.688390424	-0.304941261	-0.4029519158	349.7621413
20121104	2012.8429	1.5976248	-0.4204374635	-0.5948398917	345.2561056
20121105	2012.8456	1.461801372	-0.5063345274	-0.1265742381	340.8950857
20121106	2012.8483	1.304745057	-0.556895913	0.4329008151	336.8860693
20121107	2012.8511	1.142338241	-0.5771336352	0.9791620988	333.1961213
20121108	2012.8538	0.9815385293	-0.5664383523	1.520901986	330.0110856
20121109	2012.8565	0.8190761731	-0.5262824427	2.062262525	327.2779678
20121110	2012.8593	0.6610071172	-0.4563510617	2.602489832	325.3792855
20121111	2012.8620	0.5027512117	-0.3636171253	3.141588043	324.1234922
20121112	2012.8647	0.3498576047	-0.2479771662	2.799273664	324.6711933
20121113	2012.8675	0.1994456061	-0.1194755416	2.385194331	329.0767796
20121114	2012.8702	0.05439081842	-0.04809523533	1.957754489	318.5151871
20121115	2012.8729	-0.08734675863	0.03605302817	1.528407415	157.5712462
20121116	2012.8756	-0.2245288041	0.1948902318	1.0946162	139.0421314
20121117	2012.8784	-0.3579218257	0.4193285651	0.3300014759	130.4827247
20121118	2012.8811	-0.4851867583	0.6434679044	-0.6877076622	127.0169723
20121119	2012.8838	-0.6055646761	0.8414505427	-1.02764665	125.7413417
20121120	2012.8866	-0.7175491802	1.004175173	-1.28575652	125.5483005
20121121	2012.8893	-0.8232222762	1.127306724	-1.394557776	126.1390042
20121122	2012.8920	-0.9205845108	1.206666393	-0.4566633637	127.3405719
20121123	2012.8948	-1.01435573	1.238335067	-0.2109711376	129.3218877
20121124	2012.8975	-1.094815518	1.218102468	0.6246153606	131.9488139
20121125	2012.9003	-1.172359727	1.135857982	0.752353695	135.9059898
20121126	2012.9030	-1.226073678	0.971439973	0.3993716579	141.6095889
20121127	2012.9057	-1.265249046	0.7580632473	0.3958796213	149.0724239
20121128	2012.9085	-1.259059085	0.5057436133	0.8928182219	158.115472
20121129	2012.9112	-1.237101185	0.2796456571	1.013719894	167.2624147
20121130	2012.9140	-1.168539871	0.08276324685	1.081714136	175.9487224
20121201	2012.9167	-1.09874908	-0.1053620026	1.074144026	185.477498
20121202	2012.9194	-1.003983958	-0.2927263773	1.00485034	196.2548254
20121203	2012.9221	-0.921710136	-0.4746332667	0.9059567698	207.2461359
20121204	2012.9249	-0.8460934735	-0.6439551128	0.7390059313	217.2744787
20121205	2012.9276	-1.011391377	-0.7975274895	0.5508319834	218.2573647
20121206	2012.9303	-1.10982621	-0.9347804335	0.3332289112	220.1066444
20121207	2012.9331	-1.051717847	-1.057613248	0.1163065171	225.1601364
20121208	2012.9358	-0.9932321044	-1.16452455	-0.09983159807	229.5388786
20121209	2012.9385	-0.9286806633	-1.25642606	-0.2919533201	233.530237
20121210	2012.9413	-0.8661092331	-1.330973795	-0.4589861907	236.9465983
20121211	2012.9440	-0.7943790892	-1.388338669	-0.598349354	240.2226898
20121212	2012.9467	-0.7236584354	-1.426226776	-0.7004760892	243.0970513
20121213	2012.9495	-0.6374848673	-1.446976244	-0.7661818722	246.2234634
20121214	2012.9522	-0.5411627791	-1.448201624	-0.790958094	249.5103315
20121215	2012.9549	-0.4123791049	-1.43421149	-0.7681328556	253.9584589
20121216	2012.9577	-0.2580693231	-1.394793883	-0.6937870879	259.5174928
20121217	2012.9604	-0.07513511222	-1.343025518	-0.5615840248	266.7979446
20121218	2012.9631	0.1207372663	-1.268785483	-0.3785417308	275.4358816
20121219	2012.9658	0.2253648794	-1.186635734	-0.202997879	280.7534974
20121220	2012.9686	0.09132703167	-1.088373054	-0.1737468924	274.796539
20121221	2012.9713	-0.1507115806	-0.9859578262	-0.187634238	261.3091517
20121222	2012.9740	-0.1835168393	-0.8724930197	-0.03772511515	258.1217746
20121223	2012.9767	-0.4900045367	-0.7617722083	0.1853365908	237.2491388
20121224	2012.9795	-0.4856210494	-0.645119087	0.449855346	233.0289608
20121225	2012.9822	-0.4758365531	-0.5372717173	0.7747331971	228.4701824
20121226	2012.9850	-0.4466594843	-0.4240269607	1.117233506	223.5109954
20121227	2012.9877	-0.4046485081	-0.3231770715	1.502132143	218.6130055
20121228	2012.9904	-0.3455955593	-0.2175481222	1.87301178	212.1899064
20121229	2012.9932	-0.2695299989	-0.1264899967	2.255658099	205.14059
20121230	2012.9959	-0.1752528907	-0.03368664019	2.593924466	190.8805334
20121231	2012.9986	-0.06173138164	0.04542542914	2.895366194	143.6522707
20130101	2013.0014	0.06447226075	0.1216728887	3.104281439	62.08169352
20130102	2013.0041	0.1976917913	0.1854373039	3.063606567	43.16800362
20130103	2013.0068	0.3295761836	0.2425692992	2.954018702	36.35320677
20130104	2013.0096	0.4552420056	0.2908603167	2.767265531	32.57506329
20130105	2013.0123	0.5668808864	0.330350332	2.408068172	30.23153119
20130106	2013.0151	0.6586997417	0.3619110525	1.88897393	28.7858244
20130107	2013.0178	0.7215292716	0.3850427077	1.243316997	28.08652498
20130108	2013.0205	0.7582543005	0.4004747314	0.5144672382	27.84093512
20130109	2013.0233	0.7537059491	0.4073325246	-0.2547082393	28.3885425
20130110	2013.0260	0.7299637096	0.407251729	-1.042173882	29.15744568
20130111	2013.0288	0.6600617973	0.3983786038	-1.806422466	31.11297338
20130112	2013.0315	0.5732579866	0.3812126156	-2.543249391	33.62363272
20130113	2013.0342	0.4461931553	0.3607367228	-3.108847051	38.9547283
20130114	2013.0370	0.2974799807	0.3338335538	-3.485228525	48.29568196
20130115	2013.0397	0.1195719354	0.3074678387	-3.680886384	68.74931494
20130116	2013.0425	-0.07752300698	0.2771285076	-3.7081943	105.6282549
20130117	2013.0452	-0.2872320165	0.2507389679	-3.585334364	138.8806914
20130118	2013.0479	-0.4995554761	0.2233712729	-3.319266416	155.9086679
20130119	2013.0507	-0.7043355844	0.2066991549	-2.949833596	163.6447841
20130120	2013.0534	-0.8940522519	0.1943775055	-2.509941131	167.7341052
20130121	2013.0561	-1.057413531	0.1849216076	-2.241235021	170.0803664
20130122	2013.0589	-1.186607189	0.1974578854	-2.281383203	170.5522414
20130123	2013.0616	-1.270867433	0.1245074371	-2.110107187	174.4045639
20130124	2013.0644	-1.302164611	0.0001414975567	-1.91372985	179.993774
20130125	2013.0671	-1.272909339	-0.1759274539	-1.703460937	187.8689384
20130126	2013.0699	-1.187160369	-0.3037382834	-1.467032697	194.3514201
20130127	2013.0726	-1.052280269	-0.3849122342	-1.247003526	200.0919488
20130128	2013.0753	-0.8751217432	-0.4281749513	-0.9999217563	206.0713349
20130129	2013.0781	-0.6625384063	-0.4305086894	-0.8012587728	213.0152781
20130130	2013.0808	-0.4215185803	-0.4150500256	-0.9635815133	224.5569837
20130131	2013.0836	-0.1587681506	-0.366161375	-1.182241503	246.5583688
20130201	2013.0863	0.1190182924	-0.3076848489	-1.460863922	291.1474086
20130202	2013.0891	0.4021782134	-0.2229563498	-1.549408133	330.9972401
20130203	2013.0918	0.6715944838	-0.1341514719	-1.630007853	348.7038023
20130204	2013.0945	0.8947201778	-0.02935346393	-1.556295309	358.1209471
20130205	2013.0973	1.033076987	0.07241485889	-1.411192138	4.009662727
20130206	2013.1000	0.9394041949	0.1667738818	-1.176152754	10.06692175
20130207	2013.1027	0.9773346144	0.2524475884	-0.9979229531	14.48305624
20130208	2013.1055	0.9440679858	0.2922004119	-0.5794741487	17.19792603
20130209	2013.1082	0.8507247413	0.3206604116	-0.01196584321	20.6527387
20130210	2013.1110	0.7129211036	0.3131481902	0.5204162222	23.71332067
20130211	2013.1137	0.5465868509	0.2929287348	1.001054121	28.18790308
20130212	2013.1164	0.3668341195	0.236694029	1.414494582	32.83150342
20130213	2013.1192	0.1344906644	0.1529257942	1.747741625	48.66997147
20130214	2013.1219	-0.1318936592	0.0627157488	1.986044208	154.5688011
20130215	2013.1247	-0.3264894907	-0.02322083641	2.114690088	184.0681841
20130216	2013.1274	-0.4614609116	-0.1032066781	2.119792929	192.6068518
20130217	2013.1301	-0.5417665843	-0.1626589224	1.993308147	196.7117545
20130218	2013.1329	-0.5815956481	-0.1505510454	1.752688608	194.5129437
20130219	2013.1356	-0.5812966567	-0.08131665959	1.420933914	187.963339
20130220	2013.1384	-0.5504909131	0.03311026936	1.022390909	176.5579886
20130221	2013.1411	-0.4904891335	0.1974689755	0.5801641359	158.0704802
20130222	2013.1438	-0.4085546644	0.3968419377	0.1193311017	135.8331827
20130223	2013.1466	-0.3049201361	0.6499291649	-0.3389197405	115.1340457
20130224	2013.1493	-0.1873023742	0.9366300761	-0.7670021781	101.3085419
20130225	2013.1521	-0.06234702452	1.201191102	-1.158638039	92.97123298
20130226	2013.1548	0.06239876938	1.409505815	-1.501628602	87.46517308
20130227	2013.1575	0.1797731874	1.604046931	-1.79374362	83.60527391
20130228	2013.1603	0.2834586105	1.767111076	-2.028361301	80.88693588
20130301	2013.1630	0.3687559483	1.889872833	-2.219501621	78.95905183
20130302	2013.1658	0.4368457244	1.955281161	-2.335765745	77.40589993
20130303	2013.1685	0.4903048298	1.956394578	-2.321208231	75.93051445
20130304	2013.1712	0.5315539164	1.978897647	-2.0590633	74.96462066
20130305	2013.1740	0.5630673894	1.926247536	-1.125138277	73.70566708
20130306	2013.1767	0.5873478405	1.755738001	-0.5414095322	71.5033421
20130307	2013.1795	0.6068908158	1.506120132	0.08424133464	68.05303934
20130308	2013.1822	0.6232303354	1.22669576	0.7788144172	63.06687292
20130309	2013.1849	0.6325525228	0.9261862956	1.522535889	55.66830408
20130310	2013.1877	0.6296206619	0.6371841494	2.249546341	45.34208172
20130311	2013.1904	0.6103753722	0.375146659	2.945067602	31.57556215
20130312	2013.1932	0.5698769083	0.164827493	3.837026349	16.13164044
20130313	2013.1959	0.5032458042	-0.01851648285	4.642940679	357.8928032
20130314	2013.1986	0.4062236552	-0.1550809024	5.068820269	339.1050258
20130315	2013.2014	0.2732945545	-0.2629625039	5.267782965	316.1037797
20130316	2013.2041	0.1039157623	-0.3240082144	5.28991741	287.7820604
20130317	2013.2068	-0.08915210548	-0.3453137346	5.134343324	255.5236572
20130318	2013.2096	-0.2902901796	-0.3171682447	4.808223111	227.5334999
20130319	2013.2123	-0.4838464045	-0.291358601	4.342308009	211.05516
20130320	2013.2151	-0.6571842276	-0.322091436	3.787879326	206.1098569
20130321	2013.2178	-0.7953130666	-0.4703127444	3.184030642	210.5981803
20130322	2013.2205	-0.8840303542	-0.7857751144	2.591848655	221.632466
20130323	2013.2233	-0.9118000877	-0.9258331139	2.001033472	225.4375289
20130324	2013.2260	-0.8790093054	-1.036187473	1.43187285	229.6916894
20130325	2013.2288	-0.7952053057	-1.130166934	0.8830601645	234.8691079
20130326	2013.2315	-0.6705514115	-1.193262128	0.3760395966	240.6662723
20130327	2013.2342	-0.5124864702	-1.240128539	-0.07683443052	247.5470068
20130328	2013.2370	-0.332781169	-1.257916716	-0.4611243528	255.1818966
20130329	2013.2397	-0.1411346496	-1.257715934	-0.7519608527	263.5973365
20130330	2013.2425	0.05270641313	-1.23208499	-1.017216495	272.4495185
20130331	2013.2452	0.240759795	-1.188455005	-1.262823273	281.4521188
20130401	2013.2479	0.4181252442	-1.120915492	-1.641527728	290.4565818
20130402	2013.2507	0.5807019245	-1.039673878	-2.120281511	299.1852094
20130403	2013.2534	0.7243456512	-0.9392187059	-2.899919287	307.6401816
20130404	2013.2562	0.8450240348	-0.8406713204	-3.307220143	315.1479458
20130405	2013.2589	0.938562616	-0.7312415064	-3.742879937	322.0775636
20130406	2013.2616	1.00098397	-0.6412111807	-4.036873441	327.3571527
20130407	2013.2644	1.028507362	-0.5483023649	-4.329688098	331.9377017
20130408	2013.2671	1.020293746	-0.4918130873	-4.492389138	334.2644978
20130409	2013.2699	0.9771552488	-0.4419447569	-4.606167372	335.6638587
20130410	2013.2726	0.9009825366	-0.4436965927	-4.607464449	333.7816631
20130411	2013.2753	0.7931900957	-0.4621512651	-4.510491568	329.7728344
20130412	2013.2781	0.655771001	-0.5413819745	-4.305691495	320.458092
20130413	2013.2808	0.4903198834	-0.6323948575	-3.980595143	307.7877881
20130414	2013.2836	0.2987168662	-0.7674658103	-3.557010419	291.2672306
20130415	2013.2863	0.08271851014	-0.8967269987	-3.031599166	275.2703297
20130416	2013.2890	-0.1529607104	-1.050991815	-2.479227464	261.7193466
20130417	2013.2918	-0.3917969969	-1.181082261	-1.843400571	251.6479183
20130418	2013.2945	-0.6130255226	-1.317447534	-1.259781213	245.0468267
20130419	2013.2973	-0.800344682	-1.410227751	-0.630381588	240.4238469
20130420	2013.3000	-0.9412088154	-1.490117186	-0.1066622525	237.7220971
20130421	2013.3027	-1.025480205	-1.507826452	0.4013565286	235.780187
20130422	2013.3055	-1.041068612	-1.495758293	0.7674276191	235.1615454
20130423	2013.3082	-0.9818325649	-1.417456856	0.9539115672	235.2907415
20130424	2013.3110	-0.8556028651	-1.28700327	0.9768623926	236.3839446
20130425	2013.3137	-0.6820210009	-1.100563082	0.246912155	238.2134274
20130426	2013.3164	-0.47469185	-0.8552882186	-0.04085497194	240.9693725
20130427	2013.3192	-0.2558558155	-0.6583821723	0.2943020068	248.7632307
20130428	2013.3220	-0.02451360888	-0.391014315	0.3296148791	266.4126874
20130429	2013.3247	-0.001850737582	0	-0.5487746102	180
20130430	2013.3274	0.00621002464	0	-0.5534306091	0
