# YYYYMMDD	YYYY.DECM	N_filt(mm)	E_filt(mm)	U_filt(mm)	Azimuth(deg)
20130101	2013.0014	0	0.4085850006	6.904460327	90
20130102	2013.0041	0.7917033079	0.4124760952	6.882192501	27.51943814
20130103	2013.0068	0.3554700898	0.405487852	1.746404125	48.76064169
20130104	2013.0096	0.6474672869	0.3891834274	1.666684298	31.00948086
20130105	2013.0123	0.557587239	0.3650294765	1.158120051	33.2111225
20130106	2013.0151	0.7065267117	1.486139753	1.514763173	64.57308636
20130107	2013.0178	0.4807814114	1.538917334	1.488097344	72.65039359
20130108	2013.0205	0.9424933078	1.489231129	1.71799766	57.67140862
20130109	2013.0233	0.8875026397	1.35785092	1.951352399	56.83103582
20130110	2013.0260	1.184590644	1.667889444	2.595138071	54.61636156
20130111	2013.0288	0.8073807106	0.9600338452	2.439875918	49.93643556
20130112	2013.0315	0.8154275097	0.7940690803	1.722570328	44.23971505
20130113	2013.0342	0.9425822631	0.4006934834	1.30816426	23.03043562
20130114	2013.0370	0.5577290516	0.2038294028	0.4006948761	20.07549428
20130115	2013.0397	0.4073227208	-0.03448136	0.4020928551	355.161239
20130116	2013.0425	0.2393881041	-0.2532730087	0.3266444926	313.3856329
20130117	2013.0452	0.05858153754	-0.4535318827	-0.08608301762	277.3599959
20130118	2013.0479	-0.1300836043	-0.6296759062	0.122089895	258.3275746
20130119	2013.0507	-0.4061348008	-0.7761487648	-0.7376150097	242.3783196
20130120	2013.0534	-0.4518199799	-0.8874066637	0.7603496467	243.0172407
20130121	2013.0562	-0.4690316337	-1.014682755	-2.021737522	245.1915141
20130122	2013.0589	-0.8653820241	-0.9507802734	-1.993300687	227.6921371
20130123	2013.0616	-1.271921693	-0.9844224578	-2.40467008	217.7386053
20130124	2013.0644	-1.335130016	-0.9535132621	-2.746550643	215.5333858
20130125	2013.0671	-1.055294194	-0.9040076423	-2.548950191	220.5846948
20130126	2013.0699	-1.395189132	-0.7429843974	-2.460270261	208.0367788
20130127	2013.0726	-1.709084792	-0.8281007397	-2.464592478	205.8515229
20130128	2013.0753	-1.807895583	-0.7326363628	-2.431151369	202.0598893
20130129	2013.0781	-1.739457914	-0.6759313577	-2.36177794	201.2354972
20130130	2013.0808	-1.664728057	-0.6148031292	-2.05110179	200.2697653
20130131	2013.0836	-1.550554461	-0.5461581914	-2.124811204	199.4040031
20130201	2013.0863	-1.479149332	-0.4668750219	-1.946830736	197.517651
20130202	2013.0890	-1.072850666	-0.1755728727	-1.888230226	189.2941143
20130203	2013.0918	-1.214505703	-0.2900341932	-1.61104335	193.4311619
20130204	2013.0945	-1.074090041	-0.2164703491	-1.34675692	191.394659
20130205	2013.0973	-1.019308333	-0.1622823104	-1.261532508	189.0460407
20130206	2013.1000	-0.6802218796	-0.1322964636	-1.082151356	191.0060648
20130207	2013.1027	-1.56060085	-0.1313633591	0.6194105313	184.8115218
20130208	2013.1055	-0.8954305171	-0.1643147034	-2.85503469	190.3982946
20130209	2013.1082	-0.8995963399	-0.2359663712	-0.7391708545	194.6977171
20130210	2013.1110	-1.180428545	-0.4772067019	-0.6989078547	202.0117915
20130211	2013.1137	-1.015028635	-0.3434313917	-0.6949582412	198.6930691
20130212	2013.1164	-0.9579678502	-0.6032463561	-0.7203590937	212.1992208
20130213	2013.1192	-0.9983054584	0	-0.7681512043	180
20130214	2013.1219	-0.9979768694	-0.5351460088	-0.8313762931	208.2015833
20130215	2013.1247	-1.046028441	0.7427440637	-1.097358727	144.6229223
20130216	2013.1274	-0.9894018548	0.2971904316	2.414451054	163.2811071
20130217	2013.1301	-0.9455821489	0.4001179009	-1.968605475	157.0646148
20130218	2013.1329	-1.273763672	1.246669436	-0.8600636283	135.6158964
20130219	2013.1356	-0.8010015478	1.287358864	-0.9734588454	121.8900941
20130220	2013.1384	-0.6026346978	0.6550667248	-1.12374214	132.6127917
20130221	2013.1411	-0.5919933098	0.7242937416	-4.434449218	129.2604587
20130222	2013.1438	-0.4710459771	0.7866717618	-1.395862739	120.9124738
20130223	2013.1466	-0.3728639408	0.8428164449	-1.525348621	113.8647091
20130224	2013.1493	0.01867022413	0.8934593676	-1.311530051	88.80288973
20130225	2013.1521	-0.1037290894	0.9389049724	-1.532440963	96.304402
20130226	2013.1548	0.04790121007	0.9761478041	-0.7162108578	87.19065355
20130227	2013.1575	0.11787968	1.001948644	-1.662894017	83.28997317
20130228	2013.1603	0.2355962883	1.013672532	-1.624523096	76.91569534
20130301	2013.1630	0.3353845147	1.008940164	-1.588354955	71.61253832
20130302	2013.1658	0.4226467731	0.5452101551	-1.435312884	52.21716634
20130303	2013.1685	0.492928011	0.3250513954	-1.48336225	33.40204618
20130304	2013.1712	0.541982931	0.1281954897	-1.226823756	13.30762431
20130305	2013.1740	0.5757623615	-0.03948594034	-1.038438745	356.0767827
20130306	2013.1767	0.215235348	-0.2253533665	-0.7972135052	313.6844468
20130307	2013.1795	0.1349349394	-0.2635649826	-1.9762643	297.1106669
20130308	2013.1822	0.4367090933	-0.7563622841	-0.017481032	300.0013138
20130309	2013.1849	0.3916796495	-0.6581882169	0.2333548088	300.7563524
20130310	2013.1877	0.2999016879	0.03161716392	0.9329166845	6.018182432
20130311	2013.1904	0.1983316734	-0.1712769567	0.9046880351	319.1864862
20130312	2013.1932	0.05804632573	-0.4710202905	1.64803698	277.0254404
20130313	2013.1959	-0.01080030555	-0.4085282402	2.030363422	268.485618
20130314	2013.1986	-0.04579920331	0.145191512	2.328897334	107.5073563
20130315	2013.2014	-0.2098633327	-0.3468108177	2.512884253	238.8208873
20130316	2013.2041	-0.3421966838	-0.3096235029	2.415467839	222.139158
20130317	2013.2068	-0.3376134595	0.337680059	2.514161906	134.9943493
20130318	2013.2096	-0.2145038373	-0.2360365935	2.226885231	227.7362649
20130319	2013.2123	0.0961686835	-0.1994017874	4.072528943	295.7473609
20130320	2013.2151	-0.1922620146	-0.1605424064	1.716757616	219.8625178
20130321	2013.2178	-0.1513435339	-0.1176128508	-0.4392671869	217.851674
20130322	2013.2205	-0.08998679731	-0.07046720409	2.724392349	218.0639208
20130323	2013.2233	-0.008440132433	-0.4947797734	-0.3727224366	269.0227226
20130324	2013.2260	0.09248833608	0	-0.4963950572	0
20130325	2013.2288	0.2118753883	0.1192290948	-0.164442448	29.36785714
20130326	2013.2315	0.3487978045	-0.579506001	-0.08930409178	301.0432373
20130327	2013.2342	0.502425953	0.04028611332	0.05172981515	4.584350109
20130328	2013.2370	0.835428293	0.07233364942	0.267644875	4.948483201
20130329	2013.2397	0.8231081068	0.1358036126	1.042822357	9.368759966
20130330	2013.2425	1.036396508	0.2141290333	0.8645214036	11.673579
20130331	2013.2452	1.046301515	0.3055444844	0.6647049406	16.27903769
20130401	2013.2479	1.358392576	0.1410087481	0.7394813481	5.926396418
20130402	2013.2507	1.5660214	1.086292972	0.6137514008	34.74766013
20130403	2013.2534	1.715692943	1.263882767	0.5296748953	36.37759764
20130404	2013.2562	1.845343723	0.9283598935	0.4395383746	26.70616234
20130405	2013.2589	1.950694853	0.7907509058	0.3485357544	22.06610012
20130406	2013.2616	2.033623903	0.6160958169	0.262918184	16.85442863
20130407	2013.2644	2.086773565	0.3689404574	0.1889489239	10.02625313
20130408	2013.2671	2.108942927	0.2236425864	0.1329133322	6.053300524
20130409	2013.2699	2.097468594	0.07056196831	0.1011261237	1.92678872
20130410	2013.2726	2.050616906	-0.2456204769	0.09992771012	353.1697196
20130411	2013.2753	1.969304819	-0.798419269	0.134682141	337.9307898
20130412	2013.2781	1.855869167	-0.8408983657	0.2054961028	335.6246161
20130413	2013.2808	1.714453008	-1.014141976	0.3060662186	329.3946202
20130414	2013.2836	1.549627738	-1.121226152	0.4287301199	324.1125511
20130415	2013.2863	1.365964755	-0.5024357434	0.5658254381	339.8052251
20130416	2013.2890	1.123548407	-0.4958950282	0.7096898045	336.1850114
20130417	2013.2918	1.029965274	-0.4688554115	0.6565226168	335.5242706
20130418	2013.2945	0.7347905994	-0.7172972491	2.092037776	315.6902108
20130419	2013.2973	0.5651899902	-1.338759238	2.331674168	292.8882302
20130420	2013.3000	0.3664840298	-0.2908581225	2.342072337	321.5629113
20130421	2013.3027	0.2560934111	-0.2079378696	2.568171195	320.9247471
20130422	2013.3055	0.08085799008	-0.1175762001	2.17844412	304.5165805
20130423	2013.3082	-0.01420974826	0	1.926789546	180
20130424	2013.3110	1.081135974	0.6087650575	-0.05985225364	29.38295174
20130425	2013.3137	-0.09283453581	0.7679402688	1.238478673	96.89290781
20130426	2013.3164	-0.09071781282	0.7985327165	0.7769819981	96.48133526
20130427	2013.3192	-0.07332422567	0.7827794369	1.391532878	95.35137385
20130428	2013.3219	-0.02069328748	0.7289217326	-0.06389998705	91.6261275
20130429	2013.3247	-0.09285551524	0.2245669665	0.7867187894	112.464457
20130430	2013.3274	0.5912138426	0.1763970547	-0.1030355627	16.61322069
20130501	2013.3301	0.5345343174	-0.02607897254	0.4218505077	357.2068562
20130502	2013.3329	0.5634733756	-0.200641482	0.2624297068	340.4002131
20130503	2013.3356	0.007526405586	0.0595094388	0.9772146505	82.79183574
20130504	2013.3384	-0.404058996	-0.4725543469	-0.2356369097	229.4678044
20130505	2013.3411	-0.2957491264	-0.5600682512	-0.8373641032	242.163299
20130506	2013.3438	0.04182630215	-0.6091011767	-0.7696171482	273.9282709
20130507	2013.3466	-0.1134225874	-0.615073593	-0.945768892	259.5517535
20130508	2013.3493	-0.2420573496	-0.5733883403	-1.382157422	247.1128364
20130509	2013.3521	0.03640720981	0.6583267893	-1.350890395	86.83461646
20130510	2013.3548	-0.2300513083	-0.3664196803	-1.520964048	237.8779361
20130511	2013.3575	-0.2305629606	0	-1.673721682	180
20130512	2013.3603	-0.8392529492	-0.2649657958	-2.385226109	197.5217534
20130513	2013.3630	-0.1340318213	0.07243010542	-1.949605261	151.6134411
20130514	2013.3658	0.5146109961	0.1777362885	-2.083889393	19.05388295
20130515	2013.3685	0.5830888568	0.3189641771	-2.223173877	28.67976148
20130516	2013.3712	-0.1732734128	-0.1855919132	-1.846453397	226.9659773
20130517	2013.3740	0.2031330614	-0.219717951	-2.449262128	312.7539196
20130518	2013.3767	0.2476491518	0.03871990525	-2.697162983	8.886243142
20130519	2013.3795	0.3155368681	-0.3251949928	-2.846737928	314.1364127
20130520	2013.3822	0.3747758729	-0.3856392455	-2.972881856	314.181522
20130521	2013.3849	0.5312809293	-0.4428873134	-3.064532052	320.1846794
20130522	2013.3877	0.4722996597	-0.5136858691	-5.089910965	312.5964515
20130523	2013.3904	0.5775323599	-0.4202925538	-2.104989484	323.9551745
20130524	2013.3932	0.6673711295	-0.03377032022	-1.755950469	357.1031892
20130525	2013.3959	1.70164437	-1.187246001	-1.43840551	325.096321
20130526	2013.3986	0.6739277465	-0.4368761983	-1.151300388	327.0465239
20130527	2013.4014	0.8563862937	-0.4178418499	-0.893580884	333.9916586
20130528	2013.4041	0.860046489	-0.155727738	-0.6641927783	349.7367116
20130529	2013.4068	0.8376126463	0.2107636476	-0.4598219844	14.12379793
20130530	2013.4096	1.682621288	0.2960689187	0.9230292387	9.979437085
20130531	2013.4123	0.5038508092	0.373381289	-1.440559408	36.54048936
20130601	2013.4151	0.3564594427	1.046080874	0.15542953	71.18309414
20130602	2013.4178	-0.5212964783	-0.09084865598	-2.106438025	189.8859048
20130603	2013.4205	0.3071236852	0.5586116367	0.1230713259	61.198083
20130604	2013.4233	0.4349389029	0.6052030454	-0.09345594849	54.29647897
20130605	2013.4260	-0.5767962423	1.228462984	0.1823048854	115.1513116
20130606	2013.4288	-0.4987272593	0.6773242009	-0.491291929	126.3649537
20130607	2013.4315	-0.4907335748	0.7044230038	0.8871122778	124.8628495
20130608	2013.4342	-0.557459277	0.7269468986	1.153575344	127.482797
20130609	2013.4370	-0.6590747092	0.7460644078	2.170667343	131.4574399
20130610	2013.4397	-0.6913797052	0.7629440534	3.05817479	132.1828622
20130611	2013.4425	-0.6834928525	1.197936192	6.11356178	119.7072932
20130612	2013.4452	-0.7907845907	0.5235828151	4.993962938	146.4912388
20130613	2013.4479	-0.5698751131	0.5287159604	6.0549792	137.1456057
20130614	2013.4507	-0.3747337643	0.5608715461	6.514222832	123.7479786
20130615	2013.4534	-1.417199867	-0.3065124418	7.386143018	192.2039776
20130616	2013.4562	-0.9498208376	0.6993422262	7.558090159	143.6362087
20130617	2013.4589	-0.8372185772	0.9067752533	6.163095805	132.7160511
20130618	2013.4616	0.04332573016	0.9215738443	5.089379576	87.30834912
20130619	2013.4644	-0.471579456	0.9280729738	4.433861457	116.9363787
20130620	2013.4671	0.2292139381	0.9237542855	3.966995688	76.06447854
20130621	2013.4699	0.3124861802	0.9060982775	3.217135029	70.97221831
20130622	2013.4726	-0.9034703196	0.6467428796	3.105329863	144.4032847
20130623	2013.4753	-0.8588795082	0.8211582149	1.785168742	136.2862258
20130624	2013.4781	-0.106402244	1.069993426	0.757500177	95.67893465
20130625	2013.4808	-0.06929489519	0.8179211658	-0.1392068479	94.84257751
20130626	2013.4836	-0.04144607858	0.6705350974	-0.8454480145	93.53697833
20130627	2013.4863	-0.02634599689	0.6952526163	-1.3447476	92.17013569
20130628	2013.4890	0.7411906562	0.3105026144	-1.285099214	22.72998368
20130629	2013.4918	-0.04835284911	0.1751672756	-0.009280861839	105.4315357
20130630	2013.4945	-0.09099908518	-0.05703309906	-1.720623765	212.077168
20130701	2013.4973	-0.9100774557	-0.08647988192	-1.535476117	185.4282178
20130702	2013.5000	-0.2854348156	-0.3581316935	-1.227764555	231.4447773
20130703	2013.5027	-0.2451436129	-0.07457940136	0.04424824838	196.9211973
20130704	2013.5055	-1.076655567	-0.2009097535	-0.7960800104	190.5701318
20130705	2013.5082	0.2298172093	-0.4562416989	-0.7926748029	296.7352235
20130706	2013.5110	-0.4904756887	-1.31653785	-6.092425092	249.5671406
20130707	2013.5137	-0.5189820926	-0.6172195618	-0.6614161129	229.9415782
20130708	2013.5164	-0.1479180901	-1.735405167	-0.4349731771	265.1281422
20130709	2013.5192	-0.4990038442	-1.045191785	-0.6768461091	244.4788832
20130710	2013.5219	-0.4558007332	-1.50257088	-0.4075130704	253.1249707
20130711	2013.5247	-0.4332181776	-0.8273655636	-0.4550271738	242.3629256
20130712	2013.5274	-0.3200353747	-1.01824265	-0.3172450601	252.5519791
20130713	2013.5301	-0.2343345665	-0.968347927	-0.2587304508	256.3962802
20130714	2013.5329	-0.1413284181	-0.8904137757	-0.2196473519	260.9811233
20130715	2013.5356	0.2827858371	-0.7860441533	-0.2060329316	289.7866113
20130716	2013.5384	0.05266664948	-0.6600128791	-3.378182547	274.5623296
20130717	2013.5411	0.2084514714	0.05782065396	0.69270106	15.50304865
20130718	2013.5438	-0.1484756126	-0.3674632391	2.858660043	247.9985487
20130719	2013.5466	0.3178954695	-0.2130835897	-2.805372529	326.1662699
20130720	2013.5493	0.3948041705	0	-3.965576297	0
20130721	2013.5521	0.4649037586	0	1.532715768	0
20130722	2013.5548	-0.5927081573	0.2235120848	-1.179877445	159.338385
20130723	2013.5575	0.5821348118	0.3549527732	-1.457498415	31.37246862
20130724	2013.5603	0.5470761925	0.479921901	0.8379551874	41.25881713
20130725	2013.5630	0.6656998432	0.5991037988	-0.7578260196	41.98597327
20130726	2013.5658	0.2509952103	0.7131483954	-0.7941155715	70.6102923
20130727	2013.5685	0.7202244964	0.5602811171	-3.809867191	37.88026264
20130728	2013.5712	0.7407122872	0.7580546644	-1.210580036	45.66294541
20130729	2013.5740	0.2043184269	0.8970767529	-1.667519625	77.16917561
20130730	2013.5767	1.998652297	1.063068872	-1.919269761	28.00819236
20130731	2013.5795	0.7829607732	1.097435137	-2.547108513	54.49419063
20130801	2013.5822	0.7969202732	1.196115062	-2.954569912	56.32617753
20130802	2013.5849	0.8133711125	1.218775238	-3.49193252	56.2821378
20130803	2013.5877	0.805874178	1.194918283	-3.968893519	56.00357193
20130804	2013.5904	0.8517016072	1.129405491	-7.934071185	52.97950648
20130805	2013.5932	1.106836586	1.027550347	-7.317025212	42.87260735
20130806	2013.5959	0.8081515018	0.8946660604	-5.026411895	47.9085092
20130807	2013.5986	1.772849668	0.7361592309	-2.987359793	22.55021099
20130808	2013.6014	-0.5459758627	0.557075095	-5.929994525	134.423492
20130809	2013.6041	0.5727240131	1.260382091	-6.151969897	65.56271167
20130810	2013.6068	0.4207109877	-0.2826638702	-6.283204355	326.1039577
20130811	2013.6096	0.2369261486	-0.08861097561	-6.296073837	339.4940768
20130812	2013.6123	-0.1245782514	-0.3417971116	-6.167129704	249.9742075
20130813	2013.6151	-0.1484826178	-0.6611313746	-5.87478383	257.3420502
20130814	2013.6178	-0.3955238226	-0.8111137939	-5.397449281	244.0047255
20130815	2013.6205	0.682608306	-0.9357921364	-4.713540966	306.1086707
20130816	2013.6233	-1.018709769	-0.9516296218	-3.817725866	223.05012
20130817	2013.6260	-2.200086628	-1.087714965	-2.281426595	206.307627
20130818	2013.6288	0.1061427526	-1.108423284	-1.611010524	275.4699718
20130819	2013.6315	0.1981069038	-1.121896165	-1.519118283	280.014182
20130820	2013.6342	-1.078207565	-1.046624143	-0.06373667793	224.1484203
20130821	2013.6370	-1.041175111	-1.90870319	1.505535473	241.3880532
20130822	2013.6397	-0.9634898043	-0.8427090911	2.783245089	221.1743206
20130823	2013.6425	-1.081438945	-0.7074942772	2.749953781	213.1933393
20130824	2013.6452	1.393655089	-1.017471352	4.480860707	323.8677898
20130825	2013.6479	0.6235568076	-1.628297006	3.346638797	290.9543559
20130826	2013.6507	0.1711377125	0.000685325565	3.493754163	0.2294412611
20130827	2013.6534	-0.5364191274	0.120705251	5.42564803	167.3185036
20130828	2013.6562	-0.05941083719	0.2581062396	1.35898146	102.9625472
20130829	2013.6589	0.3809489288	-1.051749329	3.402517336	289.9106431
20130830	2013.6616	0.592456935	0.257089955	3.678287837	23.45788488
20130831	2013.6644	0.7762288423	0.3998430421	5.334313258	27.25343707
20130901	2013.6671	0.9215370813	0.4150835022	5.102048901	24.24800055
20130902	2013.6699	1.020420959	0.4515510934	4.740867526	23.87008589
20130903	2013.6726	1.074685521	0.3837587316	4.855565085	19.65110402
20130904	2013.6753	1.088577247	0.4264521825	3.044892282	21.39285568
20130905	2013.6781	1.066342706	0.4881266579	3.201578161	24.59630636
20130906	2013.6808	1.012227162	0.5715383568	3.213278657	29.45057072
20130907	2013.6836	0.9304757297	0.9893462455	2.38140891	46.75640007
20130908	2013.6863	0.8260195872	1.067073629	1.969074585	52.25661685
20130909	2013.6890	0.7067171516	1.693101292	1.623461166	67.3438625
20130910	2013.6918	0.58069177	1.113523106	1.390790305	62.45838501
20130911	2013.6945	-0.452063692	1.825346083	1.388137629	103.9099437
20130912	2013.6973	0.7584604487	0.9300785042	1.627016265	50.80344329
20130913	2013.7000	0.1193504925	0.2863797823	3.992547534	67.37577394
20130914	2013.7027	0.09880852987	0.7485555265	4.147384833	82.48048983
20130915	2013.7055	-0.09382907712	0.6389273305	4.051040146	98.35440245
20130916	2013.7082	-0.2307726865	0.5200871941	4.418759896	113.9277816
20130917	2013.7110	-0.3960434089	0.39452709	4.47197043	135.1098935
20130918	2013.7137	-0.5044718035	0.264739185	4.453960939	152.3101894
20130919	2013.7164	-0.6253997003	0.1332164228	4.348657488	167.9751424
20130920	2013.7192	-0.7419570425	0	4.078107562	180
20130921	2013.7219	-0.8435602532	0	3.839068035	180
20130922	2013.7247	-0.9272836047	-0.4471765179	6.480217231	205.7453883
20130923	2013.7274	-0.9915908149	-0.5568800822	4.000448288	209.3186843
20130924	2013.7301	-1.035172286	-0.6387251753	2.335378125	211.6755429
20130925	2013.7329	-1.056711227	-0.6968395192	6.088697434	213.402526
20130926	2013.7356	-1.377224233	-0.7352938258	1.964915587	208.0975581
20130927	2013.7384	-1.028394341	-0.7129566225	1.473676166	214.7324719
20130928	2013.7411	-0.6537230613	-1.129915842	0.5184586607	239.9480827
20130929	2013.7438	-0.8968772175	-0.4383900351	-0.2599592811	206.0492017
20130930	2013.7466	-0.6704157573	-0.522162223	-0.977527732	217.9137157
20131001	2013.7493	-0.6719412	-0.7740955032	-1.644176888	229.040909
20131002	2013.7521	-0.5351090585	-0.7727649658	-4.428782977	235.2989362
20131003	2013.7548	-0.2444781916	-0.7678563056	-2.600296462	252.3390164
20131004	2013.7575	0.02693793116	-0.7578352527	-3.067434727	272.0357726
20131005	2013.7603	0.05254591295	-0.8006195523	-4.458194437	273.7550262
20131006	2013.7630	0.2540466231	-0.7175533858	-3.692492306	289.4962851
20131007	2013.7658	0.3827016602	-0.6853513094	-3.117378927	299.1790858
20131008	2013.7685	0.4883431668	-0.6450109732	-0.8436030309	307.1296662
20131009	2013.7712	0.5639512048	-0.522406617	-1.05276168	317.1900429
20131010	2013.7740	0.5468506666	-0.5410172276	-1.072923575	315.3072324
20131011	2013.7767	0.6329846585	-0.6526486667	-2.277179053	314.1237184
20131012	2013.7795	0.7058977514	-0.4077755603	-1.113519	329.9862864
20131013	2013.7822	0.7663513579	-0.3311994324	-1.143665276	336.6271096
20131014	2013.7849	0.8369088432	-0.2507500045	-1.189926279	343.321023
20131015	2013.7877	0.8298364618	-0.1719860637	-1.254822488	348.2910497
20131016	2013.7904	1.157552371	-0.1011341368	-1.33931511	355.006807
20131017	2013.7932	0.6234054244	-0.04442075066	-1.3742109	355.924278
20131018	2013.7959	0.9057036918	-0.03950180521	-2.393360697	357.5026565
20131019	2013.7986	0.9027595409	0	-1.774394203	0
20131020	2013.8014	0.890292563	0	-1.892473857	0
20131021	2013.8041	0.8690091279	0.6920679769	-2.25344567	38.53337653
20131022	2013.8068	0.839615605	0.343119445	-2.230782964	22.22799538
20131023	2013.8096	0.8028183642	0.4543124565	-2.958807616	29.50538871
20131024	2013.8123	0.759323775	0.5385242963	-2.719374796	35.34486207
20131025	2013.8151	1.455295219	1.724381664	-2.918056925	49.83724296
20131026	2013.8178	1.379831245	0.6623830977	-3.900238759	25.64316904
20131027	2013.8205	1.298074629	0.2670272149	-3.248251214	11.62417212
20131028	2013.8233	1.211262696	1.164425381	-4.300431792	43.87054495
20131029	2013.8260	1.120937822	0.7566874219	-3.43425871	34.02125993
20131030	2013.8288	1.028642376	1.251693498	-2.380420465	50.58661645
20131031	2013.8315	0.9359187342	1.414905596	-2.504126672	56.51652793
20131101	2013.8342	0.8443092674	1.081660972	-2.810294759	52.02556311
20131102	2013.8370	0.7553563487	1.110012726	-3.737376944	55.76497072
20131103	2013.8397	1.277334629	1.118555087	-3.361248898	41.20845895
20131104	2013.8425	1.157015478	1.111404586	-3.081953937	43.84811478
20131105	2013.8452	-0.07743789592	1.092648476	-3.420445744	94.05387324
20131106	2013.8479	0.4417180146	1.066333353	-3.570104758	67.49870311
20131107	2013.8507	0.3720374012	1.03623052	-3.678559175	70.25036103
20131108	2013.8534	0.8487186421	1.332523909	-3.733178677	57.50589445
20131109	2013.8562	0.5202946335	0.9705094023	-3.721339764	61.80403262
20131110	2013.8589	0.5540164532	0.9329547039	-2.455888792	59.29689039
20131111	2013.8616	0.5236581655	0.8905508994	-2.488603152	59.5437912
20131112	2013.8644	0.4909762239	0.8420082294	-0.5280928216	59.75347643
20131113	2013.8671	0.4352880691	0.7860369341	-2.529917903	61.02338623
20131114	2013.8699	0.3565208951	1.013743808	-2.375363748	70.62387061
20131115	2013.8726	0.2540301884	0.8799812174	-2.595213593	73.89779657
20131116	2013.8753	0.1258508228	0.7423703835	-2.421607339	80.37837154
20131117	2013.8781	-0.3822351047	0.6890174706	-2.279349034	119.019492
20131118	2013.8808	0.2863159498	0.2545358564	-0.1034290301	41.63720465
20131119	2013.8836	-0.343606189	0.3156511986	-1.802878462	137.4281017
20131120	2013.8863	-0.5974796043	0.2512856488	-1.492226702	157.1895409
20131121	2013.8890	-0.1896963141	0.1783995576	-1.154211516	136.7578393
20131122	2013.8918	-0.4012081018	0.3716046022	0.7519887575	137.1937096
20131123	2013.8945	-0.5279651014	0.05480905968	-0.3671717828	174.0732462
20131124	2013.8973	-0.7109003875	0.005577259367	0.08433267696	179.550504
20131125	2013.9000	-0.9171396359	0.1611385729	-0.185147046	170.0350172
20131126	2013.9027	-1.516475837	-0.06553370598	-0.3454008263	182.4744674
20131127	2013.9055	-1.615616339	-0.08768101828	-0.1597119149	183.1064484
20131128	2013.9082	-1.681740636	-0.1020349756	0.06847790565	183.4720073
20131129	2013.9110	-1.678620656	-0.1097679391	1.201005649	183.7413445
20131130	2013.9137	-1.255542423	-0.5873317012	0.5854237231	205.0697795
20131201	2013.9164	-1.263219328	-0.1101682418	0.9866055057	184.9842845
20131202	2013.9192	-1.073453688	-0.5960556824	1.455993718	209.0420616
20131203	2013.9219	-1.240705438	-0.5291623502	1.689268258	203.0983056
20131204	2013.9247	-1.200177351	-0.5873857313	1.862228431	206.0778552
20131205	2013.9274	-1.137990505	-0.5373830894	2.397425217	205.2776681
20131206	2013.9301	-1.052536405	-0.481030836	2.723489204	204.5613778
20131207	2013.9329	-0.858767278	-0.4334632922	2.666815398	206.7823883
20131208	2013.9356	-0.8705503959	0	2.457945354	180
20131209	2013.9384	-0.6870427992	-0.03426600653	2.365502653	182.85524
20131210	2013.9411	-0.5562353078	0.1053094848	2.037219432	169.2793413
20131211	2013.9438	-0.4355022484	0.498448832	1.466093562	131.1442012
20131212	2013.9466	-0.3332444942	0.2082717133	0.8612913375	147.9953704
20131213	2013.9493	-0.2553032802	0.4199689861	1.191381355	121.2958297
20131214	2013.9521	-0.04797301538	0.2759604408	0.3238791131	99.86175522
20131215	2013.9548	-0.1737686119	0.2934341996	0.2148285844	120.6335661
20131216	2013.9575	-0.1690548057	0.2994360227	0.201616271	119.4480901
20131217	2013.9603	0.1425928503	0.2942649075	-1.280680094	64.14642108
20131218	2013.9630	-0.2290572473	0.4982849262	1.70939667	114.6878305
20131219	2013.9658	-0.2834747312	0.2543934984	0.4165418289	138.0948307
20131220	2013.9685	-0.4494154419	0.2150563114	0.6644939141	154.4277418
20131221	2013.9712	0.216211427	0.1589650073	0.9776400673	36.32442073
20131222	2013.9740	-0.5262056528	0.08325551168	0.9996871726	171.0092707
20131223	2013.9767	-0.7830030318	-0.01415372226	1.865848969	181.0355774
20131224	2013.9795	-0.6293334548	-0.1317789521	2.048299822	191.8265468
20131225	2013.9822	-0.6398259365	0.0812471522	3.095936873	172.7631296
20131226	2013.9849	-0.6230206345	-0.4163051347	1.785998319	213.7510208
20131227	2013.9877	-0.2136157004	-0.4973421912	3.755919131	246.7557739
20131228	2013.9904	-0.5261869712	-0.4428799321	5.726214577	220.0865772
20131229	2013.9932	-0.4554937554	-0.6215761601	4.674124805	233.765874
20131230	2013.9959	-0.2956569962	-1.22054974	4.991452983	256.3833738
20131231	2013.9986	-0.1711548606	-1.083916863	5.434285002	261.0268529
20140101	2014.0014	0.02768293919	-0.2064567334	5.55158727	277.6370055
20140102	2014.0041	0.04128123579	-0.6536561854	5.570340058	273.6136788
20140103	2014.0068	0.2086181627	-0.6021844821	5.414752923	289.1079084
20140104	2014.0096	-0.01352217189	-0.450503097	5.088727327	268.2807425
20140105	2014.0123	0.01941615567	-0.4198759452	4.606367208	272.6476197
20140106	2014.0151	0.01605834585	-0.809778023	3.984985724	271.1360581
20140107	2014.0178	0.05166646495	-0.5793448297	3.249405878	275.0962045
20140108	2014.0205	-0.02812799675	0.1221141988	2.426458136	102.9713595
20140109	2014.0233	-0.09379937827	0.1813269028	1.343981124	117.3522691
20140110	2014.0260	-0.1896976004	-0.1380136268	0.9743189688	216.0375924
20140111	2014.0288	-0.2469386057	0.5468628576	-0.3615580327	114.3017891
20140112	2014.0315	-0.4408614294	0.6570174344	-0.9833303109	123.8617755
20140113	2014.0342	-0.6677607266	0.7226645469	-2.080410029	132.7387323
20140114	2014.0370	-0.08891040013	0.7455720738	-2.795319482	96.80047833
20140115	2014.0397	-0.69358399	0.7299195467	-3.348483463	133.5378174
20140116	2014.0425	-0.7207465552	0.6800531183	-3.697069347	136.6639829
20140117	2014.0452	-0.9482777012	0.6004428792	-2.675862415	147.6582922
20140118	2014.0479	-1.208742707	0.4959561791	-3.706203675	157.6912902
20140119	2014.0507	-1.34299548	0.3729518819	-1.793319178	164.4799455
20140120	2014.0534	-1.436624255	0.2376955235	-2.002781771	170.6052825
20140121	2014.0562	-1.488592762	-0.4433800549	-1.616116215	196.5862583
20140122	2014.0589	-1.228855906	0	-0.9884538982	180
20140123	2014.0616	-1.371524039	-0.1428550353	-0.4334650478	185.946365
20140124	2014.0644	-1.390827448	-0.9616863592	0.5774360456	214.6618844
20140125	2014.0671	-1.273544415	-0.6082199436	0.8531029386	205.5282299
20140126	2014.0699	-1.117471422	-0.8182456446	1.730014321	216.212692
20140127	2014.0726	-0.6468985893	-0.9746178211	1.65676369	236.4259445
20140128	2014.0753	-0.7185619897	-1.062214016	2.22941903	235.9226031
20140129	2014.0781	-0.3886927598	-1.084672139	2.659289693	250.2848359
20140130	2014.0808	-0.4720696633	-1.050320193	3.861889854	245.7983184
20140131	2014.0836	-0.01875342516	-0.9677930983	3.268518784	268.8898891
20140201	2014.0863	0.08199794962	-0.847022894	3.419095644	275.5294161
20140202	2014.0890	0.4260088629	-0.6969392683	3.457269025	301.4356426
20140203	2014.0918	0.618866772	-0.3228620571	2.536358089	332.4490044
20140204	2014.0945	0.8341436249	-0.5232621609	4.922944425	327.8997609
20140205	2014.0973	1.582310208	0.06484777243	3.171315364	2.346837905
20140206	2014.1000	1.367361364	0.01776385851	2.67480345	0.7443071697
20140207	2014.1027	1.054756435	0.299432001	2.212686625	15.84857321
20140208	2014.1055	1.139853925	0.5191275621	2.10029692	24.4861052
20140209	2014.1082	1.082860803	0.6438794869	1.507534887	30.73612514
20140210	2014.1110	1.062785429	1.351184683	1.10349512	51.81288837
20140211	2014.1137	0.6376354712	0.9166713253	0.7201345484	55.17757182
20140212	2014.1164	0.1819195794	0.9647999684	0.3584940617	79.32186306
20140213	2014.1192	0.8075032394	0.9596750836	0.01601339488	49.92160292
20140214	2014.1219	0.5989995746	0.8991615753	-0.3098677177	56.32941248
20140215	2014.1247	0.412191377	1.589447648	-2.634046723	75.46174987
20140216	2014.1274	0.3658237963	0.5341079222	-0.9220723417	55.59178679
20140217	2014.1301	0.3195229335	0.3273794107	-1.251577057	45.69580959
20140218	2014.1329	0.2741463868	0.2369865056	-1.39773604	40.84185412
20140219	2014.1356	0.2313869994	-0.04959397294	-1.744844474	347.9026282
20140220	2014.1384	-0.2003426168	-0.240047615	-2.073054673	230.1517826
20140221	2014.1411	0.1395834096	-0.3858097751	-2.41326684	289.8897868
20140222	2014.1438	0.1426849733	-0.480793903	-2.509653898	286.5292834
20140223	2014.1466	-0.4868694056	-0.523764827	-2.818774468	227.0907797
20140224	2014.1493	0.1687773924	-0.5141270411	-3.149310509	288.1739504
20140225	2014.1521	0.2009420507	-0.4512850396	-3.223156157	294.0018019
20140226	2014.1548	0.3861532213	-0.3354338508	-3.359177435	319.0206295
20140227	2014.1575	0.3220606096	0.1266529064	-3.457891604	21.46762951
20140228	2014.1603	0.3928731952	0.07517844664	-3.521553319	10.83290684
20140301	2014.1630	0.4437713915	0.1126685575	-3.552417236	14.24575261
20140302	2014.1658	-0.2011194697	-0.004844068227	-3.552738011	181.3797322
20140303	2014.1685	-0.1916317226	-0.08388640947	-3.5247703	203.6413047
20140304	2014.1712	0.4318824218	-0.1343934752	-3.749667975	342.7148663
20140305	2014.1740	-0.8788295048	-0.1819753381	-3.392454536	191.6986557
20140306	2014.1767	-0.09737577124	-0.2257502548	-3.295028019	246.6673906
20140307	2014.1795	-0.02707393286	-0.2654456415	-3.178470773	264.1762977
20140308	2014.1822	0.02166451738	-0.3009465771	-3.04226485	274.117501
20140309	2014.1849	-0.5744368507	-0.3321381408	-2.886071448	210.0364079
20140310	2014.1877	-0.6827064486	-0.3589054114	-3.42794465	207.7313409
20140311	2014.1904	-1.528932739	-0.3811111219	-5.37861126	193.9966615
20140312	2014.1932	-0.6793940579	-0.6058640851	-3.928673264	221.7256619
20140313	2014.1959	-0.5439418639	-1.447034687	-3.817826978	249.3987065
20140314	2014.1986	-0.5026098115	-0.7064983834	-2.950063262	234.5715836
20140315	2014.2014	-0.4165730927	-0.3986001491	-2.584659424	223.736947
20140316	2014.2041	-0.3380270859	-0.672352995	-1.75495827	243.3089268
20140317	2014.2068	-0.1328797086	-0.6143061561	-1.308643404	257.7944742
20140318	2014.2096	-0.2046192981	-0.5356203338	-0.4252669138	249.0919921
20140319	2014.2123	-0.2217109405	-0.4413036287	0.3920138577	243.3250468
20140320	2014.2151	-0.09400165483	-0.3121476388	0.04249728225	253.2405956
20140321	2014.2178	0.7492043589	-0.2715810484	0.65111575	340.0747932
20140322	2014.2205	0.06676580741	-0.1143216576	0.9806866946	300.2856606
20140323	2014.2233	0.127500798	-0.005325078633	1.198854098	357.6084282
20140324	2014.2260	0.1783353835	0.09785905472	0.1650147406	28.75516426
20140325	2014.2288	0.2158923275	0.2467791551	3.678608638	48.81926059
20140326	2014.2315	0.2367943934	0.262022608	2.409434767	47.89532962
20140327	2014.2342	0.2383230713	0.3387736958	2.563910377	54.87409144
20140328	2014.2370	0.2204103509	0.3849449613	2.562906518	60.2055715
20140329	2014.2397	0.1837093213	0.4084222386	3.817126642	65.78166835
20140330	2014.2425	-0.3014747755	0.290383079	2.390288086	136.0736244
20140331	2014.2452	0.05661706375	0.3519569473	1.135687212	80.8614837
20140401	2014.2479	0.4064787843	0.4056193898	0.886539534	44.93936736
20140402	2014.2507	0.3283548419	0.4491113196	-0.2422165271	53.82866781
20140403	2014.2534	-0.001474631855	0.4803398863	0.6942323903	90.17589611
20140404	2014.2562	-1.314297346	0.4974326415	0.6179635383	159.2694479
20140405	2014.2589	-0.2129205463	0.07134089533	0.5609653846	161.4761233
20140406	2014.2616	-1.489491523	0.4871621577	0.5234200772	161.8888348
20140407	2014.2644	-0.6366529621	0.4617719547	3.474043578	144.0461771
20140408	2014.2671	-0.8152154185	0.42486333	0.503906994	152.4729636
20140409	2014.2699	-0.9585368638	0.7824846139	0.5206100695	140.7741271
20140410	2014.2726	-0.9561309507	0.3225083344	0.554008942	161.3604606
20140411	2014.2753	-0.8911804664	0.2600671257	0.6009958271	163.7315307
20140412	2014.2781	-0.7521411774	0.1921055478	0.6530912429	165.6723097
20140413	2014.2808	-0.5392500527	0.5282215447	0.7725583589	135.5919263
20140414	2014.2836	-0.2678426111	0	0.5196128842	180
20140415	2014.2863	0.04339625752	0.478435505	0.7334059477	84.81719691
20140416	2014.2890	0.4593183231	0.022981707	0.706423374	2.864370075
20140417	2014.2918	0.413468024	-0.1126210974	0.6444570548	344.7633153
20140418	2014.2945	1.028979273	-0.09160800001	0.4380072954	354.9124824
20140419	2014.2973	0.5612859209	-0.06746506719	0.4667642418	353.1460814
20140420	2014.3000	0.78024468	-0.1618652386	0.02150792054	348.2799806
20140421	2014.3027	2.376175265	-0.2219222833	0.2561249441	354.6643529
20140422	2014.3055	1.688230166	-0.287975433	-0.2675123278	350.3197543
20140423	2014.3082	1.631738257	-0.3584202049	-0.8010409953	347.6114126
20140424	2014.3110	1.471040326	-0.4323349889	1.92001289	343.6220727
20140425	2014.3137	1.421031823	-0.508760903	-1.878734789	340.3015065
20140426	2014.3164	1.237654917	-0.5866154369	-2.680803712	334.6402954
20140427	2014.3192	1.130626714	-0.7197588788	-4.025475407	327.5191006
20140428	2014.3219	0.9009181046	-0.6638378998	-3.641676521	323.6155036
20140429	2014.3247	0.7987332162	-0.5908750339	-4.067735435	323.5072529
20140430	2014.3274	1.515186735	0.3978613018	-4.388176457	14.71271824
20140501	2014.3301	1.842556001	-0.4007422509	-4.578071711	347.7296858
20140502	2014.3329	0.7217871804	0.5138834347	-4.056515095	35.44933644
20140503	2014.3356	0.8242179109	-0.7786328554	-4.050735783	316.6290521
20140504	2014.3384	0.1749364699	-0.7931981764	-3.948443431	282.4372396
20140505	2014.3411	0.5168118326	0.05013765612	-5.203766627	5.541116336
20140506	2014.3438	0.3911357906	0.1757445788	-4.39511866	24.19526936
20140507	2014.3466	0.3158050506	0.2849935506	-3.148056853	42.06420145
20140508	2014.3493	0.3161417407	0.3868740753	-2.745281057	50.7453498
20140509	2014.3521	1.308228245	0.4791095557	-2.288776578	20.1141352
20140510	2014.3548	1.374745864	1.095326425	-1.655423281	38.54602494
20140511	2014.3575	1.239259194	-0.1311003468	-1.38938074	353.961181
20140512	2014.3603	1.311230269	1.6575859	-0.6873609344	51.65430595
20140513	2014.3630	1.627064515	0.7280962755	-0.1164085448	24.10807303
20140514	2014.3658	1.230041164	0.7566994557	0.4462646881	31.59909043
20140515	2014.3685	1.044487261	1.164429129	1.057941829	48.1080492
20140516	2014.3712	0.85745635	0.7722643756	4.175287297	42.00764569
20140517	2014.3740	0.609910441	0.7597151947	2.045849043	51.24199495
20140518	2014.3767	0.5107469929	0.7305722456	2.228553107	55.04239528
20140519	2014.3795	-0.8428235045	0.6820219589	2.493967595	141.0198386
20140520	2014.3822	-1.061566726	-0.05530015685	2.669597632	182.9820115
20140521	2014.3849	-0.1446026045	1.009725524	2.620258191	98.14990382
20140522	2014.3877	-1.059057274	0.9341907831	2.599333614	138.5845946
20140523	2014.3904	-1.547201862	0.2441046877	2.95732967	171.0342508
20140524	2014.3932	-1.859443722	0	2.757242645	180
20140525	2014.3959	-2.111845091	0	2.738468948	180
20140526	2014.3986	-2.290661473	-0.2464959662	2.738177811	186.1419115
20140527	2014.4014	-3.712242435	-0.3864132815	2.77138775	185.9426086
20140528	2014.4041	-2.438439081	-0.3368848551	3.811135416	187.8659587
20140529	2014.4068	-2.421937849	-0.5783945202	3.656886227	193.4315056
20140530	2014.4096	-1.747723853	-0.446047959	3.453367172	194.3171982
20140531	2014.4123	-3.550028797	-0.6680934009	1.994959943	190.6580521
20140601	2014.4151	-2.388475877	-0.6470646515	3.23974959	195.1582197
20140602	2014.4178	-1.974265464	-0.6907099064	2.767267834	199.282729
20140603	2014.4205	-1.736957473	-1.75295846	2.568889938	225.2626947
20140604	2014.4233	-1.533944723	-0.6714657802	2.281232225	203.6408188
20140605	2014.4260	-1.329440887	-0.3898674695	2.070473505	196.3441294
20140606	2014.4288	-1.13423726	-0.5916146127	2.151099828	207.5464046
20140607	2014.4315	-0.959455187	-0.2883734406	2.085861328	196.7286536
20140608	2014.4342	-1.26430404	-0.282275901	2.065090437	192.585776
20140609	2014.4370	-1.102361821	-0.5389797183	0.8920527432	206.0554783
20140610	2014.4397	-0.9000586472	-0.608742882	3.858032989	214.0719402
20140611	2014.4425	-0.8215407343	-0.219640289	4.873103282	194.9680532
20140612	2014.4452	-1.246689638	-0.1666358302	3.147394632	187.613181
20140613	2014.4479	-0.4850757698	-0.7263735961	2.873857122	236.2648109
20140614	2014.4507	-0.2319823323	-1.243743056	2.157599217	259.4346249
20140615	2014.4534	-0.06657199142	0.1676114719	4.372307388	111.662006
20140616	2014.4562	0.09082530984	0.2648692427	3.431757473	71.07283967
20140617	2014.4589	0.2385464346	0.353665184	-0.756489099	56.00041689
20140618	2014.4616	0.3752530246	-0.2030340836	-0.4336395404	331.5839902
20140619	2014.4644	0.4996941322	0.4858231685	0.2094094463	44.19362633
20140620	2014.4671	-0.04778509021	0.5192867578	-0.05267884496	95.25758655
20140621	2014.4699	0.7067761092	0.526683023	-0.6155587238	36.69313855
20140622	2014.4726	0.7869150833	1.063067883	-0.7973044752	53.49003269
20140623	2014.4753	0.2278983517	0.4804732691	-1.003478967	64.6240527
20140624	2014.4781	0.8943525017	0.4372205505	0.1707771684	26.05254132
20140625	2014.4808	1.244508127	0.3871052848	-2.043049891	17.27834922
20140626	2014.4836	0.9293341737	0.3350307076	-0.3343646484	19.82454648
20140627	2014.4863	0.9212716754	0.2850597232	-2.126703096	17.19310422
20140628	2014.4890	0.8972671834	0.2379304319	-2.134579075	14.85145269
20140629	2014.4918	0.8581407638	-0.3744303937	-2.324337227	336.4270342
20140630	2014.4945	0.8047121366	0.1524088428	-5.610346653	10.72453385
20140701	2014.4973	0.7378009357	0.1141772821	-5.394606709	8.796940792
20140702	2014.5000	0.6582267945	-0.1227399898	-5.07136797	349.4373288
20140703	2014.5027	0.5668093469	-0.2065205522	-3.147983398	339.9804704
20140704	2014.5055	0.4643682264	-0.2839549332	-3.354533117	328.5547742
20140705	2014.5082	1.428953064	-0.2953907328	-3.55625414	348.3204256
20140706	2014.5110	0.8364916025	-0.3186602992	-3.750604486	339.1457315
20140707	2014.5137	-0.4470136063	-0.3188895645	-4.115184749	215.503216
20140708	2014.5164	-0.03138846874	-0.3070939772	-4.294668429	264.1639919
20140709	2014.5192	-0.1711274656	-0.286502148	-4.459040807	239.1501674
20140710	2014.5219	-0.3091278117	-0.2598915401	-4.492280006	220.0546119
20140711	2014.5247	-0.4453619249	-0.2300396168	-4.066165792	207.3173876
20140712	2014.5274	-0.5776034115	-0.1997238413	-3.622310565	199.0743738
20140713	2014.5301	-1.046162011	-0.1712916076	-3.097611063	189.2987203
20140714	2014.5329	-0.4935151771	0.4300594212	-2.366417649	138.9304266
20140715	2014.5356	-0.8421485701	-0.02670703961	-1.747665315	181.8164111
20140716	2014.5384	-1.014000156	0.04862389077	-1.526927207	177.2546244
20140717	2014.5411	-1.132203152	0.08591108663	-0.9682402185	175.6607363
20140718	2014.5438	-1.584199004	0.1281834501	-0.03671572236	175.3740626
20140719	2014.5466	-1.289607734	0.01151639584	0.3672313915	179.4883535
20140720	2014.5493	-1.351828591	0.0526742964	0.5938344109	177.7685863
20140721	2014.5521	-1.402174906	0.09059958371	0.6083596369	176.3030519
20140722	2014.5548	-1.768789987	0.508706138	1.89940828	163.9547007
20140723	2014.5575	-1.46325968	-0.3491236658	1.611553459	193.4194899
20140724	2014.5603	-1.471390345	0.13644594	3.780162726	174.7019619
20140725	2014.5630	-1.463465332	0.1129069481	-0.583175349	175.5883464
20140726	2014.5658	-2.363085487	0.06192508647	-1.512208563	178.4988972
20140727	2014.5685	-1.5670252	-0.2459600558	-1.403715636	188.9203575
20140728	2014.5712	-1.807379229	-0.1227213763	-2.966254347	183.8844315
20140729	2014.5740	-1.25821622	-0.3177433402	-3.931845873	194.1728502
20140730	2014.5767	-1.021295208	-0.3291121927	-1.40315494	197.8615263
20140731	2014.5795	-0.9281018101	-0.4794325969	-2.054520504	207.3196679
20140801	2014.5822	-0.9184612722	-0.5820006541	-5.416669252	212.3611776
20140802	2014.5849	-0.9927478383	-0.6607200948	-1.701715541	213.6456215
20140803	2014.5877	-0.6669326172	-0.7079630479	1.813177343	226.7093464
20140804	2014.5904	-0.4940618516	-0.7234499973	0.09907286999	235.6698671
20140805	2014.5932	-0.352899119	-0.7097256732	1.456887553	243.561913
20140806	2014.5959	-0.2186922308	-0.6695363615	1.57865336	251.9112876
20140807	2014.5986	-0.09452896166	-0.6055719279	3.025515866	261.127806
20140808	2014.6014	-0.1127247813	-0.52051156	2.869749787	257.7804208
20140809	2014.6041	-0.283830881	-0.4173109518	3.093222377	235.7787183
20140810	2014.6068	0.5698472046	-0.2999817995	3.125391361	332.2365608
20140811	2014.6096	0.5781198303	-0.9134165303	2.938432103	302.3305486
20140812	2014.6123	0.8169022358	0.1306843079	2.55211157	9.088905761
20140813	2014.6151	1.017128876	0.8478111943	2.00871553	39.81234557
20140814	2014.6178	1.120318437	0.22197071	1.35336199	11.20697261
20140815	2014.6205	1.182188695	0.9051623835	0.1991304581	37.44007374
20140816	2014.6233	1.199726417	0.5357274401	0.3056030436	24.06273661
20140817	2014.6260	1.171737204	0.2294398573	-0.8332635604	11.07900567
20140818	2014.6288	1.09698448	0.2711578936	0.7995104225	13.88433251
20140819	2014.6315	0.6229407049	0.4787757043	-2.030520069	37.54492451
20140820	2014.6342	1.034121419	0.7680412391	-2.456196766	36.60124608
20140821	2014.6370	0.6294130738	0.1190056175	-2.815047528	10.70674846
20140822	2014.6397	-1.056302117	0.9975680808	-2.934183539	136.6380273
20140823	2014.6425	0.2806246321	0.5403883769	-2.974125222	62.55706866
20140824	2014.6452	1.215896011	0.662117016	-2.876011507	28.57053231
20140825	2014.6479	0.1151772641	0.6055926078	-2.640285007	79.23156236
20140826	2014.6507	0	0.5299686408	-2.286755192	90
20140827	2014.6534	0	0.4351742398	-1.840073249	90
20140828	2014.6562	-0.0653151313	0.2769169636	-1.324594946	103.2715311
20140829	2014.6589	-0.02860315405	0.1943430416	0.06915802233	98.3726084
20140830	2014.6616	-0.3206741287	-0.05103806429	-0.257493578	189.0432687
20140831	2014.6644	0.1638671252	-0.09621163297	0.5739050669	329.5814414
20140901	2014.6671	-0.490243686	-0.2556448577	0.912349572	207.5404583
20140902	2014.6699	0.2539036953	-0.3967904376	1.522024138	302.6149215
20140903	2014.6726	0.3708200388	-0.5208177633	2.025359363	305.4507048
20140904	2014.6753	0.4650911437	-0.6197620642	2.474330539	306.8858454
20140905	2014.6781	0.2929613244	-0.6856212963	2.855445451	293.1366896
20140906	2014.6808	0.4197317631	-0.7116012832	3.155758181	300.5338557
20140907	2014.6836	0.2149393327	0.3807305464	3.363524381	60.55333895
20140908	2014.6863	-0.08205224378	-0.6454650851	3.463611513	262.7553536
20140909	2014.6890	0.6151785893	-0.5613780765	3.439903416	317.6181455
20140910	2014.6918	0.1380770747	0.4012906367	3.276283931	71.0125577
20140911	2014.6945	0.03559490536	-0.3134916906	2.968021299	276.4778138
20140912	2014.6973	-0.09060218513	-0.1615586577	2.137914091	240.7162674
20140913	2014.7000	-0.3602113606	0.007673993752	2.123867566	178.7795472
20140914	2014.7027	-0.5474891294	0.09781046492	1.634775895	169.8708103
20140915	2014.7055	-0.755310934	0.362132189	1.232339978	154.3847125
20140916	2014.7082	-0.9375702751	0.5092383494	-0.4794218351	151.4915418
20140917	2014.7110	-1.105486707	0.6432362476	0.6871358179	149.8066741
20140918	2014.7137	-1.251404893	0.701421467	0.5458680351	150.7290552
20140919	2014.7164	-0.620340224	0.7122556548	0.3555982306	131.0542889
20140920	2014.7192	-0.8387994156	0.6701057158	0.2037805891	141.3791068
20140921	2014.7219	-1.480616595	0.5818210858	-0.04389426582	158.5472259
20140922	2014.7247	-1.464640105	0.4544983663	-0.04487503291	162.7601504
20140923	2014.7274	-1.385975466	0.2971920295	-0.3379203972	167.8974454
20140924	2014.7301	-1.307198596	0	-0.5270937453	180
20140925	2014.7329	-1.181350047	0	-0.7049474537	180
20140926	2014.7356	-0.8394877594	-0.2476050286	-0.05534310933	196.4333053
20140927	2014.7384	-0.4132920277	-0.4139751202	-0.9950972969	225.0473104
20140928	2014.7411	-1.447069029	-0.5525678924	-2.156087792	200.899515
20140929	2014.7438	-0.5432874666	-0.9820414525	-1.184291478	241.0476426
20140930	2014.7466	-0.383148579	0.07613999006	-1.24644963	168.7605014
20141001	2014.7493	-1.20775604	-0.6589211681	-1.062267527	208.6157662
20141002	2014.7521	-0.08976758005	-0.653432409	-1.320063531	262.1777545
20141003	2014.7548	0.03687152223	-0.5760796512	-1.871298046	273.6621757
20141004	2014.7575	0.1468648647	-0.4752308958	-1.314802095	287.173187
20141005	2014.7603	-0.6327258695	-0.8091877405	-1.269307979	231.9771824
20141006	2014.7630	0.3103725986	-0.9199939109	-1.193366361	288.6425304
20141007	2014.7658	0.924739877	0.2713615661	0.5813616609	16.35413511
20141008	2014.7685	0.7837934535	0.625854909	-0.9501056412	38.60717936
20141009	2014.7712	0.8306111547	-0.5206603412	-0.7827665051	327.9188666
20141010	2014.7740	0.9422413047	0.1967731647	-0.3636284627	11.79584566
20141011	2014.7767	0.8616694699	0.2967608232	0.9368728945	19.00381819
20141012	2014.7795	0.1266102131	0.3947811456	-0.1341059364	72.218441
20141013	2014.7822	1.650745321	0.4873465408	0.09819880719	16.44808571
20141014	2014.7849	0.8743729399	0.1132258871	4.067659092	7.378389973
20141015	2014.7877	0.9942815078	0.6377360398	0.5068003272	32.67627092
20141016	2014.7904	0.8953375429	0.6849670689	0.6587585493	37.41735501
20141017	2014.7932	0.8936995079	0.7013822914	0.7599860126	38.12509736
20141018	2014.7959	0.04805347903	0.6788872998	1.310229019	85.95120252
20141019	2014.7986	0.8803854283	0.6114990435	0.8175081976	34.78311181
20141020	2014.8014	0.8682204617	0.4968110425	0.739439093	29.77895027
20141021	2014.8041	0.856408011	0.3457515065	0.6395270316	21.98505687
20141022	2014.8068	0.8122490628	0.4365317103	0.2752021528	28.25517486
20141023	2014.8096	0.8504107548	0	0.3229262108	0
20141024	2014.8123	0.8627825728	-0.1181112453	0.2074000169	352.2049063
20141025	2014.8151	1.046893112	-0.3325800875	-0.2567364106	342.3758351
20141026	2014.8178	0.9332706228	-0.468493366	-0.5467369318	333.3437651
20141027	2014.8205	0.9969117129	-0.5774402824	-0.5484849766	329.9193285
20141028	2014.8233	1.08001671	-0.6534463197	-1.029372876	328.8246556
20141029	2014.8260	0.2966004107	-0.6905818826	-1.361370649	293.2432072
20141030	2014.8288	1.411449324	-0.6829710407	-1.514825091	334.1786235
20141031	2014.8315	1.624384464	-0.6274360087	-1.629843456	338.8804088
20141101	2014.8342	1.458737286	-0.5311851071	-2.260856339	339.9913937
20141102	2014.8370	2.078792687	-0.4048706296	-2.107043835	348.978907
20141103	2014.8397	1.550275935	-0.2087832555	-1.818032297	352.3298465
20141104	2014.8425	1.548562656	-0.1692492693	-1.420048444	353.7626476
20141105	2014.8452	1.737677141	0.3660280947	-0.9386110357	11.89501448
20141106	2014.8479	1.908674639	0.1848865101	-0.1850730656	5.532776181
20141107	2014.8507	0.8875523001	0.326218545	-0.1538378484	20.18082985
20141108	2014.8534	1.238387918	0.3673325151	1.836753744	16.52149029
20141109	2014.8562	1.077184264	0.4646898353	0.6847388031	23.33503297
20141110	2014.8589	0.8822831128	0.5134076565	0.8445672197	30.19547019
20141111	2014.8616	0.07487675485	0.1437387237	0.8802555452	62.48397267
20141112	2014.8644	0.9946086904	0.5491109674	-0.3397450372	28.90253744
20141113	2014.8671	0.1685758544	0.537687914	-0.4730040878	72.59275444
20141114	2014.8699	-0.1581626646	0.06247363645	-0.6358306164	158.4461731
20141115	2014.8726	-0.2417297592	0.460271032	-0.8207403926	117.7080077
20141116	2014.8753	-0.6821551049	0.310264374	-1.020279871	155.5425512
20141117	2014.8781	-0.910236246	-0.2186536428	-1.496374283	193.5074544
20141118	2014.8808	-1.594400258	0.7429936974	-0.3220690165	155.014387
20141119	2014.8836	-1.57052359	0.1429299055	-2.347661704	174.7999616
20141120	2014.8863	-1.645109294	0.05572422544	-3.57120836	178.0599814
20141121	2014.8890	-1.539497748	-0.02457343299	-3.789596438	180.9144765
20141122	2014.8918	-1.284481255	-0.09308633172	-3.842058068	184.1449778
20141123	2014.8945	-1.086345422	-0.1449237019	-3.734735887	187.598667
20141124	2014.8973	-1.001652831	-0.1765617747	-3.473772532	189.9968575
20141125	2014.9000	-0.9406848688	-0.1897908227	-3.008091342	191.4067589
20141126	2014.9027	-0.5053757731	-0.2103217259	-2.781688599	202.5955641
20141127	2014.9055	-0.4176990589	-0.1239167301	-2.489578901	196.5237846
20141128	2014.9082	-0.2736520059	-0.1214093618	-1.444561771	203.9251061
20141129	2014.9110	0.3339252603	-0.1890634931	-2.476687946	330.4821091
20141130	2014.9137	0.9836979838	-0.08937486886	-1.342406966	354.8085878
20141201	2014.9164	0.2937604595	-0.05763421886	-0.9075138085	348.899867
20141202	2014.9192	0.4138957173	-0.5234210096	-0.433490202	308.3352221
20141203	2014.9219	0.5078544079	-0.4210119345	0.2081467746	320.3412263
20141204	2014.9247	0.5759877574	0.195411721	1.673378678	18.74020782
20141205	2014.9274	1.044421512	-0.05858856806	0.7669209964	356.7892627
20141206	2014.9301	0.6361950603	-0.4833118004	2.016170168	322.7763821
20141207	2014.9329	0.6289771927	-0.1390991343	1.042462557	347.5296765
20141208	2014.9356	0.7941015526	0.1111707134	0.8904182601	7.969362435
20141209	2014.9384	0.5439015106	0.2038304216	1.219353658	20.54379385
20141210	2014.9411	0.4733383795	0.422822923	2.715882552	41.77372503
20141211	2014.9438	0.6193832105	0.5629301922	0.927665414	42.2663213
20141212	2014.9466	0.3100860264	0.6645358258	0.7802231616	64.98527959
20141213	2014.9493	0.2314492594	0.7178399496	3.031360812	72.12940178
20141214	2014.9521	0.1624383082	0.3699025542	3.394031696	66.29189157
20141215	2014.9548	-0.4214924448	0.3251959195	1.235246052	142.3485783
20141216	2014.9575	-0.7459280664	0.2510481466	1.070953443	161.3989224
20141217	2014.9603	-0.7722213942	0	0.7660466835	180
20141218	2014.9630	-0.7999935262	0	1.236838611	180
20141219	2014.9658	-0.8842806647	0	0.1093018102	180
20141220	2014.9685	-0.6405024544	0	-0.3379558227	180
20141221	2014.9712	-0.8363907219	0	-0.6743117074	180
20141222	2014.9740	-0.8578159079	0	-0.9331297685	180
20141223	2014.9767	-0.9473285515	0	-1.077681115	180
20141224	2014.9795	-0.9757488897	0	-0.9964083372	180
20141225	2014.9822	-1.038906587	-0.3157448023	-0.9749085189	196.9050916
20141226	2014.9849	-1.271755531	-0.2619622	-0.7272273411	191.6392603
20141227	2014.9877	-1.39759718	-0.1825278795	-0.4837658682	187.4407837
20141228	2014.9904	-1.525939301	0	-0.9799315318	180
20141229	2014.9932	-1.450112248	0.222145478	-0.4923226299	171.2904595
20141230	2014.9959	-1.783522542	-0.4066735456	-0.3528873908	192.8448114
20141231	2014.9986	-0.7927726582	0.305660237	0.2539451604	158.9154308
