# YYYYMMDD	YYYY.DECM	N_filt(mm)	E_filt(mm)	U_filt(mm)	Azimuth(deg)
20120401	2012.2500	-0.05030974492	0.1585514741	-0.2629623375	107.6046801
20120402	2012.2527	-0.2287003217	0.191841097	-0.2489331919	140.0090072
20120403	2012.2555	-0.4002676299	0.217919069	-0.2269366241	151.4346511
20120404	2012.2582	-0.5596287354	0.2330930972	-0.1924015234	157.3875979
20120405	2012.2609	-0.7023721466	0.2356441526	-0.1426629726	161.453522
20120406	2012.2637	-0.825304098	0.2263287178	-0.07734214404	164.6644128
20120407	2012.2664	-0.9265131065	0.2085295442	0.001480394327	167.3158439
20120408	2012.2691	-1.005287515	0.1880505626	0.08936814944	169.4046191
20120409	2012.2719	-1.061938391	0.1725960495	0.1799760622	170.768481
20120410	2012.2746	-1.097578515	0.1710009871	0.2658685534	171.1446002
20120411	2012.2773	-1.113899711	0.1922944102	0.3396583614	170.2054682
20120412	2012.2801	-1.112978293	0.2446853669	0.3953229099	167.6009223
20120413	2012.2828	-1.097119063	0.3345647558	0.4294801871	163.0409965
20120414	2012.2855	-1.068727236	0.4656176485	0.4423846072	156.458451
20120415	2012.2883	-1.03018662	0.6381391351	0.4384427186	148.2242561
20120416	2012.2910	-0.9837273551	0.8486388561	0.4261233228	139.216419
20120417	2012.2937	-0.9312816169	1.089800954	0.4172178387	130.5153078
20120418	2012.2964	-0.8743419866	1.350833234	0.4254905898	122.9134168
20120419	2012.2992	-0.8138504313	1.618192228	0.4648522977	116.6995628
20120420	2012.3019	-0.7501536726	1.876618624	0.5472826215	111.788412
20120421	2012.3046	-0.6830570629	2.110373722	0.6807902544	107.9350246
20120422	2012.3074	-0.6119902806	2.30454252	0.867708374	104.8721096
20120423	2012.3101	-0.5362707522	2.446266399	1.103576871	102.3647892
20120424	2012.3128	-0.4554261136	2.525787198	1.376779967	100.2212083
20120425	2012.3156	-0.3695201833	2.537217937	1.669018064	98.28629292
20120426	2012.3183	-0.2794170382	2.478993	1.956614085	96.43089042
20120427	2012.3210	-0.1869186844	2.353981965	2.212579952	94.54006352
20120428	2012.3238	-0.0947316285	2.169273106	2.409279913	92.50050403
20120429	2012.3265	-0.006255098583	1.935648301	2.521423405	90.18515218
20120430	2012.3292	0.07477692523	1.666786953	2.52902903	87.43126661
20120501	2012.3320	0.1447428954	1.378256319	2.419963451	84.00483874
20120502	2012.3347	0.2006069691	1.086368597	2.191698443	79.53771356
20120503	2012.3374	0.2403594179	0.8070042264	1.852037957	73.41428
20120504	2012.3402	0.263367409	0.5545073582	1.41871407	64.59427037
20120505	2012.3429	0.2705756253	0.3407504141	0.9179036707	51.54838329
20120506	2012.3456	0.2644983336	0.1744443441	0.3818526789	33.4060126
20120507	2012.3484	0.2489692286	0.06074368387	-0.154102497	13.71119257
20120508	2012.3511	0.228664242	0.001162240112	-0.6547648639	0.2912168478
20120509	2012.3538	0.2084683538	-0.006220905766	-1.088194431	358.2907434
20120510	2012.3566	0.1927968352	0.03368326637	-1.428390524	9.910045182
20120511	2012.3593	0.1849884968	0.113587102	-1.65730006	31.55086181
20120512	2012.3620	0.1868645891	0.2245358519	-1.766015966	50.23189028
20120513	2012.3648	0.1985079134	0.3566485746	-1.755122147	60.90001677
20120514	2012.3675	0.2182780407	0.4998345679	-1.634209969	66.40907885
20120515	2012.3702	0.2430466395	0.6444364214	-1.42064803	69.33623159
20120516	2012.3730	0.2686134298	0.7817591485	-1.137745317	71.03721403
20120517	2012.3757	0.2902484117	0.9044571523	-0.8124987835	72.20809842
20120518	2012.3784	0.3032972066	1.006763323	-0.4731433938	73.23456321
20120519	2012.3811	0.3037812327	1.084554889	-0.1467252408	74.3525676
20120520	2012.3839	0.2889248463	1.135263462	0.1430938132	75.72133618
20120521	2012.3866	0.2575517102	1.157656979	0.3778163141	77.4572984
20120522	2012.3893	0.2103126646	1.15154544	0.5453315162	79.64984957
20120523	2012.3921	0.1497296917	1.117479397	0.6404908466	82.36846192
20120524	2012.3948	0.08005591593	1.056509395	0.665006437	85.6667518
20120525	2012.3975	0.006959239388	0.9700531563	0.6267053333	89.58896252
20120526	2012.4003	-0.06295494285	0.8598818022	0.538241586	94.18735262
20120527	2012.4030	-0.1227516216	0.7281999654	0.4154370899	99.56831487
20120528	2012.4057	-0.165852981	0.5777688809	0.2754660411	106.0165311
20120529	2012.4085	-0.1867311701	0.4120126193	0.1350995125	114.3808472
20120530	2012.4112	-0.1815213885	0.2350551894	0.009195500383	127.6771173
20120531	2012.4139	-0.1484733012	0.051655387	-0.09042525372	160.8166891
20120601	2012.4167	-0.08818117421	-0.1329705369	-0.1556338726	236.4491246
20120602	2012.4194	-0.003566717277	-0.3134286221	-0.1821655461	269.3480205
20120603	2012.4221	0.1003786254	-0.484506126	-0.1693730331	281.7047885
20120604	2012.4249	0.2170578839	-0.6415750288	-0.119688618	288.6917241
20120605	2012.4276	0.3388802187	-0.7809915724	-0.03794691915	293.4565143
20120606	2012.4303	0.457939656	-0.9004299995	0.06930919915	296.9569259
20120607	2012.4331	0.5666719509	-0.9990861757	0.1944859187	299.5614852
20120608	2012.4358	0.6584103929	-1.077701734	0.3295648731	301.4223996
20120609	2012.4385	0.7277856245	-1.1383876	0.4667147778	302.5912969
20120610	2012.4413	0.7709459339	-1.184257486	0.5988644797	303.0639341
20120611	2012.4440	0.7856064179	-1.218910907	0.7201673093	302.8023893
20120612	2012.4467	0.770961674	-1.245829876	0.8262851654	301.7506237
20120613	2012.4495	0.7275136414	-1.267773034	0.9144703809	299.8494299
20120614	2012.4522	0.6568727158	-1.286263454	0.9834832003	297.0526227
20120615	2012.4549	0.5615842548	-1.30126656	1.033412635	293.3434543
20120616	2012.4577	0.4450130175	-1.311136351	1.065457243	288.7477351
20120617	2012.4604	0.3112902437	-1.312869426	1.081681699	283.3388897
20120618	2012.4631	0.1653027152	-1.302652414	1.084723636	277.2320106
20120619	2012.4658	0.01268798116	-1.276629355	1.077412867	270.5694243
20120620	2012.4686	-0.1402066604	-1.231764449	1.062286423	263.506207
20120621	2012.4713	-0.2864471714	-1.16664708	1.04102454	256.2050411
20120622	2012.4740	-0.4187608898	-1.082090268	1.013891817	248.843933
20120623	2012.4768	-0.5299342446	-0.9814099951	0.9793354857	241.632181
20120624	2012.4795	-0.6133480976	-0.8703309771	0.9339232377	234.8265095
20120625	2012.4822	-0.6635977935	-0.7565297582	0.8727451065	228.7440498
20120626	2012.4850	-0.6771152033	-0.6488843069	0.7902646632	223.7803413
20120627	2012.4877	-0.652697189	-0.5565397555	0.681452694	220.4534581
20120628	2012.4904	-0.5918489607	-0.4879167646	0.542944272	219.5019673
20120629	2012.4932	-0.4988719742	-0.4497844373	0.373961901	222.0379133
20120630	2012.4959	-0.3806621418	-0.4465024721	0.1768323879	229.5510122
20120701	2012.4986	-0.246227398	-0.4795146095	-0.04295287446	242.8198187
20120702	2012.5014	-0.1059736492	-0.547148032	-0.2770834039	259.0384652
20120703	2012.5041	0.0291633602	-0.644739235	-0.5150839817	272.5898831
20120704	2012.5068	0.1486486029	-0.7650676626	-0.7451823566	280.9952743
20120705	2012.5096	0.2432460322	-0.8990403355	-0.9553091915	285.1395761
20120706	2012.5123	0.305792634	-1.036540889	-1.134146282	286.4367239
20120707	2012.5150	0.3317651802	-1.167339896	-1.272118935	285.8654759
20120708	2012.5178	0.3195774872	-1.281962372	-1.362216539	283.9978275
20120709	2012.5205	0.2705813986	-1.372421766	-1.400539809	281.1531738
20120710	2012.5232	0.1887867278	-1.432753401	-1.38650849	277.5063351
20120711	2012.5260	0.08035137891	-1.459309676	-1.32270905	273.1515935
20120712	2012.5287	-0.04708375957	-1.450811578	-1.21441809	268.1412099
20120713	2012.5314	-0.1851284793	-1.408181451	-1.068901709	262.5104839
20120714	2012.5342	-0.3253568555	-1.334203419	-0.8946441708	256.2954147
20120715	2012.5369	-0.4599227069	-1.23306597	-0.7006724469	249.5449292
20120716	2012.5396	-0.5820217373	-1.109840895	-0.4961044804	242.3266261
20120717	2012.5423	-0.6861745263	-0.9699528479	-0.2899738019	234.7232353
20120718	2012.5451	-0.7683334404	-0.8186968134	-0.09130304802	226.8176343
20120719	2012.5478	-0.8258414081	-0.6608610706	0.09065954454	218.6677582
20120720	2012.5505	-0.8572892699	-0.5005032106	0.246156063	210.2772667
20120721	2012.5533	-0.862328276	-0.340905009	0.364710894	201.5704181
20120722	2012.5560	-0.8414930486	-0.1847024612	0.4351164908	192.3797484
20120723	2012.5587	-0.7960785233	-0.03415377411	0.4457108549	182.4566268
20120724	2012.5615	-0.728094645	0.1085252804	0.3850116809	171.5222615
20120725	2012.5642	-0.6402969841	0.2408519548	0.2427293546	159.3858772
20120726	2012.5669	-0.5362633103	0.3598858606	0.01112504816	146.1344711
20120727	2012.5697	-0.4204636836	0.4622226857	-0.3133960006	132.291414
20120728	2012.5724	-0.298264193	0.544193094	-0.7286527589	118.7264963
20120729	2012.5751	-0.1758144499	0.6022415881	-1.225282908	106.2742896
20120730	2012.5779	-0.059791076	0.6334278902	-1.785849338	95.39233564
20120731	2012.5806	0.04300264856	0.6359782995	-2.384707837	86.131746
20120801	2012.5833	0.1261519368	0.60980832	-2.988796333	78.31200952
20120802	2012.5861	0.1842078485	0.5569341153	-3.559379092	71.69819169
20120803	2012.5888	0.2132616654	0.4816926259	-4.054636897	66.11940279
20120804	2012.5915	0.2114477767	0.3907046949	-4.432870004	61.57793
20120805	2012.5943	0.1793055433	0.2925433384	-4.656005071	58.49505167
20120806	2012.5970	0.1199318047	0.1971089778	-4.693071406	58.68139832
20120807	2012.5997	0.03886935643	0.1147623113	-4.523312107	71.28904546
20120808	2012.6025	-0.0562891809	0.05531311069	-4.138609863	135.5010943
20120809	2012.6052	-0.1565546669	0.02699283684	-3.544949338	170.2173609
20120810	2012.6079	-0.2523794278	0.0355410667	-2.762723282	171.9840938
20120811	2012.6107	-0.3345789009	0.08351559188	-1.825807149	165.9845714
20120812	2012.6134	-0.3952257584	0.1699056573	-0.7794475418	156.7373629
20120813	2012.6161	-0.4284081504	0.2900942987	0.3228858614	145.8963159
20120814	2012.6189	-0.4307579683	0.4361793394	1.423438247	134.6417069
20120815	2012.6216	-0.4016849819	0.5976234054	2.464548299	123.9065198
20120816	2012.6243	-0.3432971458	0.7621666181	3.393029808	114.2478826
20120817	2012.6270	-0.2600346507	0.9169093715	4.164087173	105.8332874
20120818	2012.6298	-0.1580833764	1.049461081	4.744343879	98.56622741
20120819	2012.6325	-0.04465799092	1.149051891	5.113680327	92.22568474
20120820	2012.6352	0.07274481678	1.207511632	5.26574484	86.55246412
20120821	2012.6380	0.1870284167	1.220028949	5.207196459	81.28450177
20120822	2012.6407	0.2920402299	1.185615395	4.955921773	76.16239858
20120823	2012.6434	0.3829344167	1.107220649	4.538591791	70.92195616
20120824	2012.6462	0.4563422577	0.9914782257	3.9879583	65.28506166
20120825	2012.6489	0.510368726	0.8481010945	3.340239346	58.9613892
20120826	2012.6516	0.5444561272	0.688987075	2.632845879	51.68326028
20120827	2012.6544	0.5591664724	0.5271301349	1.902588173	43.31076057
20120828	2012.6571	0.5559315025	0.3754596061	1.184385645	34.03392172
20120829	2012.6598	0.536806507	0.2457362441	0.5103956487	24.59709128
20120830	2012.6626	0.5042498606	0.1476186208	-0.09060399426	16.31733711
20120831	2012.6653	0.4609411391	0.08798108993	-0.5937692891	10.80622042
20120901	2012.6680	0.4096457772	0.07052424238	-0.9788301046	9.768234051
20120902	2012.6708	0.3531296856	0.09567700926	-1.230875425	15.15976969
20120903	2012.6735	0.2941217294	0.1607527792	-1.341236307	28.65889255
20120904	2012.6762	0.2353142282	0.2602985713	-1.308320586	47.88589531
20120905	2012.6790	0.1793808626	0.3865724265	-1.138195252	65.10732705
20120906	2012.6817	0.1289820603	0.5300970912	-0.8447234529	76.32465955
20120907	2012.6844	0.0867282016	0.6802583097	-0.4491366748	82.73438381
20120908	2012.6872	0.05508435068	0.8259344722	0.02098039517	86.18440213
20120909	2012.6899	0.03622105112	0.9561547429	0.5332299153	87.8305588
20120910	2012.6926	0.03183301891	1.060780966	1.052345468	88.28112448
20120911	2012.6954	0.04295345364	1.131193453	1.542395675	87.82542076
20120912	2012.6981	0.06978803161	1.160936446	1.969105927	86.55988608
20120913	2012.7008	0.1115880468	1.146256204	2.302172938	84.43977622
20120914	2012.7036	0.1665812173	1.086456525	2.517447971	81.28299559
20120915	2012.7063	0.2319775591	0.9840103814	2.598836379	76.73489203
20120916	2012.7090	0.3040620303	0.8443979167	2.539714989	70.19639153
20120917	2012.7117	0.3783768779	0.675678415	2.34364693	60.75136955
20120918	2012.7145	0.449987526	0.4878362969	2.0242202	47.31109357
20120919	2012.7172	0.5138147848	0.2919641724	1.603953907	29.60646994
20120920	2012.7199	0.5650016931	0.09935991692	1.112360803	9.973922708
20120921	2012.7227	0.599270997	-0.07937871834	0.5833772666	352.454594
20120922	2012.7254	0.6132274276	-0.2351789509	0.05244764075	339.0176735
20120923	2012.7281	0.6045702578	-0.3611627543	-0.4464252617	329.1464302
20120924	2012.7309	0.5722032328	-0.453103371	-0.8833762269	321.6257969
20120925	2012.7336	0.5162558397	-0.5096326375	-1.234897949	315.3699001
20120926	2012.7363	0.4380530775	-0.5321897988	-1.485442263	309.4582874
20120927	2012.7391	0.340078093	-0.5247297906	-1.628321201	302.9473275
20120928	2012.7418	0.2259556663	-0.4932303189	-1.66586514	294.6131741
20120929	2012.7445	0.1004492624	-0.4450491699	-1.608830021	282.7187562
20120930	2012.7473	-0.03057306915	-0.3881905046	-1.475095902	265.4968002
20121001	2012.7500	-0.1602673297	-0.3305461532	-1.287764311	244.1332884
20121002	2012.7527	-0.281088635	-0.2791828459	-1.072828648	224.8051065
20121003	2012.7555	-0.3852307881	-0.2397435554	-0.8566442337	211.8955519
20121004	2012.7582	-0.4652102443	-0.2160185535	-0.6634494784	204.9076141
20121005	2012.7609	-0.5145419624	-0.2097209952	-0.5131854578	202.1752067
20121006	2012.7637	-0.5284294801	-0.2204770413	-0.4198374642	202.6473992
20121007	2012.7664	-0.504377344	-0.2460174283	-0.3904806454	206.001483
20121008	2012.7691	-0.4426365229	-0.2825399545	-0.4251376725	212.5505557
20121009	2012.7719	-0.3464120942	-0.3252006115	-0.5174425395	223.1910339
20121010	2012.7746	-0.2217906107	-0.3686818638	-0.6559759114	238.9698426
20121011	2012.7773	-0.07737583994	-0.4077775472	-0.826035914	259.2558516
20121012	2012.7801	0.07634744946	-0.4379284648	-1.011563514	279.889423
20121013	2012.7828	0.2278729634	-0.4556481697	-1.196959937	296.569968
20121014	2012.7855	0.365680003	-0.4587971089	-1.368599351	308.5562741
20121015	2012.7883	0.4792886831	-0.4466895165	-1.515921991	317.0162716
20121016	2012.7910	0.5602483427	-0.4200413208	-1.632060765	323.1395899
20121017	2012.7937	0.6029454026	-0.380781844	-1.713998712	327.7261069
20121018	2012.7964	0.6051365987	-0.3317586287	-1.762288397	331.2667909
20121019	2012.7992	0.568145547	-0.2763706393	-1.780400535	334.0597018
20121020	2012.8019	0.4966979887	-0.218173351	-1.77380191	336.2866373
20121021	2012.8046	0.3984109208	-0.1605042648	-1.748879445	338.0574116
20121022	2012.8074	0.2829909271	-0.1061726034	-1.711831631	339.4349016
20121023	2012.8101	0.1612322267	-0.05724238175	-1.667654675	340.4535783
20121024	2012.8128	0.04392896796	-0.01491939669	-1.619360574	341.241204
20121025	2012.8156	-0.05917494861	0.02046297324	-1.567560338	160.9243758
20121026	2012.8183	-0.1402832808	0.04937112121	-1.510507618	160.6110545
20121027	2012.8210	-0.1942012797	0.07292141279	-1.444621831	159.4191449
20121028	2012.8238	-0.2186919284	0.09266010508	-1.365412524	157.0375521
20121029	2012.8265	-0.2145211742	0.1102873976	-1.268637345	152.7918685
20121030	2012.8292	-0.1852132025	0.1273580827	-1.151470231	145.4864346
20121031	2012.8320	-0.1365587574	0.1450074488	-1.013447403	133.2812953
20121101	2012.8347	-0.07593047655	0.1637532043	-0.8569984062	114.8766122
20121102	2012.8374	-0.01146753867	0.1834104811	-0.6874513923	93.57769844
20121103	2012.8402	0.04879582731	0.2031336793	-0.5125056116	76.49260079
20121104	2012.8429	0.09777002608	0.2215726874	-0.3412583854	66.19029677
20121105	2012.8456	0.1300243066	0.2371074842	-0.1829371392	61.26064655
20121106	2012.8484	0.1422905082	0.2481119291	-0.04552186236	60.16602146
20121107	2012.8511	0.1336951934	0.2532006956	0.06553778927	62.16502129
20121108	2012.8538	0.1056937601	0.2514289919	0.1483032411	67.1994686
20121109	2012.8566	0.06171992242	0.2424311424	0.2048440919	75.71664541
20121110	2012.8593	0.006603800488	0.2264929002	0.2411374295	88.32991351
20121111	2012.8620	-0.05415364207	0.2045537267	0.2663572659	104.8283299
20121112	2012.8648	-0.1151401402	0.1781342496	0.2916500876	122.8773028
20121113	2012.8675	-0.1717127433	0.1491861182	0.3285762061	139.0154917
20121114	2012.8702	-0.2205035216	0.1198692978	0.387444113	151.4707783
20121115	2012.8730	-0.2596881763	0.09227442082	0.4757773627	160.4384614
20121116	2012.8757	-0.2889995557	0.06812213358	0.5971297331	166.7365192
20121117	2012.8784	-0.3095131743	0.04848360501	0.7504055246	171.0972653
20121118	2012.8811	-0.3232673064	0.03357112879	0.9297595847	174.0711182
20121119	2012.8839	-0.3327991713	0.02264086486	1.125065492	176.1080726
20121120	2012.8866	-0.3406803032	0.01403217326	1.322869243	177.6413955
20121121	2012.8893	-0.3491222283	0.005344806908	1.507699826	179.1229119
20121122	2012.8921	-0.3597034755	-0.00626807136	1.663584488	180.9983159
20121123	2012.8948	-0.3732443945	-0.02373238238	1.775608305	183.6381988
20121124	2012.8975	-0.3898284842	-0.04966538759	1.831364315	187.2605496
20121125	2012.9003	-0.4089413887	-0.0860275686	1.822161579	191.8798896
20121126	2012.9030	-0.4296794512	-0.1338707714	1.743888141	197.3049259
20121127	2012.9057	-0.450974921	-0.1932240117	1.597459265	203.1931211
20121128	2012.9085	-0.4717931581	-0.2631303105	1.388818005	209.1494516
20121129	2012.9112	-0.4912726688	-0.3418145552	1.128491858	214.8291774
20121130	2012.9139	-0.5087958408	-0.4269366629	0.8307395243	220.0004137
20121201	2012.9167	-0.523992376	-0.5158742486	0.5123473445	224.5527071
20121202	2012.9194	-0.5366873921	-0.6059827579	0.1911677635	228.470359
20121203	2012.9221	-0.5468137134	-0.6947927346	-0.1154614654	231.7966519
20121204	2012.9249	-0.5543127504	-0.7801192222	-0.3922358061	234.6043494
20121205	2012.9276	-0.5590473868	-0.8600753264	-0.6271508067	236.9762062
20121206	2012.9303	-0.5607430572	-0.9330012082	-0.8123696998	238.9937118
20121207	2012.9331	-0.5589644775	-0.9973410365	-0.9446190863	240.7313444
20121208	2012.9358	-0.5531297167	-1.05151725	-1.025118231	242.2542793
20121209	2012.9385	-0.5425595929	-1.093853888	-1.059105236	243.6182495
20121210	2012.9413	-0.526555308	-1.122585398	-1.055048959	244.8707972
20121211	2012.9440	-0.504490916	-1.135961337	-1.023634392	246.0535513
20121212	2012.9467	-0.4759036961	-1.132431744	-0.9766037297	247.2054513
20121213	2012.9495	-0.4405674132	-1.110880006	-0.9255434458	248.3670616
20121214	2012.9522	-0.3985389721	-1.070860523	-0.8807208774	249.586393
20121215	2012.9549	-0.350174806	-1.012795183	-0.8500707029	250.9271293
20121216	2012.9577	-0.2961178587	-0.9380849261	-0.8384075483	252.481068
20121217	2012.9604	-0.2372585358	-0.8491031706	-0.846910683	254.3884406
20121218	2012.9631	-0.1746732901	-0.7490582696	-0.8729051145	256.8737378
20121219	2012.9658	-0.1095442246	-0.641739262	-0.9099561734	260.3130366
20121220	2012.9686	-0.04306517249	-0.5311829758	-0.9482967148	265.3649349
20121221	2012.9713	0.02365554269	-0.4213111521	-0.9755985268	273.2136371
20121222	2012.9740	0.08968207313	-0.3155838986	-0.9780634371	285.8639955
20121223	2012.9768	0.1543160551	-0.2167092898	-0.9417493277	305.4542066
20121224	2012.9795	0.2171340299	-0.1264429028	-0.8539918438	329.7866224
20121225	2012.9822	0.2779968877	-0.04550193244	-0.7047637326	350.7043765
20121226	2012.9850	0.3370324158	0.0263967407	-0.4878321966	4.478324938
20121227	2012.9877	0.3945918919	0.09038341146	-0.2016075657	12.90135259
20121228	2012.9904	0.451183467	0.148191677	0.1503932791	18.1828196
20121229	2012.9932	0.5073883578	0.2018569851	0.5595166059	21.69440749
20121230	2012.9959	0.5637675004	0.253393073	1.012390207	24.20219091
20121231	2012.9986	0.6207661688	0.3044810489	1.491768855	26.12759681
20130101	2013.0014	0.6786245122	0.3562056549	1.977742408	27.694693
20130102	2013.0041	0.7373025713	0.4088728107	2.449197557	29.01065869
20130103	2013.0068	0.7964257568	0.4619363164	2.885389555	30.11423796
20130104	2013.0096	0.8552506887	0.5140453881	3.267464354	31.00782222
20130105	2013.0123	0.9126464541	0.5632026403	3.579774115	31.67912249
20130106	2013.0151	0.9670872792	0.6070043276	3.810847445	32.11494695
20130107	2013.0178	1.016658419	0.6429267962	3.953912608	32.30893894
20130108	2013.0205	1.059082458	0.6686225584	4.006931227	32.26513851
20130109	2013.0233	1.091774101	0.6821919303	3.972176617	31.99908495
20130110	2013.0260	1.111928852	0.682401542	3.855466246	31.53784501
20130111	2013.0288	1.116648786	0.6688310858	3.665208008	30.92004016
20130112	2013.0315	1.103108353	0.6419438136	3.411430081	30.19687359
20130113	2013.0342	1.068761906	0.6030897051	3.104935934	29.43552328
20130114	2013.0370	1.011588079	0.5544562684	2.75667369	28.72735833
20130115	2013.0397	0.9303544485	0.4989776162	2.377349752	28.20602361
20130116	2013.0425	0.8248739032	0.4402024193	1.977264089	28.08706819
20130117	2013.0452	0.6962162472	0.3821140769	1.566307456	28.75991545
20130118	2013.0479	0.5468361775	0.3288966132	1.154042704	31.02495831
20130119	2013.0507	0.3805831111	0.2846472789	0.7497912926	36.79369978
20130120	2013.0534	0.2025706256	0.2530506521	0.3626548274	51.32223396
20130121	2013.0562	0.01890261464	0.2370457499	0.001416175482	85.44074034
20130122	2013.0589	-0.1637243962	0.2385284964	-0.325708089	124.4654486
20130123	2013.0616	-0.3385031222	0.2581290887	-0.6114500016	142.6722899
20130124	2013.0644	-0.499027678	0.295088865	-0.8499515966	149.4030012
20130125	2013.0671	-0.639775716	0.3472433978	-1.037228224	151.5087484
20130126	2013.0699	-0.7565032216	0.4111062114	-1.171556745	151.4790356
20130127	2013.0726	-0.8465078691	0.4820437464	-1.253719293	150.3406586
20130128	2013.0753	-0.9087379663	0.5545352545	-1.287043108	148.6073855
20130129	2013.0781	-0.9437479176	0.6225167161	-1.277197967	146.590285
20130130	2013.0808	-0.9535229675	0.6798086765	-1.231750043	144.5132501
20130131	2013.0836	-0.9412114442	0.7206174202	-1.159513232	142.561336
20130201	2013.0863	-0.9108081085	0.7400767515	-1.069770591	140.9044298
20130202	2013.0890	-0.8668271863	0.7347730735	-0.9714598931	139.713453
20130203	2013.0918	-0.8139919813	0.7031834716	-0.8724373684	139.1772407
20130204	2013.0945	-0.7569546557	0.6459634062	-0.7789436979	139.5235085
20130205	2013.0973	-0.7000491314	0.5660427591	-0.6953727994	141.0418359
20130206	2013.1000	-0.6470749139	0.4685137841	-0.6243820681	144.093629
20130207	2013.1027	-0.6011102701	0.3603135945	-0.567307689	149.0609598
20130208	2013.1055	-0.5643566188	0.2497185598	-0.5247852052	156.1313948
20130209	2013.1082	-0.5380180461	0.1456844547	-0.4974295056	164.8487861
20130210	2013.1110	-0.5222201983	0.05708678042	-0.4864046993	173.7614525
20130211	2013.1137	-0.5159753719	-0.008065312104	-0.4937293707	180.8955286
20130212	2013.1164	-0.5172060954	-0.04336030884	-0.5222242551	184.7922226
20130213	2013.1192	-0.5228420864	-0.04458742977	-0.5750994493	184.8743312
20130214	2013.1219	-0.5290005025	-0.01015744685	-0.6552661447	181.1000128
20130215	2013.1247	-0.5312497128	0.0586890698	-0.7645212077	173.6958919
20130216	2013.1274	-0.5249481016	0.1578944314	-0.9027843288	163.2597097
20130217	2013.1301	-0.5056427796	0.2808113921	-1.067567345	150.9541648
20130218	2013.1329	-0.4695046898	0.4186343832	-1.253820815	138.2781721
20130219	2013.1356	-0.4137635835	0.561019444	-1.45422816	126.4095514
20130220	2013.1384	-0.3370921659	0.6968626461	-1.659911193	115.814367
20130221	2013.1411	-0.2398816157	0.8151777628	-1.861402564	106.397526
20130222	2013.1438	-0.1243564549	0.9059855221	-2.049663937	97.815635
20130223	2013.1466	0.00550507725	0.9611165262	-2.216907131	89.67182518
20130224	2013.1493	0.1442525093	0.9748424803	-2.357025505	81.5827277
20130225	2013.1521	0.2854241407	0.9442766259	-2.465562226	73.18163897
20130226	2013.1548	0.4221379874	0.8695129391	-2.539290327	64.10398917
20130227	2013.1575	0.5477430071	0.7535015119	-2.575599317	53.98546464
20130228	2013.1603	0.6564496452	0.6016870182	-2.57194019	42.50767288
20130301	2013.1630	0.7438559045	0.4214660357	-2.525563957	29.5357323
20130302	2013.1658	0.8072917045	0.2215379175	-2.433693578	15.34541281
20130303	2013.1685	0.8459236905	0.01122556716	-2.294117978	0.7602811909
20130304	2013.1712	0.8605982959	-0.2001713854	-2.106053786	346.9060702
20130305	2013.1740	0.8534502487	-0.4039497371	-1.871047734	334.6711626
20130306	2013.1767	0.827354619	-0.5924812614	-1.593700363	324.3929712
20130307	2013.1795	0.7853356361	-0.7595890475	-1.282046523	315.9547613
20130308	2013.1822	0.7300524392	-0.9008167436	-0.9474974434	309.0224814
20130309	2013.1849	0.6634588519	-1.013579414	-0.6043193114	303.2075618
20130310	2013.1877	0.5866903151	-1.097178015	-0.268691468	298.1346029
20130311	2013.1904	0.5001822237	-1.152663627	0.04254992063	293.4577569
20130312	2013.1932	0.4039834636	-1.182555126	0.3133278356	288.861149
20130313	2013.1959	0.2982004582	-1.190436544	0.5297240275	284.0630266
20130314	2013.1986	0.1834869519	-1.180478731	0.6812013612	278.8350343
20130315	2013.2014	0.06148151972	-1.156940843	0.7615272187	273.0419198
20130316	2013.2041	-0.06490523086	-1.123709299	0.7693195924	266.6942798
20130317	2013.2068	-0.1914280113	-1.083923535	0.7081789823	259.9844648
20130318	2013.2096	-0.3126932951	-1.039721797	0.5864116431	253.2614936
20130319	2013.2123	-0.4225595767	-0.9921228643	0.4163865174	246.9301388
20130320	2013.2151	-0.5146723417	-0.9410457354	0.2135888042	241.3250746
20130321	2013.2178	-0.5830429279	-0.8854597118	-0.004561506517	236.6365537
20130322	2013.2205	-0.6225954149	-0.8236508683	-0.2200567517	232.9144663
20130323	2013.2233	-0.6296294847	-0.7535841163	-0.415737152	230.1207977
20130324	2013.2260	-0.6021662014	-0.6733295929	-0.5767167115	228.1933772
20130325	2013.2288	-0.540154851	-0.5815100904	-0.6916722757	227.111511
20130326	2013.2315	-0.445526614	-0.4777194238	-0.7538486767	226.9970463
20130327	2013.2342	-0.3220910588	-0.3628633359	-0.7616375458	228.4065423
20130328	2013.2370	-0.1752871636	-0.2393819567	-0.7186185816	233.7865896
20130329	2013.2397	-0.01181870033	-0.1113216471	-0.6330062099	263.9397724
20130330	2013.2425	0.1607828323	0.01576851502	-0.5165173982	5.601277888
20130331	2013.2452	0.3346213727	0.1351330613	-0.3827578225	21.9907629
20130401	2013.2479	0.5018847795	0.2393029614	-0.2453014683	25.49220601
20130402	2013.2507	0.6552464537	0.3207641878	-0.1157053372	26.08323292
20130403	2013.2534	0.788196866	0.3727515414	-0.001744856629	25.31025374
20130404	2013.2562	0.8952914642	0.3900899169	0.0938425743	23.54337151
20130405	2013.2589	0.9723097907	0.3699833246	0.173871204	20.8328211
20130406	2013.2616	1.016324928	0.3126407195	0.2463449559	17.0988848
20130407	2013.2644	1.025684951	0.2216351701	0.3232220927	12.19328818
20130408	2013.2671	0.999914269	0.1039203368	0.4184578989	5.933405586
20130409	2013.2699	0.9395551988	-0.03053189385	0.5456171202	358.1387647
20130410	2013.2726	0.845986772	-0.1694637659	0.7154469147	348.6727194
20130411	2013.2753	0.7212714682	-0.2993784181	0.9338223857	337.4581103
20130412	2013.2781	0.5680803313	-0.4068011868	1.200405507	324.3936248
20130413	2013.2808	0.3897254035	-0.4796215236	1.508217253	309.0962273
20130414	2013.2836	0.1902905709	-0.5083657605	1.844155455	290.5217909
20130415	2013.2863	-0.02518604757	-0.4872560324	2.190336125	267.04104
20130416	2013.2890	-0.2505481275	-0.4149328617	2.526018995	238.8752402
20130417	2013.2918	-0.4784494131	-0.2947525089	2.829811857	211.6354714
20130418	2013.2945	-0.7004365265	-0.1346114143	3.08183612	190.8785917
20130419	2013.2973	-0.9072258136	0.05370309854	3.26557261	176.6123379
20130420	2013.3000	-1.089180814	0.2555844356	3.369181648	166.7940476
20130421	2013.3027	-1.236957228	0.454992811	3.386189727	159.8048482
20130422	2013.3055	-1.34224667	0.6359974825	3.315534949	154.6469762
20130423	2013.3082	-1.398530873	0.7842910558	3.161046326	150.7164493
20130424	2013.3110	-1.401755246	0.8885027517	2.930495492	147.6314278
20130425	2013.3137	-1.350837393	0.9411792167	2.63440818	145.1336226
20130426	2013.3164	-1.247939254	0.9393554421	2.284848953	143.0302984
20130427	2013.3192	-1.098455471	0.8846878429	1.894375657	141.1522905
20130428	2013.3219	-0.9107075056	0.7831599075	1.475293334	139.3062247
20130429	2013.3247	-0.6953743937	0.6444014322	1.039245192	137.178818
20130430	2013.3274	-0.4647217716	0.4806915664	0.5970991827	134.0322594
