 GSMQ        -0.01948 0.00204         0.15491 0.00202        -0.00825 0.00661 0.000000 0.000000 0.000000  2015.00140000
 GSMQ        -0.02235 0.00211         0.14707 0.00215        -0.00341 0.00705 0.000000 0.000000 0.000000  2015.00410000
 GSMQ        -0.02043 0.00219         0.14736 0.00215        -0.00092 0.00720 0.000000 0.000000 0.000000  2015.00680000
 GSMQ        -0.01949 0.00189         0.15424 0.00197        -0.00434 0.00616 0.000000 0.000000 0.000000  2015.00960000
 GSMQ        -0.01939 0.00212         0.15623 0.00212        -0.01150 0.00724 0.000000 0.000000 0.000000  2015.01230000
 GSMQ        -0.02012 0.00258         0.15434 0.00274        -0.00871 0.00877 0.000000 0.000000 0.000000  2015.01510000
 GSMQ        -0.01886 0.00185         0.15483 0.00184        -0.01399 0.00612 0.000000 0.000000 0.000000  2015.01780000
 GSMQ        -0.02020 0.00201         0.14235 0.00198        -0.01629 0.00677 0.000000 0.000000 0.000000  2015.02050000
 GSMQ        -0.02105 0.00234         0.14821 0.00236        -0.01037 0.00780 0.000000 0.000000 0.000000  2015.02330000
 GSMQ        -0.02159 0.00262         0.14355 0.00257        -0.00898 0.00864 0.000000 0.000000 0.000000  2015.02600000
 GSMQ        -0.02041 0.00242         0.14521 0.00235        -0.00796 0.00830 0.000000 0.000000 0.000000  2015.02880000
 GSMQ        -0.02245 0.00265         0.14384 0.00391        -0.01786 0.00868 0.000000 0.000000 0.000000  2015.03150000
 GSMQ        -0.02060 0.00215         0.15192 0.00212        -0.01965 0.00709 0.000000 0.000000 0.000000  2015.03420000
 GSMQ        -0.01942 0.00202         0.14982 0.00209        -0.01809 0.00673 0.000000 0.000000 0.000000  2015.03700000
 GSMQ        -0.02090 0.00197         0.14930 0.00197        -0.01911 0.00663 0.000000 0.000000 0.000000  2015.03970000
 GSMQ        -0.02151 0.00233         0.15326 0.00222        -0.02416 0.00759 0.000000 0.000000 0.000000  2015.04250000
 GSMQ        -0.02112 0.00185         0.15433 0.00186        -0.01932 0.00607 0.000000 0.000000 0.000000  2015.04520000
 GSMQ        -0.02250 0.00205         0.14412 0.00200        -0.01745 0.00695 0.000000 0.000000 0.000000  2015.04790000
 GSMQ        -0.02111 0.00171         0.14196 0.00171        -0.02024 0.00556 0.000000 0.000000 0.000000  2015.05070000
 GSMQ        -0.01976 0.00234         0.15160 0.00234        -0.01799 0.00794 0.000000 0.000000 0.000000  2015.05340000
 GSMQ        -0.02213 0.00235         0.14352 0.00225        -0.01425 0.00793 0.000000 0.000000 0.000000  2015.05620000
 GSMQ        -0.02200 0.00238         0.14808 0.00234        -0.01021 0.00799 0.000000 0.000000 0.000000  2015.05890000
 GSMQ        -0.01845 0.00193         0.15651 0.00196        -0.01602 0.00632 0.000000 0.000000 0.000000  2015.06160000
 GSMQ        -0.02001 0.00181         0.14600 0.00189        -0.01448 0.00573 0.000000 0.000000 0.000000  2015.06440000
 GSMQ        -0.01865 0.00203         0.14397 0.00212        -0.01462 0.00681 0.000000 0.000000 0.000000  2015.06710000
 GSMQ        -0.01899 0.00218         0.15676 0.00222        -0.01621 0.00754 0.000000 0.000000 0.000000  2015.06990000
 GSMQ        -0.01941 0.00184         0.15566 0.00186        -0.01886 0.00610 0.000000 0.000000 0.000000  2015.07260000
 GSMQ        -0.01899 0.00255         0.15750 0.00249        -0.01680 0.00864 0.000000 0.000000 0.000000  2015.07530000
 GSMQ        -0.01988 0.00230         0.15665 0.00245        -0.01668 0.00784 0.000000 0.000000 0.000000  2015.07810000
 GSMQ        -0.02041 0.00223         0.15726 0.00232        -0.01667 0.00780 0.000000 0.000000 0.000000  2015.08080000
 GSMQ        -0.02019 0.00174         0.15573 0.00179        -0.01872 0.00577 0.000000 0.000000 0.000000  2015.08360000
 GSMQ        -0.02052 0.00168         0.15601 0.00180        -0.01826 0.00555 0.000000 0.000000 0.000000  2015.08630000
 GSMQ        -0.01985 0.00167         0.15646 0.00182        -0.02384 0.00544 0.000000 0.000000 0.000000  2015.08900000
 GSMQ        -0.01981 0.00178         0.15655 0.00189        -0.02641 0.00597 0.000000 0.000000 0.000000  2015.09180000
 GSMQ        -0.01782 0.00190         0.15537 0.00198        -0.02579 0.00637 0.000000 0.000000 0.000000  2015.09450000
 GSMQ        -0.01772 0.00227         0.15378 0.00242        -0.02329 0.00760 0.000000 0.000000 0.000000  2015.09730000
 GSMQ        -0.01793 0.00187         0.15748 0.00201        -0.02207 0.00622 0.000000 0.000000 0.000000  2015.10000000
 GSMQ        -0.01953 0.00219         0.15204 0.00228        -0.02054 0.00728 0.000000 0.000000 0.000000  2015.10270000
 GSMQ        -0.01881 0.00188         0.16007 0.00195        -0.01617 0.00629 0.000000 0.000000 0.000000  2015.10550000
 GSMQ        -0.01835 0.00198         0.15439 0.00203        -0.01536 0.00646 0.000000 0.000000 0.000000  2015.10820000
 GSMQ        -0.01912 0.00186         0.15148 0.00192        -0.01658 0.00587 0.000000 0.000000 0.000000  2015.11100000
 GSMQ        -0.02061 0.00184         0.14483 0.00200        -0.01785 0.00581 0.000000 0.000000 0.000000  2015.11370000
 GSMQ        -0.02145 0.00185         0.14420 0.00201        -0.01384 0.00616 0.000000 0.000000 0.000000  2015.11640000
 GSMQ        -0.02093 0.00172         0.14279 0.00177        -0.01289 0.00556 0.000000 0.000000 0.000000  2015.11920000
 GSMQ        -0.01979 0.00178         0.14362 0.00181        -0.02024 0.00553 0.000000 0.000000 0.000000  2015.12190000
 GSMQ        -0.02223 0.00176         0.14474 0.00182        -0.01815 0.00555 0.000000 0.000000 0.000000  2015.12470000
 GSMQ        -0.01821 0.00173         0.14544 0.00181        -0.01390 0.00542 0.000000 0.000000 0.000000  2015.12740000
 GSMQ        -0.01837 0.00166         0.14489 0.00171        -0.01553 0.00535 0.000000 0.000000 0.000000  2015.13010000
 GSMQ        -0.02026 0.00178         0.14479 0.00187        -0.01203 0.00583 0.000000 0.000000 0.000000  2015.13290000
 GSMQ        -0.01902 0.00179         0.14554 0.00181        -0.01321 0.00567 0.000000 0.000000 0.000000  2015.13560000
 GSMQ        -0.01894 0.00193         0.14562 0.00199        -0.00771 0.00623 0.000000 0.000000 0.000000  2015.13840000
 GSMQ        -0.01787 0.00320         0.15520 0.00324        -0.02118 0.01119 0.000000 0.000000 0.000000  2015.14110000
 GSMQ        -0.01940 0.00189         0.15470 0.00194        -0.01762 0.00634 0.000000 0.000000 0.000000  2015.14380000
 GSMQ        -0.02014 0.00195         0.14347 0.00205        -0.01333 0.00631 0.000000 0.000000 0.000000  2015.14660000
 GSMQ        -0.01762 0.00202         0.14721 0.00212        -0.01279 0.00676 0.000000 0.000000 0.000000  2015.14930000
 GSMQ        -0.02141 0.00236         0.14794 0.00249        -0.00169 0.00831 0.000000 0.000000 0.000000  2015.15210000
 GSMQ        -0.01846 0.00202         0.15785 0.00210        -0.01035 0.00712 0.000000 0.000000 0.000000  2015.15480000
 GSMQ        -0.01881 0.00186         0.15593 0.00188        -0.01517 0.00605 0.000000 0.000000 0.000000  2015.15750000
 GSMQ        -0.01868 0.00227         0.15617 0.00257        -0.01514 0.00791 0.000000 0.000000 0.000000  2015.16030000
 GSMQ        -0.02015 0.00185         0.14719 0.00187        -0.01328 0.00584 0.000000 0.000000 0.000000  2015.16300000
 GSMQ        -0.01752 0.00197         0.15008 0.00211        -0.01257 0.00657 0.000000 0.000000 0.000000  2015.16580000
 GSMQ        -0.01851 0.00205         0.15872 0.00215        -0.01184 0.00719 0.000000 0.000000 0.000000  2015.16850000
 GSMQ        -0.01891 0.00203         0.15865 0.00215        -0.01371 0.00707 0.000000 0.000000 0.000000  2015.17120000
 GSMQ        -0.01853 0.00178         0.14641 0.00185        -0.01197 0.00575 0.000000 0.000000 0.000000  2015.17400000
 GSMQ        -0.01804 0.00179         0.14716 0.00189        -0.01497 0.00571 0.000000 0.000000 0.000000  2015.17670000
 GSMQ        -0.01622 0.00170         0.14630 0.00178        -0.01322 0.00542 0.000000 0.000000 0.000000  2015.17950000
 GSMQ        -0.01751 0.00201         0.15008 0.00216        -0.01705 0.00689 0.000000 0.000000 0.000000  2015.18220000
 GSMQ        -0.02037 0.00204         0.15906 0.00214        -0.01965 0.00735 0.000000 0.000000 0.000000  2015.18490000
 GSMQ        -0.01841 0.00179         0.14950 0.00184        -0.01386 0.00574 0.000000 0.000000 0.000000  2015.18770000
 GSMQ        -0.01859 0.00174         0.14686 0.00181        -0.01714 0.00557 0.000000 0.000000 0.000000  2015.19040000
 GSMQ        -0.02093 0.00167         0.14499 0.00175        -0.01629 0.00543 0.000000 0.000000 0.000000  2015.19310000
 GSMQ        -0.02056 0.00178         0.14845 0.00184        -0.01435 0.00566 0.000000 0.000000 0.000000  2015.19590000
 GSMQ        -0.02072 0.00170         0.14716 0.00178        -0.01981 0.00550 0.000000 0.000000 0.000000  2015.19860000
 GSMQ        -0.02044 0.00170         0.14640 0.00174        -0.01322 0.00549 0.000000 0.000000 0.000000  2015.20140000
 GSMQ        -0.01779 0.00175         0.14771 0.00184        -0.01215 0.00566 0.000000 0.000000 0.000000  2015.20410000
 GSMQ        -0.01939 0.00178         0.14945 0.00183        -0.01297 0.00572 0.000000 0.000000 0.000000  2015.20680000
 GSMQ        -0.01788 0.00175         0.14780 0.00177        -0.00902 0.00569 0.000000 0.000000 0.000000  2015.20960000
 GSMQ        -0.01832 0.00177         0.14968 0.00180        -0.01461 0.00572 0.000000 0.000000 0.000000  2015.21230000
 GSMQ        -0.02073 0.00185         0.14919 0.00191        -0.01775 0.00600 0.000000 0.000000 0.000000  2015.21510000
 GSMQ        -0.01811 0.00178         0.14934 0.00185        -0.01415 0.00566 0.000000 0.000000 0.000000  2015.21780000
 GSMQ        -0.02052 0.00174         0.14920 0.00179        -0.01479 0.00571 0.000000 0.000000 0.000000  2015.22050000
 GSMQ        -0.01969 0.00178         0.14905 0.00183        -0.01873 0.00569 0.000000 0.000000 0.000000  2015.22330000
 GSMQ        -0.02014 0.00185         0.15035 0.00190        -0.01845 0.00586 0.000000 0.000000 0.000000  2015.22600000
 GSMQ        -0.02082 0.00194         0.14872 0.00202        -0.01718 0.00641 0.000000 0.000000 0.000000  2015.22880000
 GSMQ        -0.02379 0.00207         0.14956 0.00204        -0.01470 0.00701 0.000000 0.000000 0.000000  2015.23150000
 GSMQ        -0.02026 0.00204         0.15365 0.00220        -0.01679 0.00660 0.000000 0.000000 0.000000  2015.23420000
 GSMQ        -0.01972 0.00211         0.15415 0.00216        -0.01213 0.00696 0.000000 0.000000 0.000000  2015.23700000
 GSMQ        -0.02078 0.00192         0.15235 0.00202        -0.01217 0.00619 0.000000 0.000000 0.000000  2015.23970000
 GSMQ        -0.02013 0.00196         0.15111 0.00203        -0.01027 0.00630 0.000000 0.000000 0.000000  2015.24250000
 GSMQ        -0.01843 0.00204         0.16288 0.00204        -0.02344 0.00652 0.000000 0.000000 0.000000  2015.24520000
 GSMQ        -0.02189 0.00206         0.16135 0.00225        -0.01815 0.00657 0.000000 0.000000 0.000000  2015.24790000
 GSMQ        -0.01914 0.00204         0.15865 0.00209        -0.01381 0.00675 0.000000 0.000000 0.000000  2015.25070000
 GSMQ        -0.01975 0.00201         0.15435 0.00212        -0.00829 0.00664 0.000000 0.000000 0.000000  2015.25340000
 GSMQ        -0.01866 0.00208         0.15829 0.00221        -0.01379 0.00699 0.000000 0.000000 0.000000  2015.25620000
 GSMQ        -0.01872 0.00193         0.15765 0.00202        -0.01518 0.00637 0.000000 0.000000 0.000000  2015.25890000
 GSMQ        -0.01888 0.00183         0.16030 0.00197        -0.02026 0.00600 0.000000 0.000000 0.000000  2015.26160000
 GSMQ        -0.02039 0.00194         0.16005 0.00199        -0.01733 0.00630 0.000000 0.000000 0.000000  2015.26440000
 GSMQ        -0.01998 0.00207         0.15529 0.00218        -0.01064 0.00688 0.000000 0.000000 0.000000  2015.26710000
 GSMQ        -0.02116 0.00215         0.15267 0.00221        -0.01358 0.00735 0.000000 0.000000 0.000000  2015.26990000
 GSMQ        -0.02052 0.00210         0.15837 0.00217        -0.01396 0.00695 0.000000 0.000000 0.000000  2015.27260000
 GSMQ        -0.02256 0.00200         0.16225 0.00209        -0.02614 0.00655 0.000000 0.000000 0.000000  2015.27530000
 GSMQ        -0.02052 0.00194         0.15559 0.00203        -0.02310 0.00648 0.000000 0.000000 0.000000  2015.27810000
 GSMQ        -0.02278 0.00199         0.16317 0.00215        -0.01324 0.00639 0.000000 0.000000 0.000000  2015.28080000
 GSMQ        -0.02254 0.00201         0.16196 0.00209        -0.00941 0.00657 0.000000 0.000000 0.000000  2015.28360000
 GSMQ        -0.02204 0.00227         0.16138 0.00241        -0.00917 0.00739 0.000000 0.000000 0.000000  2015.28630000
 GSMQ        -0.02292 0.00213         0.16438 0.00216        -0.00601 0.00704 0.000000 0.000000 0.000000  2015.28900000
 GSMQ        -0.02025 0.00224         0.16346 0.00238        -0.00655 0.00728 0.000000 0.000000 0.000000  2015.29180000
 GSMQ        -0.02190 0.00222         0.16343 0.00231        -0.00910 0.00760 0.000000 0.000000 0.000000  2015.29450000
 GSMQ        -0.02107 0.00212         0.16000 0.00232        -0.01095 0.00727 0.000000 0.000000 0.000000  2015.29730000
 GSMQ        -0.01890 0.00193         0.15961 0.00203        -0.01711 0.00635 0.000000 0.000000 0.000000  2015.30000000
 GSMQ        -0.02010 0.00202         0.16070 0.00208        -0.01418 0.00644 0.000000 0.000000 0.000000  2015.30270000
 GSMQ        -0.02278 0.00220         0.15809 0.00233        -0.00888 0.00722 0.000000 0.000000 0.000000  2015.30550000
 GSMQ        -0.02275 0.00200         0.16007 0.00207        -0.01160 0.00633 0.000000 0.000000 0.000000  2015.30820000
 GSMQ        -0.02183 0.00217         0.15912 0.00223        -0.01162 0.00694 0.000000 0.000000 0.000000  2015.31100000
 GSMQ        -0.02488 0.00231         0.15390 0.00237        -0.01047 0.00752 0.000000 0.000000 0.000000  2015.31370000
 GSMQ        -0.02057 0.00219         0.15479 0.00229        -0.00946 0.00703 0.000000 0.000000 0.000000  2015.31640000
 GSMQ        -0.02315 0.00214         0.15350 0.00222        -0.00831 0.00687 0.000000 0.000000 0.000000  2015.31920000
 GSMQ        -0.02042 0.00209         0.15659 0.00214        -0.00878 0.00665 0.000000 0.000000 0.000000  2015.32190000
 GSMQ        -0.02276 0.00220         0.15590 0.00223        -0.00859 0.00719 0.000000 0.000000 0.000000  2015.32470000
 GSMQ        -0.02103 0.00224         0.16253 0.00222        -0.01122 0.00731 0.000000 0.000000 0.000000  2015.32740000
 GSMQ        -0.02138 0.00228         0.16437 0.00238        -0.01470 0.00761 0.000000 0.000000 0.000000  2015.33010000
 GSMQ        -0.02011 0.00221         0.16454 0.00231        -0.01393 0.00700 0.000000 0.000000 0.000000  2015.33290000
 GSMQ        -0.02071 0.00204         0.16440 0.00207        -0.01546 0.00658 0.000000 0.000000 0.000000  2015.33560000
 GSMQ        -0.02193 0.00210         0.16318 0.00221        -0.01046 0.00659 0.000000 0.000000 0.000000  2015.33840000
 GSMQ        -0.02200 0.00224         0.16329 0.00241        -0.00803 0.00732 0.000000 0.000000 0.000000  2015.34110000
 GSMQ        -0.02246 0.00242         0.16444 0.00252        -0.02044 0.00777 0.000000 0.000000 0.000000  2015.34380000
 GSMQ        -0.02391 0.00222         0.16545 0.00229        -0.01296 0.00702 0.000000 0.000000 0.000000  2015.34660000
 GSMQ        -0.02221 0.00241         0.16638 0.00239        -0.01409 0.00766 0.000000 0.000000 0.000000  2015.34930000
 GSMQ        -0.02353 0.00227         0.16106 0.00228        -0.00534 0.00731 0.000000 0.000000 0.000000  2015.35210000
 GSMQ        -0.02441 0.00205         0.16194 0.00209        -0.02311 0.00669 0.000000 0.000000 0.000000  2015.35480000
 GSMQ        -0.02263 0.00200         0.16523 0.00204        -0.02278 0.00656 0.000000 0.000000 0.000000  2015.35750000
 GSMQ        -0.02556 0.00210         0.16256 0.00207        -0.01564 0.00685 0.000000 0.000000 0.000000  2015.36030000
 GSMQ        -0.02422 0.00219         0.16379 0.00230        -0.01319 0.00711 0.000000 0.000000 0.000000  2015.36300000
 GSMQ        -0.02527 0.00252         0.16259 0.00251        -0.00998 0.00844 0.000000 0.000000 0.000000  2015.36580000
 GSMQ        -0.02327 0.00219         0.16722 0.00223        -0.01331 0.00690 0.000000 0.000000 0.000000  2015.36850000
 GSMQ        -0.02341 0.00224         0.15811 0.00236        -0.00483 0.00733 0.000000 0.000000 0.000000  2015.37120000
 GSMQ        -0.02236 0.00228         0.16186 0.00241        -0.00700 0.00757 0.000000 0.000000 0.000000  2015.37400000
 GSMQ        -0.02124 0.00226         0.15898 0.00227        -0.01469 0.00731 0.000000 0.000000 0.000000  2015.37670000
 GSMQ        -0.02192 0.00216         0.15878 0.00215        -0.01752 0.00702 0.000000 0.000000 0.000000  2015.37950000
 GSMQ        -0.02322 0.00216         0.16572 0.00217        -0.01244 0.00700 0.000000 0.000000 0.000000  2015.38220000
 GSMQ        -0.02364 0.00224         0.16831 0.00220        -0.01474 0.00727 0.000000 0.000000 0.000000  2015.38490000
 GSMQ        -0.02356 0.00248         0.16467 0.00236        -0.01521 0.00806 0.000000 0.000000 0.000000  2015.38770000
 GSMQ        -0.02435 0.00232         0.15762 0.00241        -0.00737 0.00778 0.000000 0.000000 0.000000  2015.39040000
 GSMQ        -0.02473 0.00222         0.16008 0.00229        -0.00313 0.00738 0.000000 0.000000 0.000000  2015.39310000
 GSMQ        -0.02172 0.00221         0.15751 0.00231        -0.01076 0.00732 0.000000 0.000000 0.000000  2015.39590000
 GSMQ        -0.02125 0.00241         0.15950 0.00236        -0.01388 0.00778 0.000000 0.000000 0.000000  2015.39860000
 GSMQ        -0.02227 0.00225         0.16381 0.00227        -0.01100 0.00712 0.000000 0.000000 0.000000  2015.40140000
 GSMQ        -0.02192 0.00218         0.16595 0.00226        -0.01214 0.00693 0.000000 0.000000 0.000000  2015.40410000
 GSMQ        -0.02340 0.00219         0.16896 0.00234        -0.01071 0.00721 0.000000 0.000000 0.000000  2015.40680000
 GSMQ        -0.02507 0.00227         0.16919 0.00234        -0.01075 0.00758 0.000000 0.000000 0.000000  2015.40960000
 GSMQ        -0.02502 0.00229         0.16837 0.00238        -0.01010 0.00753 0.000000 0.000000 0.000000  2015.41230000
 GSMQ        -0.02602 0.00212         0.16874 0.00223        -0.01420 0.00712 0.000000 0.000000 0.000000  2015.41510000
 GSMQ        -0.02389 0.00235         0.16438 0.00247        -0.00907 0.00755 0.000000 0.000000 0.000000  2015.41780000
 GSMQ        -0.02536 0.00252         0.16600 0.00256        -0.01449 0.00764 0.000000 0.000000 0.000000  2015.42050000
 GSMQ        -0.02474 0.00224         0.16892 0.00229        -0.01227 0.00705 0.000000 0.000000 0.000000  2015.42330000
 GSMQ        -0.02492 0.00220         0.17024 0.00216        -0.01297 0.00730 0.000000 0.000000 0.000000  2015.42600000
 GSMQ        -0.02325 0.00244         0.17095 0.00242        -0.01213 0.00825 0.000000 0.000000 0.000000  2015.42880000
 GSMQ        -0.02474 0.00247         0.16898 0.00256        -0.01865 0.00823 0.000000 0.000000 0.000000  2015.43150000
 GSMQ        -0.02290 0.00225         0.16429 0.00232        -0.01516 0.00774 0.000000 0.000000 0.000000  2015.43420000
 GSMQ        -0.02370 0.00267         0.16577 0.00284        -0.01485 0.00923 0.000000 0.000000 0.000000  2015.43700000
 GSMQ        -0.02218 0.00244         0.16478 0.00247        -0.01844 0.00776 0.000000 0.000000 0.000000  2015.43970000
 GSMQ        -0.02335 0.00239         0.16589 0.00245        -0.01638 0.00728 0.000000 0.000000 0.000000  2015.44250000
 GSMQ        -0.02227 0.00218         0.16857 0.00226        -0.02101 0.00655 0.000000 0.000000 0.000000  2015.44520000
 GSMQ        -0.02360 0.00232         0.17048 0.00246        -0.02349 0.00709 0.000000 0.000000 0.000000  2015.44790000
 GSMQ        -0.02364 0.00267         0.16524 0.00279        -0.01970 0.00855 0.000000 0.000000 0.000000  2015.45070000
 GSMQ        -0.02176 0.00235         0.16212 0.00236        -0.01803 0.00757 0.000000 0.000000 0.000000  2015.45340000
 GSMQ        -0.02299 0.00253         0.16370 0.00244        -0.01204 0.00873 0.000000 0.000000 0.000000  2015.45620000
 GSMQ        -0.02038 0.00234         0.16529 0.00230        -0.02275 0.00748 0.000000 0.000000 0.000000  2015.45890000
 GSMQ        -0.02271 0.00259         0.16538 0.00246        -0.02262 0.00827 0.000000 0.000000 0.000000  2015.46160000
 GSMQ        -0.02089 0.00230         0.16822 0.00225        -0.02396 0.00728 0.000000 0.000000 0.000000  2015.46440000
 GSMQ        -0.02227 0.00233         0.16891 0.00234        -0.01751 0.00741 0.000000 0.000000 0.000000  2015.46710000
 GSMQ        -0.02274 0.00234         0.16663 0.00236        -0.01376 0.00738 0.000000 0.000000 0.000000  2015.46990000
 GSMQ        -0.02084 0.00242         0.16646 0.00244        -0.02412 0.00779 0.000000 0.000000 0.000000  2015.47260000
 GSMQ        -0.02006 0.00235         0.16774 0.00244        -0.01575 0.00765 0.000000 0.000000 0.000000  2015.47530000
 GSMQ        -0.02332 0.00249         0.16879 0.00255        -0.00977 0.00788 0.000000 0.000000 0.000000  2015.47810000
 GSMQ        -0.02279 0.00246         0.17164 0.00233        -0.01602 0.00812 0.000000 0.000000 0.000000  2015.48080000
 GSMQ        -0.02424 0.00314         0.15998 0.00287        -0.01336 0.01073 0.000000 0.000000 0.000000  2015.48360000
 GSMQ        -0.02501 0.00252         0.16607 0.00251        -0.00507 0.00849 0.000000 0.000000 0.000000  2015.48630000
 GSMQ        -0.02303 0.00211         0.16477 0.00221        -0.01030 0.00708 0.000000 0.000000 0.000000  2015.48900000
 GSMQ        -0.02375 0.00253         0.16536 0.00246        -0.02134 0.00853 0.000000 0.000000 0.000000  2015.49180000
 GSMQ        -0.02366 0.00278         0.16280 0.00265        -0.01808 0.00961 0.000000 0.000000 0.000000  2015.49450000
 GSMQ        -0.02319 0.00251         0.16427 0.00240        -0.01138 0.00816 0.000000 0.000000 0.000000  2015.49730000
 GSMQ        -0.02258 0.00253         0.16533 0.00236        -0.01308 0.00822 0.000000 0.000000 0.000000  2015.50000000
 GSMQ        -0.02340 0.00224         0.16813 0.00225        -0.01103 0.00724 0.000000 0.000000 0.000000  2015.50270000
 GSMQ        -0.02474 0.00231         0.17074 0.00231        -0.00670 0.00728 0.000000 0.000000 0.000000  2015.50550000
 GSMQ        -0.02517 0.00243         0.16442 0.00246        -0.01544 0.00823 0.000000 0.000000 0.000000  2015.50820000
 GSMQ        -0.02336 0.00215         0.15982 0.00212        -0.01363 0.00720 0.000000 0.000000 0.000000  2015.51100000
 GSMQ        -0.02181 0.00221         0.16484 0.00216        -0.01138 0.00720 0.000000 0.000000 0.000000  2015.51370000
 GSMQ        -0.02182 0.00231         0.17137 0.00238        -0.01642 0.00762 0.000000 0.000000 0.000000  2015.51640000
 GSMQ        -0.02485 0.00234         0.17354 0.00239        -0.02003 0.00733 0.000000 0.000000 0.000000  2015.51920000
 GSMQ        -0.02373 0.00240         0.17456 0.00245        -0.01148 0.00782 0.000000 0.000000 0.000000  2015.52190000
 GSMQ        -0.02462 0.00275         0.16659 0.00279        -0.00991 0.00917 0.000000 0.000000 0.000000  2015.52470000
 GSMQ        -0.02503 0.00263         0.16963 0.00280        -0.00616 0.00854 0.000000 0.000000 0.000000  2015.52740000
 GSMQ        -0.02361 0.00257         0.16333 0.00255        -0.02010 0.00824 0.000000 0.000000 0.000000  2015.53010000
 GSMQ        -0.02201 0.00218         0.16156 0.00227        -0.02214 0.00711 0.000000 0.000000 0.000000  2015.53290000
 GSMQ        -0.02417 0.00228         0.16413 0.00228        -0.01837 0.00756 0.000000 0.000000 0.000000  2015.53560000
 GSMQ        -0.02534 0.00260         0.16852 0.00256        -0.01690 0.00870 0.000000 0.000000 0.000000  2015.53840000
 GSMQ        -0.02214 0.00251         0.17177 0.00251        -0.01520 0.00823 0.000000 0.000000 0.000000  2015.54110000
 GSMQ        -0.02362 0.00232         0.16710 0.00237        -0.01167 0.00778 0.000000 0.000000 0.000000  2015.54380000
 GSMQ        -0.02364 0.00255         0.16667 0.00264        -0.01836 0.00861 0.000000 0.000000 0.000000  2015.54660000
 GSMQ        -0.02410 0.00258         0.16598 0.00255        -0.01427 0.00837 0.000000 0.000000 0.000000  2015.54930000
 GSMQ        -0.02105 0.00268         0.16769 0.00262        -0.01792 0.00890 0.000000 0.000000 0.000000  2015.55210000
 GSMQ        -0.02314 0.00268         0.17080 0.00279        -0.02444 0.00900 0.000000 0.000000 0.000000  2015.55480000
 GSMQ        -0.02210 0.00247         0.16650 0.00247        -0.02138 0.00768 0.000000 0.000000 0.000000  2015.55750000
 GSMQ        -0.02386 0.00243         0.16541 0.00243        -0.00850 0.00768 0.000000 0.000000 0.000000  2015.56030000
 GSMQ        -0.02397 0.00249         0.16994 0.00256        -0.01015 0.00798 0.000000 0.000000 0.000000  2015.56300000
 GSMQ        -0.02462 0.00261         0.16561 0.00277        -0.00936 0.00870 0.000000 0.000000 0.000000  2015.56580000
 GSMQ        -0.02467 0.00257         0.16533 0.00260        -0.01828 0.00829 0.000000 0.000000 0.000000  2015.56850000
 GSMQ        -0.02172 0.00248         0.16479 0.00243        -0.01390 0.00817 0.000000 0.000000 0.000000  2015.57120000
 GSMQ        -0.02485 0.00288         0.16854 0.00279        -0.01697 0.00946 0.000000 0.000000 0.000000  2015.57400000
 GSMQ        -0.02326 0.00314         0.16687 0.00302        -0.01829 0.01024 0.000000 0.000000 0.000000  2015.57670000
 GSMQ        -0.02244 0.00272         0.17204 0.00269        -0.01637 0.00846 0.000000 0.000000 0.000000  2015.57950000
 GSMQ        -0.02180 0.00254         0.17136 0.00257        -0.01903 0.00785 0.000000 0.000000 0.000000  2015.58220000
 GSMQ        -0.02228 0.00262         0.16880 0.00273        -0.02182 0.00856 0.000000 0.000000 0.000000  2015.58490000
 GSMQ        -0.02329 0.00257         0.16585 0.00257        -0.02466 0.00849 0.000000 0.000000 0.000000  2015.58770000
 GSMQ        -0.02424 0.00243         0.16668 0.00246        -0.01898 0.00800 0.000000 0.000000 0.000000  2015.59040000
 GSMQ        -0.02205 0.00266         0.16477 0.00279        -0.02233 0.00851 0.000000 0.000000 0.000000  2015.59310000
 GSMQ        -0.02296 0.00263         0.17427 0.00260        -0.02168 0.00839 0.000000 0.000000 0.000000  2015.59590000
 GSMQ        -0.02290 0.00238         0.16493 0.00245        -0.02378 0.00736 0.000000 0.000000 0.000000  2015.59860000
 GSMQ        -0.02042 0.00216         0.15888 0.00221        -0.02028 0.00674 0.000000 0.000000 0.000000  2015.60140000
 GSMQ        -0.02205 0.00260         0.16405 0.00281        -0.01869 0.00892 0.000000 0.000000 0.000000  2015.60410000
 GSMQ        -0.02265 0.00313         0.17860 0.00331        -0.02466 0.01062 0.000000 0.000000 0.000000  2015.60680000
 GSMQ        -0.02290 0.00271         0.16557 0.00300        -0.01854 0.00905 0.000000 0.000000 0.000000  2015.60960000
 GSMQ        -0.02108 0.00284         0.16569 0.00284        -0.02378 0.00903 0.000000 0.000000 0.000000  2015.61230000
 GSMQ        -0.02337 0.00282         0.16974 0.00263        -0.02758 0.00930 0.000000 0.000000 0.000000  2015.61510000
 GSMQ        -0.02366 0.00261         0.16930 0.00253        -0.02387 0.00853 0.000000 0.000000 0.000000  2015.61780000
 GSMQ        -0.02397 0.00239         0.16886 0.00243        -0.02018 0.00777 0.000000 0.000000 0.000000  2015.62050000
 GSMQ        -0.02212 0.00251         0.16022 0.00268        -0.01840 0.00805 0.000000 0.000000 0.000000  2015.62330000
 GSMQ        -0.02267 0.00231         0.17458 0.00231        -0.02102 0.00731 0.000000 0.000000 0.000000  2015.62600000
 GSMQ        -0.02438 0.00210         0.17630 0.00197        -0.02106 0.00618 0.000000 0.000000 0.000000  2015.62880000
 GSMQ        -0.02467 0.00224         0.16875 0.00226        -0.02310 0.00659 0.000000 0.000000 0.000000  2015.63150000
 GSMQ        -0.02475 0.00211         0.17874 0.00216        -0.02165 0.00669 0.000000 0.000000 0.000000  2015.63420000
 GSMQ        -0.02638 0.00212         0.17790 0.00223        -0.01451 0.00671 0.000000 0.000000 0.000000  2015.63700000
 GSMQ        -0.02528 0.00229         0.17261 0.00242        -0.01489 0.00732 0.000000 0.000000 0.000000  2015.63970000
 GSMQ        -0.02508 0.00227         0.18077 0.00255        -0.02190 0.00729 0.000000 0.000000 0.000000  2015.64250000
 GSMQ        -0.02596 0.00219         0.17967 0.00238        -0.01788 0.00744 0.000000 0.000000 0.000000  2015.64520000
 GSMQ        -0.02487 0.00228         0.17782 0.00241        -0.01779 0.00724 0.000000 0.000000 0.000000  2015.64790000
 GSMQ        -0.02370 0.00244         0.17903 0.00256        -0.01966 0.00781 0.000000 0.000000 0.000000  2015.65070000
 GSMQ        -0.02406 0.00301         0.17996 0.00260        -0.02925 0.00975 0.000000 0.000000 0.000000  2015.65340000
 GSMQ        -0.02369 0.00237         0.17934 0.00232        -0.02492 0.00765 0.000000 0.000000 0.000000  2015.65620000
 GSMQ        -0.02426 0.00221         0.17995 0.00228        -0.01759 0.00720 0.000000 0.000000 0.000000  2015.65890000
 GSMQ        -0.02460 0.00225         0.18003 0.00231        -0.01780 0.00742 0.000000 0.000000 0.000000  2015.66163333
 GSMQ        -0.02496 0.00228         0.18015 0.00234        -0.01802 0.00765 0.000000 0.000000 0.000000  2015.66436667
 GSMQ        -0.02530 0.00232         0.18022 0.00237        -0.01824 0.00787 0.000000 0.000000 0.000000  2015.66710000
 GSMQ        -0.02513 0.00241         0.17934 0.00245        -0.02244 0.00808 0.000000 0.000000 0.000000  2015.66990000
 GSMQ        -0.02232 0.00224         0.16317 0.00220        -0.02430 0.00727 0.000000 0.000000 0.000000  2015.67260000
 GSMQ        -0.02473 0.00228         0.17806 0.00227        -0.01833 0.00708 0.000000 0.000000 0.000000  2015.67530000
 GSMQ        -0.02430 0.00219         0.17750 0.00215        -0.02353 0.00728 0.000000 0.000000 0.000000  2015.67810000
 GSMQ        -0.02355 0.00214         0.17563 0.00227        -0.02670 0.00708 0.000000 0.000000 0.000000  2015.68080000
 GSMQ        -0.02362 0.00225         0.17936 0.00225        -0.02311 0.00742 0.000000 0.000000 0.000000  2015.68360000
 GSMQ        -0.02443 0.00211         0.18069 0.00199        -0.02649 0.00675 0.000000 0.000000 0.000000  2015.68630000
 GSMQ        -0.02316 0.00199         0.16901 0.00204        -0.02154 0.00648 0.000000 0.000000 0.000000  2015.68900000
 GSMQ        -0.02677 0.00210         0.18364 0.00202        -0.02800 0.00719 0.000000 0.000000 0.000000  2015.69180000
 GSMQ        -0.02568 0.00219         0.16926 0.00217        -0.02222 0.00699 0.000000 0.000000 0.000000  2015.69450000
 GSMQ        -0.02435 0.00213         0.17457 0.00218        -0.02467 0.00679 0.000000 0.000000 0.000000  2015.69730000
 GSMQ        -0.02382 0.00212         0.17370 0.00223        -0.02296 0.00686 0.000000 0.000000 0.000000  2015.70000000
 GSMQ        -0.02504 0.00212         0.17798 0.00227        -0.02094 0.00720 0.000000 0.000000 0.000000  2015.70270000
 GSMQ        -0.02407 0.00223         0.17813 0.00220        -0.01777 0.00763 0.000000 0.000000 0.000000  2015.70550000
 GSMQ        -0.02401 0.00223         0.17709 0.00221        -0.02785 0.00718 0.000000 0.000000 0.000000  2015.70820000
 GSMQ        -0.02658 0.00230         0.17802 0.00216        -0.03340 0.00721 0.000000 0.000000 0.000000  2015.71100000
 GSMQ        -0.02561 0.00209         0.17777 0.00194        -0.02838 0.00663 0.000000 0.000000 0.000000  2015.71370000
 GSMQ        -0.02353 0.00223         0.17776 0.00219        -0.02633 0.00698 0.000000 0.000000 0.000000  2015.71640000
 GSMQ        -0.02630 0.00222         0.17751 0.00221        -0.02201 0.00715 0.000000 0.000000 0.000000  2015.71920000
 GSMQ        -0.02529 0.00217         0.17893 0.00218        -0.01893 0.00698 0.000000 0.000000 0.000000  2015.72190000
 GSMQ        -0.02686 0.00232         0.17810 0.00228        -0.01774 0.00742 0.000000 0.000000 0.000000  2015.72470000
 GSMQ        -0.02592 0.00242         0.17913 0.00229        -0.01883 0.00791 0.000000 0.000000 0.000000  2015.72740000
 GSMQ        -0.02201 0.00244         0.16647 0.00239        -0.02050 0.00785 0.000000 0.000000 0.000000  2015.73010000
 GSMQ        -0.02688 0.00221         0.18129 0.00213        -0.02194 0.00718 0.000000 0.000000 0.000000  2015.73290000
 GSMQ        -0.02756 0.00203         0.18038 0.00204        -0.00676 0.00644 0.000000 0.000000 0.000000  2015.73560000
 GSMQ        -0.02214 0.00214         0.17574 0.00216        -0.02514 0.00691 0.000000 0.000000 0.000000  2015.73840000
 GSMQ        -0.02463 0.00228         0.18199 0.00233        -0.01876 0.00720 0.000000 0.000000 0.000000  2015.74110000
 GSMQ        -0.02522 0.00228         0.17869 0.00227        -0.02472 0.00726 0.000000 0.000000 0.000000  2015.74380000
 GSMQ        -0.02196 0.00246         0.16343 0.00238        -0.02595 0.00808 0.000000 0.000000 0.000000  2015.74660000
 GSMQ        -0.02380 0.00220         0.17071 0.00217        -0.02129 0.00675 0.000000 0.000000 0.000000  2015.74930000
 GSMQ        -0.02428 0.00203         0.17801 0.00194        -0.02079 0.00630 0.000000 0.000000 0.000000  2015.75210000
 GSMQ        -0.02389 0.00225         0.17426 0.00223        -0.02720 0.00731 0.000000 0.000000 0.000000  2015.75480000
 GSMQ        -0.02605 0.00214         0.17960 0.00208        -0.02070 0.00665 0.000000 0.000000 0.000000  2015.75750000
 GSMQ        -0.02734 0.00225         0.18070 0.00219        -0.01881 0.00716 0.000000 0.000000 0.000000  2015.76030000
 GSMQ        -0.02729 0.00217         0.17808 0.00207        -0.02373 0.00697 0.000000 0.000000 0.000000  2015.76300000
 GSMQ        -0.02434 0.00233         0.18027 0.00228        -0.02132 0.00755 0.000000 0.000000 0.000000  2015.76580000
 GSMQ        -0.02363 0.00200         0.17619 0.00196        -0.02451 0.00640 0.000000 0.000000 0.000000  2015.76850000
 GSMQ        -0.02545 0.00196         0.17890 0.00193        -0.02376 0.00592 0.000000 0.000000 0.000000  2015.77120000
 GSMQ        -0.02436 0.00194         0.18145 0.00185        -0.02944 0.00597 0.000000 0.000000 0.000000  2015.77400000
 GSMQ        -0.02245 0.00191         0.16923 0.00191        -0.02531 0.00613 0.000000 0.000000 0.000000  2015.77670000
 GSMQ        -0.02452 0.00221         0.17281 0.00222        -0.02314 0.00710 0.000000 0.000000 0.000000  2015.77950000
 GSMQ        -0.02622 0.00203         0.17875 0.00191        -0.02626 0.00665 0.000000 0.000000 0.000000  2015.78220000
 GSMQ        -0.02684 0.00202         0.17852 0.00185        -0.02212 0.00655 0.000000 0.000000 0.000000  2015.78490000
 GSMQ        -0.02546 0.00204         0.17937 0.00190        -0.01628 0.00661 0.000000 0.000000 0.000000  2015.78770000
 GSMQ        -0.02480 0.00201         0.18013 0.00192        -0.02137 0.00641 0.000000 0.000000 0.000000  2015.79040000
 GSMQ        -0.02333 0.00190         0.17698 0.00184        -0.01899 0.00597 0.000000 0.000000 0.000000  2015.79310000
 GSMQ        -0.02520 0.00196         0.18090 0.00189        -0.01411 0.00609 0.000000 0.000000 0.000000  2015.79590000
 GSMQ        -0.02664 0.00203         0.18103 0.00202        -0.01479 0.00629 0.000000 0.000000 0.000000  2015.79860000
 GSMQ        -0.02570 0.00197         0.17970 0.00189        -0.01845 0.00612 0.000000 0.000000 0.000000  2015.80140000
 GSMQ        -0.02507 0.00208         0.18123 0.00204        -0.01844 0.00647 0.000000 0.000000 0.000000  2015.80410000
 GSMQ        -0.02564 0.00195         0.18037 0.00187        -0.01839 0.00625 0.000000 0.000000 0.000000  2015.80680000
 GSMQ        -0.02644 0.00194         0.18118 0.00183        -0.01946 0.00643 0.000000 0.000000 0.000000  2015.80960000
 GSMQ        -0.02363 0.00204         0.18138 0.00200        -0.01943 0.00644 0.000000 0.000000 0.000000  2015.81230000
 GSMQ        -0.02155 0.00222         0.17447 0.00216        -0.02377 0.00680 0.000000 0.000000 0.000000  2015.81510000
 GSMQ        -0.02437 0.00208         0.17123 0.00199        -0.01382 0.00675 0.000000 0.000000 0.000000  2015.81780000
 GSMQ        -0.02341 0.00207         0.17574 0.00196        -0.01249 0.00638 0.000000 0.000000 0.000000  2015.82050000
 GSMQ        -0.02356 0.00223         0.17238 0.00209        -0.02531 0.00699 0.000000 0.000000 0.000000  2015.82330000
 GSMQ        -0.02292 0.00191         0.17660 0.00181        -0.02447 0.00618 0.000000 0.000000 0.000000  2015.82600000
 GSMQ        -0.02375 0.00181         0.16928 0.00173        -0.02413 0.00564 0.000000 0.000000 0.000000  2015.82880000
 GSMQ        -0.02375 0.00184         0.17062 0.00182        -0.02333 0.00582 0.000000 0.000000 0.000000  2015.83150000
 GSMQ        -0.02274 0.00190         0.16664 0.00186        -0.02119 0.00580 0.000000 0.000000 0.000000  2015.83420000
 GSMQ        -0.02454 0.00210         0.17272 0.00210        -0.02543 0.00654 0.000000 0.000000 0.000000  2015.83700000
 GSMQ        -0.02447 0.00196         0.17064 0.00194        -0.02173 0.00613 0.000000 0.000000 0.000000  2015.83970000
 GSMQ        -0.02430 0.00203         0.17325 0.00192        -0.01979 0.00635 0.000000 0.000000 0.000000  2015.84250000
 GSMQ        -0.02101 0.00188         0.16683 0.00178        -0.02615 0.00588 0.000000 0.000000 0.000000  2015.84520000
 GSMQ        -0.02547 0.00182         0.18237 0.00172        -0.02262 0.00584 0.000000 0.000000 0.000000  2015.84790000
 GSMQ        -0.02462 0.00204         0.18238 0.00199        -0.02421 0.00666 0.000000 0.000000 0.000000  2015.85070000
 GSMQ        -0.02415 0.00193         0.17476 0.00187        -0.02564 0.00615 0.000000 0.000000 0.000000  2015.85340000
 GSMQ        -0.02463 0.00199         0.17904 0.00198        -0.02291 0.00627 0.000000 0.000000 0.000000  2015.85620000
 GSMQ        -0.02544 0.00196         0.18113 0.00192        -0.02469 0.00613 0.000000 0.000000 0.000000  2015.85890000
 GSMQ        -0.02525 0.00194         0.18063 0.00186        -0.02696 0.00610 0.000000 0.000000 0.000000  2015.86160000
 GSMQ        -0.02552 0.00197         0.18354 0.00199        -0.02232 0.00637 0.000000 0.000000 0.000000  2015.86440000
 GSMQ        -0.02563 0.00187         0.17491 0.00187        -0.01783 0.00597 0.000000 0.000000 0.000000  2015.86710000
 GSMQ        -0.02478 0.00179         0.17231 0.00177        -0.01563 0.00570 0.000000 0.000000 0.000000  2015.86990000
 GSMQ        -0.02541 0.00197         0.17306 0.00198        -0.02177 0.00622 0.000000 0.000000 0.000000  2015.87260000
 GSMQ        -0.02488 0.00202         0.17039 0.00200        -0.02029 0.00627 0.000000 0.000000 0.000000  2015.87530000
 GSMQ        -0.02349 0.00205         0.17689 0.00218        -0.02617 0.00642 0.000000 0.000000 0.000000  2015.87810000
 GSMQ        -0.02559 0.00205         0.18325 0.00213        -0.02648 0.00626 0.000000 0.000000 0.000000  2015.88080000
 GSMQ        -0.02548 0.00204         0.17616 0.00204        -0.02031 0.00623 0.000000 0.000000 0.000000  2015.88360000
 GSMQ        -0.02650 0.00202         0.18288 0.00206        -0.01836 0.00640 0.000000 0.000000 0.000000  2015.88630000
 GSMQ        -0.02516 0.00196         0.18288 0.00196        -0.01971 0.00618 0.000000 0.000000 0.000000  2015.88900000
 GSMQ        -0.02412 0.00223         0.18098 0.00227        -0.02596 0.00751 0.000000 0.000000 0.000000  2015.89180000
 GSMQ        -0.02478 0.00223         0.18204 0.00223        -0.02728 0.00767 0.000000 0.000000 0.000000  2015.89455000
 GSMQ        -0.02547 0.00223         0.18310 0.00219        -0.02862 0.00783 0.000000 0.000000 0.000000  2015.89730000
 GSMQ        -0.02438 0.00373         0.18447 0.00311        -0.02090 0.01351 0.000000 0.000000 0.000000  2015.90000000
 GSMQ        -0.02312 0.00268         0.17715 0.00238        -0.02141 0.00884 0.000000 0.000000 0.000000  2015.90270000
 GSMQ        -0.02579 0.00254         0.17988 0.00245        -0.02570 0.00857 0.000000 0.000000 0.000000  2015.90550000
 GSMQ        -0.02445 0.00214         0.17744 0.00206        -0.02999 0.00709 0.000000 0.000000 0.000000  2015.90820000
 GSMQ        -0.02563 0.00187         0.18360 0.00184        -0.02693 0.00593 0.000000 0.000000 0.000000  2015.91100000
 GSMQ        -0.02594 0.00196         0.18260 0.00207        -0.03040 0.00623 0.000000 0.000000 0.000000  2015.91370000
 GSMQ        -0.02541 0.00337         0.18367 0.00299        -0.03479 0.01082 0.000000 0.000000 0.000000  2015.91640000
 GSMQ        -0.02469 0.00349         0.18340 0.00341        -0.02993 0.01202 0.000000 0.000000 0.000000  2015.91920000
 GSMQ        -0.02300 0.00358         0.18481 0.00326        -0.02474 0.01146 0.000000 0.000000 0.000000  2015.92190000
 GSMQ        -0.02451 0.00336         0.17927 0.00322        -0.03259 0.01196 0.000000 0.000000 0.000000  2015.92470000
 GSMQ        -0.02697 0.00236         0.18366 0.00221        -0.02385 0.00773 0.000000 0.000000 0.000000  2015.92740000
 GSMQ        -0.02621 0.00254         0.18454 0.00287        -0.03037 0.00867 0.000000 0.000000 0.000000  2015.93010000
 GSMQ        -0.02632 0.00292         0.18422 0.00297        -0.02595 0.00987 0.000000 0.000000 0.000000  2015.93290000
 GSMQ        -0.02788 0.00303         0.18145 0.00288        -0.02036 0.00986 0.000000 0.000000 0.000000  2015.93560000
 GSMQ        -0.02719 0.00263         0.18703 0.00258        -0.02463 0.00848 0.000000 0.000000 0.000000  2015.93840000
 GSMQ        -0.02418 0.00333         0.18463 0.00317        -0.02753 0.01101 0.000000 0.000000 0.000000  2015.94110000
 GSMQ        -0.02492 0.00283         0.18589 0.00271        -0.02804 0.00935 0.000000 0.000000 0.000000  2015.94385000
 GSMQ        -0.02565 0.00234         0.18719 0.00225        -0.02853 0.00770 0.000000 0.000000 0.000000  2015.94660000
 GSMQ        -0.02518 0.00377         0.18605 0.00369        -0.02548 0.01384 0.000000 0.000000 0.000000  2015.94930000
 GSMQ        -0.02495 0.00397         0.18300 0.00343        -0.02953 0.01173 0.000000 0.000000 0.000000  2015.95210000
 GSMQ        -0.02658 0.00386         0.18319 0.00419        -0.02887 0.01242 0.000000 0.000000 0.000000  2015.95480000
 GSMQ        -0.02430 0.00295         0.18712 0.00270        -0.02906 0.01027 0.000000 0.000000 0.000000  2015.95750000
 GSMQ        -0.02347 0.00381         0.18449 0.00348        -0.02953 0.01382 0.000000 0.000000 0.000000  2015.96030000
 GSMQ        -0.02683 0.00286         0.18646 0.00253        -0.02436 0.00998 0.000000 0.000000 0.000000  2015.96300000
 GSMQ        -0.02420 0.00515         0.17999 0.00522        -0.02282 0.01533 0.000000 0.000000 0.000000  2015.96580000
 GSMQ        -0.02537 0.00553         0.18776 0.00483        -0.02502 0.01683 0.000000 0.000000 0.000000  2015.96850000
 GSMQ        -0.02572 0.00577         0.18554 0.00536        -0.03364 0.02471 0.000000 0.000000 0.000000  2015.97120000
 GSMQ        -0.02524 0.00349         0.18598 0.00331        -0.02705 0.01290 0.000000 0.000000 0.000000  2015.97400000
 GSMQ        -0.02530 0.00343         0.18546 0.00326        -0.01352 0.01173 0.000000 0.000000 0.000000  2015.97670000
 GSMQ        -0.02451 0.00210         0.18524 0.00197        -0.01366 0.00729 0.000000 0.000000 0.000000  2015.97950000
 GSMQ        -0.02571 0.00224         0.18699 0.00228        -0.00800 0.00765 0.000000 0.000000 0.000000  2015.98220000
 GSMQ        -0.02549 0.00246         0.18611 0.00250        -0.01342 0.00831 0.000000 0.000000 0.000000  2015.98490000
 GSMQ        -0.02630 0.00344         0.18612 0.00320        -0.01605 0.01288 0.000000 0.000000 0.000000  2015.98770000
 GSMQ        -0.02541 0.00295         0.18250 0.00319        -0.00813 0.01131 0.000000 0.000000 0.000000  2015.99040000
 GSMQ        -0.02433 0.00303         0.18420 0.00279        -0.02258 0.01116 0.000000 0.000000 0.000000  2015.99310000
 GSMQ        -0.02023 0.00298         0.18409 0.00308        -0.01061 0.00985 0.000000 0.000000 0.000000  2015.99590000
 GSMQ        -0.02976 0.00429         0.17600 0.00490         0.01629 0.01140 0.000000 0.000000 0.000000  2015.99860000
 GSMQ        -0.02645 0.00211         0.18509 0.00204        -0.00573 0.00715 0.000000 0.000000 0.000000  2016.00140000
 GSMQ        -0.02745 0.00190         0.18560 0.00191        -0.00582 0.00639 0.000000 0.000000 0.000000  2016.00410000
 GSMQ        -0.02610 0.00299         0.18472 0.00291        -0.01206 0.01041 0.000000 0.000000 0.000000  2016.00680000
 GSMQ        -0.02411 0.00337         0.18567 0.00305        -0.01219 0.01180 0.000000 0.000000 0.000000  2016.00960000
 GSMQ        -0.02424 0.00406         0.18279 0.00377        -0.02636 0.01612 0.000000 0.000000 0.000000  2016.01230000
 GSMQ        -0.02480 0.00354         0.18398 0.00319        -0.03151 0.01280 0.000000 0.000000 0.000000  2016.01500000
 GSMQ        -0.02413 0.00302         0.18482 0.00274        -0.02710 0.01051 0.000000 0.000000 0.000000  2016.01780000
 GSMQ        -0.02618 0.00272         0.18632 0.00244        -0.01468 0.00930 0.000000 0.000000 0.000000  2016.02050000
 GSMQ        -0.02576 0.00282         0.18678 0.00267        -0.00651 0.00991 0.000000 0.000000 0.000000  2016.02320000
 GSMQ        -0.02555 0.00462         0.18717 0.00666        -0.00791 0.01411 0.000000 0.000000 0.000000  2016.02600000
 GSMQ        -0.02577 0.00491         0.18775 0.00536        -0.02747 0.02047 0.000000 0.000000 0.000000  2016.02870000
 GSMQ        -0.02148 0.00422         0.18465 0.00404        -0.01803 0.01712 0.000000 0.000000 0.000000  2016.03140000
 GSMQ        -0.02477 0.00487         0.18888 0.00609        -0.01824 0.01859 0.000000 0.000000 0.000000  2016.03420000
 GSMQ        -0.02366 0.00301         0.18800 0.00312        -0.00028 0.01175 0.000000 0.000000 0.000000  2016.03690000
 GSMQ        -0.02462 0.00267         0.18631 0.00290        -0.00588 0.00976 0.000000 0.000000 0.000000  2016.03960000
 GSMQ        -0.02342 0.00330         0.18785 0.00316        -0.01299 0.01162 0.000000 0.000000 0.000000  2016.04230000
 GSMQ        -0.02347 0.00361         0.18762 0.00382        -0.01360 0.01487 0.000000 0.000000 0.000000  2016.04510000
 GSMQ        -0.02363 0.00437         0.18550 0.00446        -0.01962 0.01869 0.000000 0.000000 0.000000  2016.04780000
 GSMQ        -0.02486 0.00476         0.18828 0.00475        -0.01512 0.01849 0.000000 0.000000 0.000000  2016.05050000
 GSMQ        -0.02470 0.00360         0.18173 0.00351        -0.01757 0.01553 0.000000 0.000000 0.000000  2016.05330000
