 QHMD         0.00926 0.00275         0.19238 0.00269         0.00284 0.01021 0.000000 0.000000 0.000000  2015.05620000
 QHMD         0.00929 0.00271         0.19280 0.00266         0.00262 0.01009 0.000000 0.000000 0.000000  2015.05893846
 QHMD         0.00934 0.00267         0.19321 0.00263         0.00239 0.00997 0.000000 0.000000 0.000000  2015.06167692
 QHMD         0.00938 0.00263         0.19361 0.00259         0.00217 0.00985 0.000000 0.000000 0.000000  2015.06441538
 QHMD         0.00941 0.00259         0.19402 0.00256         0.00194 0.00973 0.000000 0.000000 0.000000  2015.06715385
 QHMD         0.00945 0.00255         0.19441 0.00253         0.00173 0.00961 0.000000 0.000000 0.000000  2015.06989231
 QHMD         0.00949 0.00251         0.19483 0.00250         0.00149 0.00949 0.000000 0.000000 0.000000  2015.07263077
 QHMD         0.00953 0.00248         0.19521 0.00246         0.00127 0.00937 0.000000 0.000000 0.000000  2015.07536923
 QHMD         0.00956 0.00244         0.19564 0.00243         0.00105 0.00925 0.000000 0.000000 0.000000  2015.07810769
 QHMD         0.00961 0.00240         0.19608 0.00240         0.00083 0.00913 0.000000 0.000000 0.000000  2015.08084615
 QHMD         0.00965 0.00236         0.19646 0.00237         0.00060 0.00901 0.000000 0.000000 0.000000  2015.08358462
 QHMD         0.00968 0.00232         0.19688 0.00233         0.00039 0.00889 0.000000 0.000000 0.000000  2015.08632308
 QHMD         0.00973 0.00228         0.19728 0.00230         0.00015 0.00877 0.000000 0.000000 0.000000  2015.08906154
 QHMD         0.00977 0.00224         0.19770 0.00227        -0.00006 0.00865 0.000000 0.000000 0.000000  2015.09180000
 QHMD         0.01130 0.00214         0.19677 0.00227        -0.00046 0.00756 0.000000 0.000000 0.000000  2015.09450000
 QHMD         0.01171 0.00213         0.19614 0.00223         0.00255 0.00727 0.000000 0.000000 0.000000  2015.09730000
 QHMD         0.01138 0.00206         0.19903 0.00220         0.00257 0.00718 0.000000 0.000000 0.000000  2015.10000000
 QHMD         0.01027 0.00215         0.19972 0.00233         0.00425 0.00738 0.000000 0.000000 0.000000  2015.10270000
 QHMD         0.01017 0.00204         0.20161 0.00215         0.00882 0.00710 0.000000 0.000000 0.000000  2015.10550000
 QHMD         0.01062 0.00206         0.19968 0.00215         0.00631 0.00707 0.000000 0.000000 0.000000  2015.10820000
 QHMD         0.01028 0.00206         0.19755 0.00216         0.00416 0.00698 0.000000 0.000000 0.000000  2015.11100000
 QHMD         0.01110 0.00214         0.19618 0.00241         0.00140 0.00756 0.000000 0.000000 0.000000  2015.11370000
 QHMD         0.00924 0.00203         0.19723 0.00212         0.00439 0.00724 0.000000 0.000000 0.000000  2015.11640000
 QHMD         0.01002 0.00201         0.19515 0.00207         0.00480 0.00703 0.000000 0.000000 0.000000  2015.11920000
 QHMD         0.01034 0.00208         0.19515 0.00220        -0.00306 0.00709 0.000000 0.000000 0.000000  2015.12190000
 QHMD         0.00774 0.00209         0.19754 0.00217        -0.00034 0.00735 0.000000 0.000000 0.000000  2015.12470000
 QHMD         0.01168 0.00211         0.19842 0.00223         0.01007 0.00739 0.000000 0.000000 0.000000  2015.12740000
 QHMD         0.01142 0.00203         0.19887 0.00207         0.00851 0.00729 0.000000 0.000000 0.000000  2015.13010000
 QHMD         0.00972 0.00198         0.19686 0.00208         0.01116 0.00710 0.000000 0.000000 0.000000  2015.13290000
 QHMD         0.01043 0.00209         0.19699 0.00212         0.00631 0.00737 0.000000 0.000000 0.000000  2015.13560000
 QHMD         0.01203 0.00214         0.19858 0.00225         0.01120 0.00741 0.000000 0.000000 0.000000  2015.13840000
 QHMD         0.01019 0.00205         0.19848 0.00215         0.00795 0.00720 0.000000 0.000000 0.000000  2015.14110000
 QHMD         0.00959 0.00208         0.19823 0.00215         0.00759 0.00738 0.000000 0.000000 0.000000  2015.14380000
 QHMD         0.01043 0.00228         0.19670 0.00246         0.00984 0.00799 0.000000 0.000000 0.000000  2015.14660000
 QHMD         0.01166 0.00213         0.19769 0.00219         0.00842 0.00736 0.000000 0.000000 0.000000  2015.14930000
 QHMD         0.00836 0.00210         0.19727 0.00231         0.01344 0.00742 0.000000 0.000000 0.000000  2015.15210000
 QHMD         0.01019 0.00204         0.19979 0.00212         0.01138 0.00721 0.000000 0.000000 0.000000  2015.15480000
 QHMD         0.01009 0.00203         0.19792 0.00212         0.00720 0.00713 0.000000 0.000000 0.000000  2015.15750000
 QHMD         0.01029 0.00204         0.19838 0.00214         0.00485 0.00732 0.000000 0.000000 0.000000  2015.16030000
 QHMD         0.00991 0.00212         0.20045 0.00221         0.00661 0.00739 0.000000 0.000000 0.000000  2015.16300000
 QHMD         0.01176 0.00221         0.20055 0.00228         0.00810 0.00785 0.000000 0.000000 0.000000  2015.16580000
 QHMD         0.01039 0.00200         0.20052 0.00211         0.01175 0.00713 0.000000 0.000000 0.000000  2015.16850000
 QHMD         0.01049 0.00202         0.19975 0.00215         0.00777 0.00728 0.000000 0.000000 0.000000  2015.17120000
 QHMD         0.01133 0.00208         0.20049 0.00219         0.00613 0.00737 0.000000 0.000000 0.000000  2015.17400000
 QHMD         0.01308 0.00212         0.20073 0.00249         0.00663 0.00770 0.000000 0.000000 0.000000  2015.17670000
 QHMD         0.01379 0.00201         0.19970 0.00211         0.00947 0.00722 0.000000 0.000000 0.000000  2015.17950000
 QHMD         0.01285 0.00219         0.20138 0.00237         0.00574 0.00811 0.000000 0.000000 0.000000  2015.18220000
 QHMD         0.00895 0.00199         0.20003 0.00211         0.00508 0.00717 0.000000 0.000000 0.000000  2015.18490000
 QHMD         0.01178 0.00205         0.20197 0.00217         0.00794 0.00720 0.000000 0.000000 0.000000  2015.18770000
 QHMD         0.01142 0.00208         0.20032 0.00222         0.00351 0.00734 0.000000 0.000000 0.000000  2015.19040000
 QHMD         0.00914 0.00204         0.19779 0.00221         0.00409 0.00727 0.000000 0.000000 0.000000  2015.19310000
 QHMD         0.00942 0.00205         0.20131 0.00212         0.00809 0.00721 0.000000 0.000000 0.000000  2015.19590000
 QHMD         0.00965 0.00202         0.20126 0.00226         0.00329 0.00724 0.000000 0.000000 0.000000  2015.19860000
 QHMD         0.00891 0.00204         0.19969 0.00213         0.00588 0.00745 0.000000 0.000000 0.000000  2015.20140000
 QHMD         0.01145 0.00211         0.20126 0.00227         0.01082 0.00762 0.000000 0.000000 0.000000  2015.20410000
 QHMD         0.01017 0.00204         0.20047 0.00216         0.00987 0.00742 0.000000 0.000000 0.000000  2015.20680000
 QHMD         0.01222 0.00198         0.20111 0.00205         0.01317 0.00712 0.000000 0.000000 0.000000  2015.20960000
 QHMD         0.01218 0.00203         0.20087 0.00220         0.00758 0.00727 0.000000 0.000000 0.000000  2015.21230000
 QHMD         0.00908 0.00205         0.20150 0.00222         0.00651 0.00732 0.000000 0.000000 0.000000  2015.21510000
 QHMD         0.01153 0.00209         0.20238 0.00221         0.00603 0.00752 0.000000 0.000000 0.000000  2015.21780000
 QHMD         0.01036 0.00197         0.20214 0.00211         0.00428 0.00700 0.000000 0.000000 0.000000  2015.22050000
 QHMD         0.01028 0.00204         0.20178 0.00220         0.00469 0.00715 0.000000 0.000000 0.000000  2015.22330000
 QHMD         0.01043 0.00204         0.20281 0.00223         0.00272 0.00706 0.000000 0.000000 0.000000  2015.22600000
 QHMD         0.00891 0.00205         0.20293 0.00221         0.00276 0.00730 0.000000 0.000000 0.000000  2015.22880000
 QHMD         0.00714 0.00198         0.20329 0.00211         0.00530 0.00707 0.000000 0.000000 0.000000  2015.23150000
 QHMD         0.00885 0.00206         0.20451 0.00224         0.00249 0.00722 0.000000 0.000000 0.000000  2015.23420000
 QHMD         0.00948 0.00214         0.20335 0.00228         0.00573 0.00749 0.000000 0.000000 0.000000  2015.23700000
 QHMD         0.00886 0.00208         0.20348 0.00225         0.00755 0.00728 0.000000 0.000000 0.000000  2015.23970000
 QHMD         0.00955 0.00211         0.20260 0.00228         0.01045 0.00741 0.000000 0.000000 0.000000  2015.24250000
 QHMD         0.01098 0.00220         0.20385 0.00232         0.00714 0.00760 0.000000 0.000000 0.000000  2015.24520000
 QHMD         0.00931 0.00220         0.20392 0.00235         0.01054 0.00752 0.000000 0.000000 0.000000  2015.24790000
 QHMD         0.00949 0.00209         0.20284 0.00231         0.01089 0.00750 0.000000 0.000000 0.000000  2015.25070000
 QHMD         0.00957 0.00208         0.20446 0.00229         0.01370 0.00749 0.000000 0.000000 0.000000  2015.25340000
 QHMD         0.01129 0.00212         0.20663 0.00232         0.01472 0.00754 0.000000 0.000000 0.000000  2015.25620000
 QHMD         0.01157 0.00207         0.20603 0.00224         0.00859 0.00730 0.000000 0.000000 0.000000  2015.25890000
 QHMD         0.01210 0.00207         0.20419 0.00227         0.00667 0.00750 0.000000 0.000000 0.000000  2015.26160000
 QHMD         0.01075 0.00211         0.20576 0.00233         0.00524 0.00741 0.000000 0.000000 0.000000  2015.26440000
 QHMD         0.01256 0.00208         0.20486 0.00224         0.00575 0.00754 0.000000 0.000000 0.000000  2015.26710000
 QHMD         0.01095 0.00201         0.20654 0.00232         0.00434 0.00721 0.000000 0.000000 0.000000  2015.26990000
 QHMD         0.01015 0.00208         0.20855 0.00218         0.01039 0.00720 0.000000 0.000000 0.000000  2015.27260000
 QHMD         0.00914 0.00206         0.20654 0.00220         0.00040 0.00718 0.000000 0.000000 0.000000  2015.27530000
 QHMD         0.01018 0.00207         0.20383 0.00226        -0.00109 0.00736 0.000000 0.000000 0.000000  2015.27810000
 QHMD         0.00798 0.00210         0.20740 0.00239         0.00398 0.00725 0.000000 0.000000 0.000000  2015.28080000
 QHMD         0.00941 0.00208         0.20566 0.00228         0.00838 0.00722 0.000000 0.000000 0.000000  2015.28360000
 QHMD         0.00979 0.00222         0.20401 0.00239         0.00953 0.00758 0.000000 0.000000 0.000000  2015.28630000
 QHMD         0.00982 0.00207         0.20637 0.00229         0.01563 0.00730 0.000000 0.000000 0.000000  2015.28900000
 QHMD         0.01143 0.00210         0.20620 0.00231         0.01407 0.00738 0.000000 0.000000 0.000000  2015.29180000
 QHMD         0.00993 0.00206         0.20562 0.00220         0.01132 0.00730 0.000000 0.000000 0.000000  2015.29450000
 QHMD         0.00915 0.00201         0.20872 0.00219         0.01095 0.00721 0.000000 0.000000 0.000000  2015.29730000
 QHMD         0.01065 0.00204         0.20518 0.00219         0.00531 0.00723 0.000000 0.000000 0.000000  2015.30000000
 QHMD         0.01041 0.00205         0.20545 0.00227         0.01425 0.00711 0.000000 0.000000 0.000000  2015.30270000
 QHMD         0.00843 0.00214         0.20339 0.00243         0.01228 0.00743 0.000000 0.000000 0.000000  2015.30550000
 QHMD         0.00859 0.00211         0.20770 0.00250         0.00552 0.00730 0.000000 0.000000 0.000000  2015.30820000
 QHMD         0.00842 0.00209         0.20639 0.00233         0.00622 0.00703 0.000000 0.000000 0.000000  2015.31100000
 QHMD         0.00673 0.00212         0.20697 0.00242         0.00910 0.00713 0.000000 0.000000 0.000000  2015.31370000
 QHMD         0.00839 0.00212         0.20508 0.00234         0.01048 0.00708 0.000000 0.000000 0.000000  2015.31640000
 QHMD         0.00673 0.00212         0.20727 0.00236         0.00837 0.00729 0.000000 0.000000 0.000000  2015.31920000
 QHMD         0.00996 0.00199         0.20591 0.00215         0.01237 0.00687 0.000000 0.000000 0.000000  2015.32190000
 QHMD         0.00794 0.00207         0.20606 0.00230         0.01018 0.00715 0.000000 0.000000 0.000000  2015.32470000
 QHMD         0.00856 0.00200         0.20646 0.00211         0.01126 0.00688 0.000000 0.000000 0.000000  2015.32740000
 QHMD         0.01017 0.00224         0.20683 0.00251         0.01201 0.00777 0.000000 0.000000 0.000000  2015.33010000
 QHMD         0.00942 0.00215         0.20630 0.00241         0.00886 0.00726 0.000000 0.000000 0.000000  2015.33290000
 QHMD         0.01029 0.00209         0.20576 0.00222         0.01018 0.00717 0.000000 0.000000 0.000000  2015.33560000
 QHMD         0.00940 0.00220         0.20485 0.00244         0.01205 0.00734 0.000000 0.000000 0.000000  2015.33840000
 QHMD         0.00974 0.00222         0.20569 0.00246         0.01147 0.00756 0.000000 0.000000 0.000000  2015.34110000
 QHMD         0.00962 0.00216         0.20672 0.00228         0.00644 0.00720 0.000000 0.000000 0.000000  2015.34380000
 QHMD         0.00698 0.00213         0.20708 0.00233         0.01121 0.00713 0.000000 0.000000 0.000000  2015.34660000
 QHMD         0.00819 0.00220         0.20920 0.00235         0.01526 0.00733 0.000000 0.000000 0.000000  2015.34930000
 QHMD         0.00667 0.00223         0.20852 0.00240         0.02069 0.00758 0.000000 0.000000 0.000000  2015.35210000
 QHMD         0.00568 0.00213         0.20451 0.00226         0.00444 0.00737 0.000000 0.000000 0.000000  2015.35480000
 QHMD         0.00804 0.00205         0.20796 0.00215         0.00560 0.00697 0.000000 0.000000 0.000000  2015.35750000
 QHMD         0.00564 0.00209         0.20532 0.00229         0.00488 0.00733 0.000000 0.000000 0.000000  2015.36030000
 QHMD         0.00777 0.00216         0.20677 0.00238         0.01548 0.00758 0.000000 0.000000 0.000000  2015.36300000
 QHMD         0.00748 0.00231         0.20878 0.00257         0.01335 0.00814 0.000000 0.000000 0.000000  2015.36580000
 QHMD         0.00813 0.00228         0.20895 0.00241         0.01256 0.00774 0.000000 0.000000 0.000000  2015.36850000
 QHMD         0.00891 0.00218         0.20906 0.00243         0.01541 0.00759 0.000000 0.000000 0.000000  2015.37120000
 QHMD         0.00911 0.00223         0.20883 0.00250         0.01466 0.00765 0.000000 0.000000 0.000000  2015.37400000
 QHMD         0.00798 0.00231         0.21092 0.00244         0.01513 0.00796 0.000000 0.000000 0.000000  2015.37670000
 QHMD         0.00832 0.00223         0.20603 0.00235         0.00739 0.00773 0.000000 0.000000 0.000000  2015.37950000
 QHMD         0.00750 0.00212         0.20860 0.00231         0.01292 0.00731 0.000000 0.000000 0.000000  2015.38220000
 QHMD         0.00765 0.00209         0.21051 0.00229         0.01109 0.00721 0.000000 0.000000 0.000000  2015.38490000
 QHMD         0.00772 0.00209         0.20798 0.00220         0.01423 0.00713 0.000000 0.000000 0.000000  2015.38770000
 QHMD         0.00722 0.00216         0.20847 0.00235         0.01575 0.00733 0.000000 0.000000 0.000000  2015.39040000
 QHMD         0.00714 0.00209         0.21003 0.00229         0.02186 0.00709 0.000000 0.000000 0.000000  2015.39310000
 QHMD         0.00762 0.00215         0.20717 0.00239         0.01709 0.00747 0.000000 0.000000 0.000000  2015.39590000
 QHMD         0.00952 0.00213         0.20776 0.00225         0.01614 0.00745 0.000000 0.000000 0.000000  2015.39860000
 QHMD         0.00936 0.00222         0.20866 0.00241         0.01513 0.00765 0.000000 0.000000 0.000000  2015.40140000
 QHMD         0.00828 0.00214         0.21010 0.00231         0.01275 0.00738 0.000000 0.000000 0.000000  2015.40410000
 QHMD         0.00971 0.00211         0.21097 0.00230         0.01359 0.00738 0.000000 0.000000 0.000000  2015.40680000
 QHMD         0.00865 0.00217         0.21152 0.00240         0.01593 0.00744 0.000000 0.000000 0.000000  2015.40960000
 QHMD         0.00778 0.00216         0.21026 0.00237         0.01255 0.00739 0.000000 0.000000 0.000000  2015.41230000
 QHMD         0.00777 0.00205         0.20838 0.00224         0.01124 0.00711 0.000000 0.000000 0.000000  2015.41510000
 QHMD         0.00918 0.00227         0.21244 0.00260         0.01160 0.00768 0.000000 0.000000 0.000000  2015.41780000
 QHMD         0.00637 0.00232         0.21254 0.00249         0.01240 0.00743 0.000000 0.000000 0.000000  2015.42050000
 QHMD         0.00821 0.00216         0.21208 0.00242         0.01087 0.00743 0.000000 0.000000 0.000000  2015.42330000
 QHMD         0.00724 0.00228         0.21254 0.00242         0.01325 0.00805 0.000000 0.000000 0.000000  2015.42600000
 QHMD         0.00964 0.00209         0.21208 0.00225         0.00943 0.00720 0.000000 0.000000 0.000000  2015.42880000
 QHMD         0.00683 0.00215         0.21023 0.00233         0.00458 0.00733 0.000000 0.000000 0.000000  2015.43150000
 QHMD         0.00856 0.00213         0.21153 0.00230         0.00591 0.00734 0.000000 0.000000 0.000000  2015.43420000
 QHMD         0.00689 0.00235         0.21165 0.00276         0.00633 0.00806 0.000000 0.000000 0.000000  2015.43700000
 QHMD         0.00895 0.00220         0.21142 0.00246         0.00367 0.00753 0.000000 0.000000 0.000000  2015.43970000
 QHMD         0.00839 0.00228         0.21000 0.00256         0.00542 0.00772 0.000000 0.000000 0.000000  2015.44250000
 QHMD         0.01132 0.00236         0.21552 0.00263         0.00930 0.00767 0.000000 0.000000 0.000000  2015.44520000
 QHMD         0.00816 0.00229         0.21215 0.00257         0.00425 0.00743 0.000000 0.000000 0.000000  2015.44790000
 QHMD         0.00790 0.00229         0.21315 0.00259         0.00571 0.00740 0.000000 0.000000 0.000000  2015.45070000
 QHMD         0.00783 0.00228         0.21331 0.00249         0.00696 0.00772 0.000000 0.000000 0.000000  2015.45340000
 QHMD         0.00735 0.00217         0.21316 0.00234         0.00714 0.00751 0.000000 0.000000 0.000000  2015.45620000
 QHMD         0.00930 0.00221         0.21263 0.00239         0.00507 0.00768 0.000000 0.000000 0.000000  2015.45890000
 QHMD         0.00855 0.00224         0.21490 0.00240         0.00464 0.00732 0.000000 0.000000 0.000000  2015.46160000
 QHMD         0.01057 0.00228         0.21278 0.00238         0.00477 0.00751 0.000000 0.000000 0.000000  2015.46440000
 QHMD         0.00843 0.00224         0.21374 0.00247         0.00624 0.00752 0.000000 0.000000 0.000000  2015.46710000
 QHMD         0.00967 0.00223         0.21443 0.00235         0.00537 0.00734 0.000000 0.000000 0.000000  2015.46990000
 QHMD         0.01011 0.00220         0.20935 0.00242         0.00454 0.00738 0.000000 0.000000 0.000000  2015.47260000
 QHMD         0.00950 0.00235         0.21273 0.00262         0.00738 0.00809 0.000000 0.000000 0.000000  2015.47530000
 QHMD         0.00843 0.00231         0.21475 0.00244         0.00949 0.00787 0.000000 0.000000 0.000000  2015.47810000
 QHMD         0.00980 0.00231         0.21487 0.00244         0.00954 0.00792 0.000000 0.000000 0.000000  2015.48080000
 QHMD         0.00688 0.00229         0.21576 0.00243         0.00665 0.00809 0.000000 0.000000 0.000000  2015.48360000
 QHMD         0.00791 0.00236         0.21482 0.00245         0.00550 0.00850 0.000000 0.000000 0.000000  2015.48630000
 QHMD         0.00820 0.00215         0.21417 0.00237         0.00926 0.00758 0.000000 0.000000 0.000000  2015.48900000
 QHMD         0.00806 0.00228         0.21549 0.00240         0.00177 0.00774 0.000000 0.000000 0.000000  2015.49180000
 QHMD         0.00731 0.00217         0.21262 0.00231         0.00122 0.00755 0.000000 0.000000 0.000000  2015.49450000
 QHMD         0.00915 0.00214         0.21517 0.00228         0.00875 0.00731 0.000000 0.000000 0.000000  2015.49730000
 QHMD         0.00924 0.00216         0.21400 0.00224         0.00717 0.00724 0.000000 0.000000 0.000000  2015.50000000
 QHMD         0.00916 0.00216         0.21561 0.00226         0.01520 0.00722 0.000000 0.000000 0.000000  2015.50270000
 QHMD         0.00874 0.00223         0.21637 0.00235         0.01601 0.00733 0.000000 0.000000 0.000000  2015.50550000
 QHMD         0.00802 0.00227         0.21685 0.00247         0.01188 0.00760 0.000000 0.000000 0.000000  2015.50820000
 QHMD         0.00791 0.00226         0.21549 0.00239         0.01014 0.00796 0.000000 0.000000 0.000000  2015.51100000
 QHMD         0.00930 0.00224         0.21548 0.00241         0.00928 0.00759 0.000000 0.000000 0.000000  2015.51370000
 QHMD         0.00955 0.00213         0.21703 0.00225         0.01084 0.00723 0.000000 0.000000 0.000000  2015.51640000
 QHMD         0.00818 0.00221         0.21794 0.00237         0.00963 0.00748 0.000000 0.000000 0.000000  2015.51920000
 QHMD         0.00972 0.00218         0.21768 0.00232         0.00763 0.00742 0.000000 0.000000 0.000000  2015.52190000
 QHMD         0.00631 0.00217         0.21533 0.00232         0.00982 0.00761 0.000000 0.000000 0.000000  2015.52470000
 QHMD         0.00797 0.00234         0.21706 0.00255         0.00972 0.00779 0.000000 0.000000 0.000000  2015.52740000
 QHMD         0.00838 0.00237         0.21533 0.00260         0.00037 0.00802 0.000000 0.000000 0.000000  2015.53010000
 QHMD         0.00807 0.00213         0.21479 0.00227         0.00260 0.00750 0.000000 0.000000 0.000000  2015.53290000
 QHMD         0.00806 0.00222         0.21644 0.00242         0.00317 0.00771 0.000000 0.000000 0.000000  2015.53560000
 QHMD         0.00649 0.00230         0.21508 0.00254         0.00832 0.00802 0.000000 0.000000 0.000000  2015.53840000
 QHMD         0.00942 0.00225         0.21518 0.00254         0.00514 0.00763 0.000000 0.000000 0.000000  2015.54110000
 QHMD         0.00859 0.00240         0.21606 0.00252         0.01087 0.00856 0.000000 0.000000 0.000000  2015.54380000
 QHMD         0.00910 0.00218         0.21499 0.00244         0.00745 0.00744 0.000000 0.000000 0.000000  2015.54660000
 QHMD         0.00798 0.00231         0.21567 0.00245         0.00222 0.00766 0.000000 0.000000 0.000000  2015.54930000
 QHMD         0.00992 0.00232         0.21638 0.00243         0.00443 0.00776 0.000000 0.000000 0.000000  2015.55210000
 QHMD         0.00674 0.00239         0.21720 0.00254         0.00595 0.00824 0.000000 0.000000 0.000000  2015.55480000
 QHMD         0.00973 0.00236         0.21480 0.00256         0.00536 0.00781 0.000000 0.000000 0.000000  2015.55750000
 QHMD         0.00813 0.00217         0.21546 0.00235         0.00824 0.00735 0.000000 0.000000 0.000000  2015.56030000
 QHMD         0.00830 0.00230         0.21730 0.00245         0.00699 0.00779 0.000000 0.000000 0.000000  2015.56300000
 QHMD         0.00683 0.00230         0.21870 0.00249         0.01264 0.00782 0.000000 0.000000 0.000000  2015.56580000
 QHMD         0.00743 0.00238         0.21831 0.00245         0.00277 0.00808 0.000000 0.000000 0.000000  2015.56850000
 QHMD         0.00885 0.00233         0.21721 0.00250         0.00478 0.00796 0.000000 0.000000 0.000000  2015.57120000
 QHMD         0.00769 0.00232         0.21604 0.00243        -0.00410 0.00770 0.000000 0.000000 0.000000  2015.57400000
 QHMD         0.00777 0.00266         0.21773 0.00285         0.00512 0.00899 0.000000 0.000000 0.000000  2015.57670000
 QHMD         0.00975 0.00241         0.21622 0.00257         0.00505 0.00770 0.000000 0.000000 0.000000  2015.57950000
 QHMD         0.01085 0.00234         0.21652 0.00250        -0.00380 0.00755 0.000000 0.000000 0.000000  2015.58220000
 QHMD         0.00998 0.00257         0.21587 0.00275         0.00198 0.00857 0.000000 0.000000 0.000000  2015.58490000
 QHMD         0.00898 0.00230         0.21816 0.00237         0.00791 0.00773 0.000000 0.000000 0.000000  2015.58770000
 QHMD         0.00881 0.00224         0.21818 0.00239         0.00260 0.00742 0.000000 0.000000 0.000000  2015.59040000
 QHMD         0.00890 0.00226         0.21962 0.00234         0.00861 0.00739 0.000000 0.000000 0.000000  2015.59310000
 QHMD         0.00877 0.00242         0.22027 0.00259         0.01052 0.00825 0.000000 0.000000 0.000000  2015.59590000
 QHMD         0.00983 0.00233         0.21922 0.00249         0.00124 0.00793 0.000000 0.000000 0.000000  2015.59860000
 QHMD         0.01056 0.00226         0.21921 0.00241         0.00508 0.00768 0.000000 0.000000 0.000000  2015.60140000
 QHMD         0.00905 0.00225         0.21868 0.00241         0.00261 0.00768 0.000000 0.000000 0.000000  2015.60410000
 QHMD         0.00839 0.00222         0.21792 0.00228         0.00825 0.00745 0.000000 0.000000 0.000000  2015.60680000
 QHMD         0.00794 0.00234         0.21997 0.00240         0.00849 0.00785 0.000000 0.000000 0.000000  2015.60960000
 QHMD         0.01076 0.00244         0.21881 0.00254         0.00993 0.00795 0.000000 0.000000 0.000000  2015.61230000
 QHMD         0.00808 0.00233         0.21846 0.00247         0.00195 0.00779 0.000000 0.000000 0.000000  2015.61510000
 QHMD         0.00838 0.00225         0.21871 0.00237         0.00312 0.00758 0.000000 0.000000 0.000000  2015.61780000
 QHMD         0.00865 0.00217         0.21892 0.00227         0.00428 0.00736 0.000000 0.000000 0.000000  2015.62050000
 QHMD         0.01010 0.00225         0.21981 0.00238         0.00486 0.00732 0.000000 0.000000 0.000000  2015.62330000
 QHMD         0.00956 0.00219         0.22023 0.00232         0.00302 0.00722 0.000000 0.000000 0.000000  2015.62600000
 QHMD         0.00913 0.00221         0.22191 0.00226         0.00067 0.00712 0.000000 0.000000 0.000000  2015.62880000
 QHMD         0.00824 0.00224         0.22159 0.00239         0.00008 0.00700 0.000000 0.000000 0.000000  2015.63150000
 QHMD         0.00971 0.00206         0.22143 0.00222         0.00519 0.00699 0.000000 0.000000 0.000000  2015.63420000
 QHMD         0.00818 0.00208         0.22069 0.00226         0.00585 0.00699 0.000000 0.000000 0.000000  2015.63700000
 QHMD         0.00846 0.00215         0.22074 0.00227         0.00457 0.00712 0.000000 0.000000 0.000000  2015.63970000
 QHMD         0.00707 0.00217         0.22166 0.00230         0.00624 0.00734 0.000000 0.000000 0.000000  2015.64250000
 QHMD         0.00750 0.00206         0.22135 0.00220         0.00456 0.00712 0.000000 0.000000 0.000000  2015.64520000
 QHMD         0.00816 0.00228         0.22436 0.00235         0.00788 0.00756 0.000000 0.000000 0.000000  2015.64790000
 QHMD         0.00851 0.00223         0.22101 0.00238         0.00135 0.00767 0.000000 0.000000 0.000000  2015.65070000
 QHMD         0.00873 0.00226         0.22163 0.00236         0.00128 0.00742 0.000000 0.000000 0.000000  2015.65340000
 QHMD         0.00792 0.00211         0.22129 0.00223         0.00328 0.00723 0.000000 0.000000 0.000000  2015.65620000
 QHMD         0.00786 0.00212         0.22255 0.00226         0.00425 0.00710 0.000000 0.000000 0.000000  2015.65890000
 QHMD         0.00860 0.00214         0.22278 0.00228         0.00520 0.00724 0.000000 0.000000 0.000000  2015.66163333
 QHMD         0.00935 0.00216         0.22299 0.00231         0.00614 0.00739 0.000000 0.000000 0.000000  2015.66436667
 QHMD         0.01010 0.00218         0.22320 0.00233         0.00711 0.00753 0.000000 0.000000 0.000000  2015.66710000
 QHMD         0.00845 0.00223         0.22106 0.00233         0.00167 0.00749 0.000000 0.000000 0.000000  2015.66990000
 QHMD         0.00797 0.00214         0.22310 0.00222         0.00400 0.00742 0.000000 0.000000 0.000000  2015.67260000
 QHMD         0.00726 0.00228         0.22439 0.00245         0.00902 0.00756 0.000000 0.000000 0.000000  2015.67530000
 QHMD         0.00870 0.00212         0.22005 0.00224         0.00270 0.00741 0.000000 0.000000 0.000000  2015.67810000
 QHMD         0.00807 0.00208         0.22240 0.00219         0.00557 0.00732 0.000000 0.000000 0.000000  2015.68080000
 QHMD         0.00976 0.00207         0.22219 0.00217        -0.00164 0.00730 0.000000 0.000000 0.000000  2015.68360000
 QHMD         0.00862 0.00219         0.22327 0.00231         0.00057 0.00781 0.000000 0.000000 0.000000  2015.68630000
 QHMD         0.00910 0.00211         0.22230 0.00223         0.00225 0.00778 0.000000 0.000000 0.000000  2015.68900000
 QHMD         0.00771 0.00198         0.22322 0.00208         0.00259 0.00710 0.000000 0.000000 0.000000  2015.69180000
 QHMD         0.00655 0.00226         0.22273 0.00232         0.00392 0.00791 0.000000 0.000000 0.000000  2015.69450000
 QHMD         0.00770 0.00209         0.22234 0.00230        -0.00120 0.00734 0.000000 0.000000 0.000000  2015.69730000
 QHMD         0.00890 0.00218         0.22410 0.00240         0.00252 0.00755 0.000000 0.000000 0.000000  2015.70000000
 QHMD         0.00809 0.00208         0.22271 0.00227         0.00436 0.00728 0.000000 0.000000 0.000000  2015.70270000
 QHMD         0.00972 0.00234         0.22234 0.00259        -0.00514 0.00813 0.000000 0.000000 0.000000  2015.70550000
 QHMD         0.00936 0.00215         0.22323 0.00230         0.00046 0.00720 0.000000 0.000000 0.000000  2015.70820000
 QHMD         0.00741 0.00212         0.22290 0.00226        -0.00572 0.00707 0.000000 0.000000 0.000000  2015.71100000
 QHMD         0.00871 0.00209         0.22366 0.00214        -0.00280 0.00714 0.000000 0.000000 0.000000  2015.71370000
 QHMD         0.00964 0.00222         0.22512 0.00243        -0.00065 0.00737 0.000000 0.000000 0.000000  2015.71640000
 QHMD         0.00719 0.00218         0.22453 0.00236         0.00321 0.00740 0.000000 0.000000 0.000000  2015.71920000
 QHMD         0.00881 0.00211         0.22536 0.00231         0.00417 0.00739 0.000000 0.000000 0.000000  2015.72190000
 QHMD         0.00924 0.00216         0.22579 0.00237         0.00410 0.00725 0.000000 0.000000 0.000000  2015.72470000
 QHMD         0.00827 0.00216         0.22409 0.00232         0.00294 0.00753 0.000000 0.000000 0.000000  2015.72740000
 QHMD         0.01001 0.00214         0.22675 0.00233         0.00336 0.00717 0.000000 0.000000 0.000000  2015.73010000
 QHMD         0.00879 0.00211         0.22807 0.00219         0.00161 0.00723 0.000000 0.000000 0.000000  2015.73290000
 QHMD         0.00661 0.00224         0.22835 0.00232         0.02580 0.00776 0.000000 0.000000 0.000000  2015.73560000
 QHMD         0.01001 0.00234         0.22375 0.00248        -0.00202 0.00824 0.000000 0.000000 0.000000  2015.73840000
 QHMD         0.00863 0.00236         0.22960 0.00246         0.00722 0.00794 0.000000 0.000000 0.000000  2015.74110000
 QHMD         0.00795 0.00216         0.22674 0.00233         0.00221 0.00733 0.000000 0.000000 0.000000  2015.74380000
 QHMD         0.01022 0.00216         0.22597 0.00220        -0.00157 0.00731 0.000000 0.000000 0.000000  2015.74660000
 QHMD         0.01006 0.00222         0.22645 0.00234         0.00409 0.00719 0.000000 0.000000 0.000000  2015.74930000
 QHMD         0.00880 0.00213         0.22585 0.00218         0.00282 0.00709 0.000000 0.000000 0.000000  2015.75210000
 QHMD         0.01000 0.00210         0.22573 0.00225         0.00017 0.00694 0.000000 0.000000 0.000000  2015.75480000
 QHMD         0.00866 0.00217         0.22794 0.00227         0.00250 0.00718 0.000000 0.000000 0.000000  2015.75750000
 QHMD         0.00913 0.00221         0.22805 0.00236         0.00472 0.00726 0.000000 0.000000 0.000000  2015.76030000
 QHMD         0.00883 0.00208         0.22550 0.00217         0.00015 0.00702 0.000000 0.000000 0.000000  2015.76300000
 QHMD         0.00957 0.00214         0.22786 0.00225         0.00222 0.00710 0.000000 0.000000 0.000000  2015.76580000
 QHMD         0.00951 0.00210         0.22721 0.00218         0.00477 0.00707 0.000000 0.000000 0.000000  2015.76850000
 QHMD         0.00851 0.00210         0.22769 0.00212         0.00316 0.00687 0.000000 0.000000 0.000000  2015.77120000
 QHMD         0.01014 0.00207         0.22892 0.00214        -0.00133 0.00687 0.000000 0.000000 0.000000  2015.77400000
 QHMD         0.00992 0.00205         0.22813 0.00211         0.00528 0.00706 0.000000 0.000000 0.000000  2015.77670000
 QHMD         0.00789 0.00206         0.22805 0.00212         0.00748 0.00683 0.000000 0.000000 0.000000  2015.77950000
 QHMD         0.00842 0.00203         0.22600 0.00210        -0.00072 0.00689 0.000000 0.000000 0.000000  2015.78220000
 QHMD         0.00834 0.00197         0.22534 0.00207         0.00348 0.00676 0.000000 0.000000 0.000000  2015.78490000
 QHMD         0.01011 0.00202         0.22693 0.00210         0.00713 0.00686 0.000000 0.000000 0.000000  2015.78770000
 QHMD         0.01075 0.00204         0.22734 0.00205         0.00334 0.00678 0.000000 0.000000 0.000000  2015.79040000
 QHMD         0.01063 0.00201         0.22761 0.00205         0.00385 0.00677 0.000000 0.000000 0.000000  2015.79310000
 QHMD         0.00968 0.00206         0.22856 0.00217         0.01147 0.00688 0.000000 0.000000 0.000000  2015.79590000
 QHMD         0.01002 0.00218         0.22901 0.00227         0.01105 0.00737 0.000000 0.000000 0.000000  2015.79860000
 QHMD         0.00964 0.00209         0.22798 0.00209         0.00799 0.00705 0.000000 0.000000 0.000000  2015.80140000
 QHMD         0.00960 0.00213         0.22831 0.00224         0.00825 0.00718 0.000000 0.000000 0.000000  2015.80410000
 QHMD         0.00839 0.00203         0.22749 0.00203         0.00534 0.00696 0.000000 0.000000 0.000000  2015.80680000
 QHMD         0.00886 0.00198         0.22700 0.00202         0.00866 0.00682 0.000000 0.000000 0.000000  2015.80960000
 QHMD         0.00931 0.00210         0.22890 0.00219         0.00631 0.00708 0.000000 0.000000 0.000000  2015.81230000
 QHMD         0.01048 0.00218         0.22788 0.00230         0.00859 0.00711 0.000000 0.000000 0.000000  2015.81510000
 QHMD         0.00874 0.00206         0.23051 0.00222         0.01199 0.00710 0.000000 0.000000 0.000000  2015.81780000
 QHMD         0.00941 0.00206         0.23027 0.00215         0.01549 0.00700 0.000000 0.000000 0.000000  2015.82050000
 QHMD         0.00807 0.00202         0.23044 0.00208         0.00867 0.00683 0.000000 0.000000 0.000000  2015.82330000
 QHMD         0.00920 0.00199         0.22775 0.00209         0.00431 0.00688 0.000000 0.000000 0.000000  2015.82600000
 QHMD         0.00798 0.00203         0.22714 0.00206         0.00688 0.00692 0.000000 0.000000 0.000000  2015.82880000
 QHMD         0.00892 0.00198         0.22808 0.00201         0.00532 0.00665 0.000000 0.000000 0.000000  2015.83150000
 QHMD         0.00943 0.00203         0.22777 0.00207         0.00584 0.00666 0.000000 0.000000 0.000000  2015.83420000
 QHMD         0.00663 0.00208         0.23051 0.00223         0.00305 0.00684 0.000000 0.000000 0.000000  2015.83700000
 QHMD         0.00774 0.00201         0.23016 0.00208         0.00639 0.00685 0.000000 0.000000 0.000000  2015.83970000
 QHMD         0.00819 0.00204         0.22973 0.00208         0.00973 0.00712 0.000000 0.000000 0.000000  2015.84250000
 QHMD         0.00930 0.00204         0.23043 0.00205         0.00804 0.00707 0.000000 0.000000 0.000000  2015.84520000
 QHMD         0.00717 0.00199         0.22789 0.00198         0.00839 0.00686 0.000000 0.000000 0.000000  2015.84790000
 QHMD         0.00888 0.00204         0.22955 0.00207         0.00690 0.00712 0.000000 0.000000 0.000000  2015.85070000
 QHMD         0.00860 0.00203         0.23080 0.00206         0.00873 0.00684 0.000000 0.000000 0.000000  2015.85340000
 QHMD         0.00838 0.00208         0.23148 0.00221         0.01259 0.00715 0.000000 0.000000 0.000000  2015.85620000
 QHMD         0.00819 0.00200         0.23104 0.00209         0.00986 0.00695 0.000000 0.000000 0.000000  2015.85890000
 QHMD         0.00804 0.00201         0.22996 0.00210         0.00331 0.00704 0.000000 0.000000 0.000000  2015.86160000
 QHMD         0.00705 0.00198         0.23265 0.00213         0.01233 0.00681 0.000000 0.000000 0.000000  2015.86440000
 QHMD         0.00775 0.00197         0.23257 0.00203         0.01235 0.00677 0.000000 0.000000 0.000000  2015.86710000
 QHMD         0.00787 0.00210         0.23155 0.00222         0.00933 0.00729 0.000000 0.000000 0.000000  2015.86990000
 QHMD         0.00740 0.00201         0.23114 0.00215         0.00651 0.00687 0.000000 0.000000 0.000000  2015.87260000
 QHMD         0.00763 0.00203         0.23076 0.00224         0.00829 0.00688 0.000000 0.000000 0.000000  2015.87530000
 QHMD         0.01040 0.00197         0.22977 0.00212         0.00629 0.00681 0.000000 0.000000 0.000000  2015.87810000
 QHMD         0.00846 0.00201         0.23292 0.00212         0.00339 0.00690 0.000000 0.000000 0.000000  2015.88080000
 QHMD         0.00759 0.00202         0.23195 0.00214         0.00621 0.00686 0.000000 0.000000 0.000000  2015.88360000
 QHMD         0.00791 0.00201         0.23349 0.00212         0.00981 0.00690 0.000000 0.000000 0.000000  2015.88630000
 QHMD         0.00758 0.00204         0.23275 0.00210         0.00920 0.00699 0.000000 0.000000 0.000000  2015.88900000
 QHMD         0.00891 0.00200         0.23332 0.00223         0.00640 0.00706 0.000000 0.000000 0.000000  2015.89180000
 QHMD         0.00987 0.00204         0.23579 0.00219         0.00515 0.00711 0.000000 0.000000 0.000000  2015.89450000
 QHMD         0.00811 0.00198         0.23424 0.00214         0.00152 0.00686 0.000000 0.000000 0.000000  2015.89730000
 QHMD         0.00952 0.00196         0.23557 0.00208         0.00797 0.00679 0.000000 0.000000 0.000000  2015.90000000
 QHMD         0.00973 0.00197         0.23462 0.00202         0.00855 0.00670 0.000000 0.000000 0.000000  2015.90270000
 QHMD         0.00715 0.00195         0.23624 0.00204         0.00260 0.00670 0.000000 0.000000 0.000000  2015.90550000
 QHMD         0.00873 0.00196         0.23556 0.00206         0.00325 0.00675 0.000000 0.000000 0.000000  2015.90820000
 QHMD         0.00793 0.00194         0.23628 0.00202         0.00367 0.00668 0.000000 0.000000 0.000000  2015.91100000
 QHMD         0.00786 0.00203         0.23320 0.00224         0.00245 0.00700 0.000000 0.000000 0.000000  2015.91370000
 QHMD         0.00846 0.00215         0.23590 0.00228         0.00000 0.00694 0.000000 0.000000 0.000000  2015.91640000
 QHMD         0.00842 0.00209         0.23540 0.00221         0.00318 0.00679 0.000000 0.000000 0.000000  2015.91920000
 QHMD         0.00956 0.00204         0.23549 0.00212         0.00536 0.00690 0.000000 0.000000 0.000000  2015.92190000
 QHMD         0.00663 0.00195         0.23661 0.00206         0.00391 0.00671 0.000000 0.000000 0.000000  2015.92470000
 QHMD         0.00705 0.00194         0.23728 0.00209         0.00475 0.00681 0.000000 0.000000 0.000000  2015.92740000
 QHMD         0.00598 0.00202         0.23835 0.00220         0.00353 0.00701 0.000000 0.000000 0.000000  2015.93010000
 QHMD         0.00746 0.00201         0.23778 0.00216         0.00223 0.00695 0.000000 0.000000 0.000000  2015.93290000
 QHMD         0.00673 0.00204         0.23813 0.00213         0.00856 0.00679 0.000000 0.000000 0.000000  2015.93560000
 QHMD         0.00524 0.00204         0.24032 0.00226         0.00453 0.00692 0.000000 0.000000 0.000000  2015.93840000
 QHMD         0.00761 0.00205         0.23806 0.00220         0.00544 0.00688 0.000000 0.000000 0.000000  2015.94110000
 QHMD         0.00705 0.00211         0.23720 0.00235         0.00267 0.00720 0.000000 0.000000 0.000000  2015.94380000
 QHMD         0.00700 0.00208         0.23873 0.00215         0.00343 0.00707 0.000000 0.000000 0.000000  2015.94660000
 QHMD         0.00849 0.00191         0.23790 0.00204         0.00643 0.00673 0.000000 0.000000 0.000000  2015.94930000
 QHMD         0.00901 0.00195         0.23769 0.00212         0.00556 0.00677 0.000000 0.000000 0.000000  2015.95210000
 QHMD         0.00863 0.00200         0.23641 0.00213         0.00209 0.00691 0.000000 0.000000 0.000000  2015.95480000
 QHMD         0.00880 0.00194         0.23787 0.00202         0.00630 0.00674 0.000000 0.000000 0.000000  2015.95750000
 QHMD         0.00879 0.00199         0.23856 0.00205         0.00850 0.00690 0.000000 0.000000 0.000000  2015.96030000
 QHMD         0.00735 0.00188         0.23789 0.00197         0.00355 0.00669 0.000000 0.000000 0.000000  2015.96300000
 QHMD         0.00770 0.00188         0.23711 0.00197         0.00699 0.00669 0.000000 0.000000 0.000000  2015.96580000
 QHMD         0.00905 0.00199         0.24034 0.00225         0.00476 0.00714 0.000000 0.000000 0.000000  2015.96850000
 QHMD         0.00710 0.00197         0.23742 0.00218         0.00337 0.00703 0.000000 0.000000 0.000000  2015.97120000
 QHMD         0.00817 0.00200         0.23857 0.00221         0.00415 0.00707 0.000000 0.000000 0.000000  2015.97400000
 QHMD         0.00881 0.00187         0.23881 0.00198         0.01691 0.00675 0.000000 0.000000 0.000000  2015.97670000
 QHMD         0.00847 0.00189         0.23889 0.00201         0.01356 0.00674 0.000000 0.000000 0.000000  2015.97950000
 QHMD         0.00872 0.00196         0.23967 0.00208         0.01596 0.00676 0.000000 0.000000 0.000000  2015.98220000
 QHMD         0.00811 0.00200         0.23788 0.00211         0.01273 0.00688 0.000000 0.000000 0.000000  2015.98490000
 QHMD         0.00779 0.00191         0.23836 0.00198         0.01566 0.00672 0.000000 0.000000 0.000000  2015.98770000
 QHMD         0.00881 0.00194         0.23932 0.00211         0.01808 0.00687 0.000000 0.000000 0.000000  2015.99040000
 QHMD         0.00945 0.00195         0.23609 0.00207         0.00798 0.00688 0.000000 0.000000 0.000000  2015.99310000
 QHMD         0.01291 0.00209         0.23669 0.00224         0.01723 0.00693 0.000000 0.000000 0.000000  2015.99590000
 QHMD        -0.00077 0.00381         0.22672 0.00476         0.04857 0.00894 0.000000 0.000000 0.000000  2015.99860000
 QHMD         0.00764 0.00192         0.23820 0.00209         0.01674 0.00688 0.000000 0.000000 0.000000  2016.00140000
 QHMD         0.00738 0.00193         0.23834 0.00206         0.01888 0.00683 0.000000 0.000000 0.000000  2016.00410000
 QHMD         0.00875 0.00191         0.23875 0.00210         0.01392 0.00683 0.000000 0.000000 0.000000  2016.00680000
 QHMD         0.00951 0.00194         0.23893 0.00219         0.01546 0.00703 0.000000 0.000000 0.000000  2016.00960000
 QHMD         0.00853 0.00196         0.23821 0.00215         0.00487 0.00710 0.000000 0.000000 0.000000  2016.01230000
 QHMD         0.00927 0.00200         0.23769 0.00225         0.00370 0.00715 0.000000 0.000000 0.000000  2016.01500000
 QHMD         0.01054 0.00205         0.23968 0.00223         0.00388 0.00693 0.000000 0.000000 0.000000  2016.01780000
 QHMD         0.00894 0.00203         0.23984 0.00214         0.01384 0.00692 0.000000 0.000000 0.000000  2016.02050000
 QHMD         0.00905 0.00203         0.24114 0.00217         0.02246 0.00718 0.000000 0.000000 0.000000  2016.02320000
 QHMD         0.01061 0.00208         0.24103 0.00259         0.01749 0.00725 0.000000 0.000000 0.000000  2016.02600000
 QHMD         0.01045 0.00199         0.23929 0.00221         0.00983 0.00700 0.000000 0.000000 0.000000  2016.02870000
 QHMD         0.01358 0.00211         0.23806 0.00232         0.01116 0.00754 0.000000 0.000000 0.000000  2016.03140000
 QHMD         0.01096 0.00203         0.24135 0.00226         0.01814 0.00710 0.000000 0.000000 0.000000  2016.03420000
 QHMD         0.01166 0.00208         0.24084 0.00226         0.02413 0.00722 0.000000 0.000000 0.000000  2016.03690000
 QHMD         0.01123 0.00203         0.24045 0.00219         0.02351 0.00718 0.000000 0.000000 0.000000  2016.03960000
 QHMD         0.01283 0.00204         0.24158 0.00223         0.01623 0.00712 0.000000 0.000000 0.000000  2016.04230000
 QHMD         0.01071 0.00202         0.24180 0.00227         0.01893 0.00713 0.000000 0.000000 0.000000  2016.04510000
 QHMD         0.01054 0.00196         0.23987 0.00229         0.01882 0.00693 0.000000 0.000000 0.000000  2016.04780000
 QHMD         0.01162 0.00203         0.24042 0.00223         0.01757 0.00707 0.000000 0.000000 0.000000  2016.05050000
 QHMD         0.00617 0.00213         0.23787 0.00238         0.02105 0.00726 0.000000 0.000000 0.000000  2016.05330000
