 QHME        -0.01152 0.00199         0.16449 0.00208         0.02623 0.00697 0.000000 0.000000 0.000000  2015.00140000
 QHME        -0.01331 0.00200         0.16455 0.00214         0.02526 0.00711 0.000000 0.000000 0.000000  2015.00410000
 QHME        -0.01065 0.00196         0.16419 0.00208         0.03304 0.00702 0.000000 0.000000 0.000000  2015.00680000
 QHME        -0.01080 0.00194         0.16415 0.00210         0.02940 0.00714 0.000000 0.000000 0.000000  2015.00960000
 QHME        -0.01037 0.00196         0.16675 0.00208         0.02282 0.00729 0.000000 0.000000 0.000000  2015.01230000
 QHME        -0.01124 0.00196         0.16522 0.00213         0.02285 0.00738 0.000000 0.000000 0.000000  2015.01510000
 QHME        -0.00976 0.00196         0.16483 0.00205         0.02195 0.00729 0.000000 0.000000 0.000000  2015.01780000
 QHME        -0.00993 0.00190         0.16406 0.00202         0.01597 0.00711 0.000000 0.000000 0.000000  2015.02050000
 QHME        -0.01100 0.00203         0.16614 0.00222         0.01789 0.00751 0.000000 0.000000 0.000000  2015.02330000
 QHME        -0.01067 0.00204         0.16457 0.00216         0.02182 0.00740 0.000000 0.000000 0.000000  2015.02600000
 QHME        -0.01111 0.00188         0.16413 0.00202         0.02168 0.00705 0.000000 0.000000 0.000000  2015.02880000
 QHME        -0.01126 0.00191         0.16362 0.00202         0.01224 0.00722 0.000000 0.000000 0.000000  2015.03150000
 QHME        -0.01115 0.00192         0.16479 0.00209         0.01312 0.00724 0.000000 0.000000 0.000000  2015.03420000
 QHME        -0.00958 0.00193         0.16444 0.00211         0.01524 0.00734 0.000000 0.000000 0.000000  2015.03700000
 QHME        -0.01134 0.00194         0.16352 0.00206         0.01509 0.00722 0.000000 0.000000 0.000000  2015.03970000
 QHME        -0.01148 0.00192         0.16578 0.00204         0.01332 0.00709 0.000000 0.000000 0.000000  2015.04250000
 QHME        -0.01088 0.00200         0.16494 0.00211         0.01506 0.00747 0.000000 0.000000 0.000000  2015.04520000
 QHME        -0.01167 0.00190         0.16525 0.00201         0.01672 0.00712 0.000000 0.000000 0.000000  2015.04790000
 QHME        -0.01051 0.00195         0.16343 0.00210         0.01511 0.00739 0.000000 0.000000 0.000000  2015.05070000
 QHME        -0.00935 0.00189         0.16434 0.00208         0.01545 0.00720 0.000000 0.000000 0.000000  2015.05340000
 QHME        -0.01026 0.00191         0.16361 0.00203         0.01383 0.00736 0.000000 0.000000 0.000000  2015.05620000
 QHME        -0.01005 0.00196         0.16465 0.00210         0.01972 0.00719 0.000000 0.000000 0.000000  2015.05890000
 QHME        -0.00848 0.00198         0.16700 0.00216         0.02091 0.00715 0.000000 0.000000 0.000000  2015.06160000
 QHME        -0.00888 0.00203         0.16609 0.00227         0.01920 0.00744 0.000000 0.000000 0.000000  2015.06440000
 QHME        -0.00694 0.00204         0.16742 0.00216         0.01751 0.00736 0.000000 0.000000 0.000000  2015.06710000
 QHME        -0.00820 0.00196         0.16737 0.00208         0.01739 0.00714 0.000000 0.000000 0.000000  2015.06990000
 QHME        -0.00999 0.00194         0.16611 0.00217         0.02124 0.00705 0.000000 0.000000 0.000000  2015.07260000
 QHME        -0.00784 0.00195         0.16741 0.00210         0.01774 0.00709 0.000000 0.000000 0.000000  2015.07530000
 QHME        -0.00937 0.00203         0.16711 0.00224         0.02072 0.00749 0.000000 0.000000 0.000000  2015.07810000
 QHME        -0.01016 0.00193         0.16777 0.00210         0.01738 0.00695 0.000000 0.000000 0.000000  2015.08080000
 QHME        -0.01059 0.00198         0.16660 0.00218         0.01770 0.00759 0.000000 0.000000 0.000000  2015.08360000
 QHME        -0.01048 0.00193         0.16739 0.00220         0.01914 0.00730 0.000000 0.000000 0.000000  2015.08630000
 QHME        -0.00959 0.00198         0.16785 0.00238         0.01110 0.00757 0.000000 0.000000 0.000000  2015.08900000
 QHME        -0.00951 0.00193         0.16809 0.00212         0.00887 0.00717 0.000000 0.000000 0.000000  2015.09180000
 QHME        -0.00791 0.00196         0.16633 0.00219         0.01037 0.00738 0.000000 0.000000 0.000000  2015.09450000
 QHME        -0.00755 0.00208         0.16508 0.00228         0.01031 0.00753 0.000000 0.000000 0.000000  2015.09730000
 QHME        -0.00864 0.00204         0.16784 0.00229         0.01264 0.00775 0.000000 0.000000 0.000000  2015.10000000
 QHME        -0.00871 0.00207         0.16888 0.00230         0.01396 0.00734 0.000000 0.000000 0.000000  2015.10270000
 QHME        -0.00866 0.00194         0.17105 0.00213         0.01879 0.00711 0.000000 0.000000 0.000000  2015.10550000
 QHME        -0.00852 0.00201         0.16922 0.00217         0.01741 0.00729 0.000000 0.000000 0.000000  2015.10820000
 QHME        -0.00849 0.00206         0.16722 0.00224         0.01426 0.00737 0.000000 0.000000 0.000000  2015.11100000
 QHME        -0.00925 0.00209         0.16717 0.00233         0.01416 0.00757 0.000000 0.000000 0.000000  2015.11370000
 QHME        -0.01006 0.00201         0.16741 0.00217         0.01515 0.00741 0.000000 0.000000 0.000000  2015.11640000
 QHME        -0.00972 0.00202         0.16525 0.00218         0.01762 0.00744 0.000000 0.000000 0.000000  2015.11920000
 QHME        -0.00929 0.00209         0.16613 0.00218         0.01349 0.00765 0.000000 0.000000 0.000000  2015.12190000
 QHME        -0.01135 0.00203         0.16716 0.00221         0.01502 0.00749 0.000000 0.000000 0.000000  2015.12470000
 QHME        -0.00762 0.00205         0.16870 0.00220         0.02003 0.00751 0.000000 0.000000 0.000000  2015.12740000
 QHME        -0.00786 0.00200         0.16802 0.00215         0.01736 0.00752 0.000000 0.000000 0.000000  2015.13010000
 QHME        -0.00977 0.00196         0.16703 0.00222         0.02109 0.00751 0.000000 0.000000 0.000000  2015.13290000
 QHME        -0.00871 0.00209         0.16682 0.00219         0.01850 0.00778 0.000000 0.000000 0.000000  2015.13560000
 QHME        -0.00751 0.00215         0.16837 0.00237         0.02447 0.00788 0.000000 0.000000 0.000000  2015.13840000
 QHME        -0.00819 0.00210         0.16865 0.00228         0.01747 0.00772 0.000000 0.000000 0.000000  2015.14110000
 QHME        -0.00937 0.00207         0.16748 0.00224         0.01816 0.00773 0.000000 0.000000 0.000000  2015.14380000
 QHME        -0.00867 0.00209         0.16635 0.00232         0.01492 0.00752 0.000000 0.000000 0.000000  2015.14660000
 QHME        -0.00712 0.00209         0.16824 0.00224         0.01990 0.00761 0.000000 0.000000 0.000000  2015.14930000
 QHME        -0.01031 0.00206         0.16703 0.00230         0.02231 0.00754 0.000000 0.000000 0.000000  2015.15210000
 QHME        -0.00860 0.00211         0.16926 0.00227         0.02223 0.00784 0.000000 0.000000 0.000000  2015.15480000
 QHME        -0.00880 0.00205         0.16737 0.00221         0.01817 0.00753 0.000000 0.000000 0.000000  2015.15750000
 QHME        -0.00880 0.00203         0.16798 0.00216         0.01334 0.00748 0.000000 0.000000 0.000000  2015.16030000
 QHME        -0.00924 0.00217         0.16992 0.00241         0.01757 0.00789 0.000000 0.000000 0.000000  2015.16300000
 QHME        -0.00751 0.00210         0.17001 0.00230         0.01951 0.00783 0.000000 0.000000 0.000000  2015.16580000
 QHME        -0.00859 0.00202         0.16972 0.00217         0.02209 0.00764 0.000000 0.000000 0.000000  2015.16850000
 QHME        -0.00884 0.00198         0.16941 0.00218         0.01765 0.00746 0.000000 0.000000 0.000000  2015.17120000
 QHME        -0.00786 0.00204         0.16927 0.00225         0.01812 0.00771 0.000000 0.000000 0.000000  2015.17400000
 QHME        -0.00785 0.00209         0.16985 0.00227         0.01950 0.00796 0.000000 0.000000 0.000000  2015.17670000
 QHME        -0.00561 0.00201         0.16950 0.00226         0.02193 0.00789 0.000000 0.000000 0.000000  2015.17950000
 QHME        -0.00707 0.00206         0.17035 0.00222         0.01193 0.00798 0.000000 0.000000 0.000000  2015.18220000
 QHME        -0.00984 0.00203         0.16923 0.00225         0.01360 0.00787 0.000000 0.000000 0.000000  2015.18490000
 QHME        -0.00801 0.00215         0.17120 0.00233         0.01876 0.00807 0.000000 0.000000 0.000000  2015.18770000
 QHME        -0.00871 0.00205         0.16958 0.00225         0.01217 0.00771 0.000000 0.000000 0.000000  2015.19040000
 QHME        -0.01034 0.00201         0.16796 0.00216         0.01582 0.00757 0.000000 0.000000 0.000000  2015.19310000
 QHME        -0.00981 0.00212         0.17074 0.00228         0.01761 0.00795 0.000000 0.000000 0.000000  2015.19590000
 QHME        -0.01086 0.00198         0.16990 0.00219         0.01800 0.00753 0.000000 0.000000 0.000000  2015.19860000
 QHME        -0.01053 0.00200         0.16920 0.00211         0.01969 0.00759 0.000000 0.000000 0.000000  2015.20140000
 QHME        -0.00821 0.00206         0.16996 0.00224         0.01865 0.00775 0.000000 0.000000 0.000000  2015.20410000
 QHME        -0.01003 0.00201         0.17010 0.00218         0.02128 0.00757 0.000000 0.000000 0.000000  2015.20680000
 QHME        -0.00789 0.00200         0.17078 0.00209         0.02301 0.00756 0.000000 0.000000 0.000000  2015.20960000
 QHME        -0.00875 0.00201         0.17090 0.00220         0.01799 0.00768 0.000000 0.000000 0.000000  2015.21230000
 QHME        -0.00973 0.00208         0.17019 0.00235         0.01597 0.00784 0.000000 0.000000 0.000000  2015.21510000
 QHME        -0.00847 0.00204         0.17157 0.00226         0.01850 0.00777 0.000000 0.000000 0.000000  2015.21780000
 QHME        -0.00969 0.00203         0.17128 0.00222         0.01399 0.00780 0.000000 0.000000 0.000000  2015.22050000
 QHME        -0.00934 0.00203         0.17158 0.00218         0.01173 0.00756 0.000000 0.000000 0.000000  2015.22330000
 QHME        -0.00997 0.00210         0.17096 0.00226         0.01306 0.00770 0.000000 0.000000 0.000000  2015.22600000
 QHME        -0.01081 0.00202         0.17127 0.00223         0.01536 0.00756 0.000000 0.000000 0.000000  2015.22880000
 QHME        -0.01344 0.00199         0.17081 0.00219         0.02075 0.00756 0.000000 0.000000 0.000000  2015.23150000
 QHME        -0.01098 0.00208         0.17235 0.00233         0.01356 0.00776 0.000000 0.000000 0.000000  2015.23420000
 QHME        -0.01072 0.00220         0.17115 0.00234         0.01703 0.00812 0.000000 0.000000 0.000000  2015.23700000
 QHME        -0.01079 0.00208         0.17179 0.00228         0.01729 0.00759 0.000000 0.000000 0.000000  2015.23970000
 QHME        -0.00984 0.00215         0.17106 0.00232         0.02095 0.00794 0.000000 0.000000 0.000000  2015.24250000
 QHME        -0.00923 0.00232         0.17265 0.00247         0.01995 0.00860 0.000000 0.000000 0.000000  2015.24520000
 QHME        -0.00997 0.00229         0.17198 0.00243         0.01944 0.00829 0.000000 0.000000 0.000000  2015.24790000
 QHME        -0.00963 0.00214         0.17046 0.00238         0.02362 0.00808 0.000000 0.000000 0.000000  2015.25070000
 QHME        -0.01055 0.00217         0.17280 0.00247         0.02778 0.00839 0.000000 0.000000 0.000000  2015.25340000
 QHME        -0.00860 0.00208         0.17442 0.00232         0.02155 0.00775 0.000000 0.000000 0.000000  2015.25620000
 QHME        -0.00881 0.00207         0.17451 0.00230         0.01707 0.00785 0.000000 0.000000 0.000000  2015.25890000
 QHME        -0.00915 0.00205         0.17498 0.00226         0.01341 0.00774 0.000000 0.000000 0.000000  2015.26160000
 QHME        -0.00937 0.00208         0.17445 0.00221         0.01871 0.00770 0.000000 0.000000 0.000000  2015.26440000
 QHME        -0.00833 0.00205         0.17271 0.00222         0.01632 0.00774 0.000000 0.000000 0.000000  2015.26710000
 QHME        -0.01018 0.00205         0.17487 0.00229         0.01087 0.00780 0.000000 0.000000 0.000000  2015.26990000
 QHME        -0.01033 0.00213         0.17594 0.00233         0.02025 0.00783 0.000000 0.000000 0.000000  2015.27260000
 QHME        -0.00958 0.00208         0.17380 0.00224         0.00501 0.00768 0.000000 0.000000 0.000000  2015.27530000
 QHME        -0.00934 0.00202         0.17217 0.00218         0.00919 0.00751 0.000000 0.000000 0.000000  2015.27810000
 QHME        -0.01321 0.00221         0.17397 0.00246         0.02243 0.00805 0.000000 0.000000 0.000000  2015.28080000
 QHME        -0.01232 0.00216         0.17456 0.00233         0.02244 0.00803 0.000000 0.000000 0.000000  2015.28360000
 QHME        -0.01179 0.00229         0.17276 0.00253         0.02413 0.00848 0.000000 0.000000 0.000000  2015.28630000
 QHME        -0.01157 0.00218         0.17419 0.00241         0.02605 0.00829 0.000000 0.000000 0.000000  2015.28900000
 QHME        -0.00970 0.00214         0.17328 0.00237         0.02588 0.00805 0.000000 0.000000 0.000000  2015.29180000
 QHME        -0.01098 0.00216         0.17571 0.00228         0.02365 0.00817 0.000000 0.000000 0.000000  2015.29450000
 QHME        -0.01084 0.00203         0.17540 0.00224         0.02181 0.00770 0.000000 0.000000 0.000000  2015.29730000
 QHME        -0.00998 0.00209         0.17188 0.00230         0.01783 0.00787 0.000000 0.000000 0.000000  2015.30000000
 QHME        -0.01001 0.00209         0.17373 0.00232         0.02209 0.00765 0.000000 0.000000 0.000000  2015.30270000
 QHME        -0.01231 0.00213         0.17203 0.00244         0.02465 0.00793 0.000000 0.000000 0.000000  2015.30550000
 QHME        -0.01246 0.00213         0.17659 0.00236         0.01823 0.00775 0.000000 0.000000 0.000000  2015.30820000
 QHME        -0.01231 0.00218         0.17449 0.00244         0.01513 0.00798 0.000000 0.000000 0.000000  2015.31100000
 QHME        -0.01480 0.00225         0.17484 0.00252         0.02502 0.00816 0.000000 0.000000 0.000000  2015.31370000
 QHME        -0.01184 0.00217         0.17324 0.00243         0.02366 0.00778 0.000000 0.000000 0.000000  2015.31640000
 QHME        -0.01311 0.00216         0.17512 0.00238         0.01705 0.00781 0.000000 0.000000 0.000000  2015.31920000
 QHME        -0.01062 0.00207         0.17333 0.00224         0.02480 0.00756 0.000000 0.000000 0.000000  2015.32190000
 QHME        -0.01274 0.00210         0.17413 0.00230         0.02760 0.00766 0.000000 0.000000 0.000000  2015.32470000
 QHME        -0.01147 0.00207         0.17404 0.00226         0.02249 0.00760 0.000000 0.000000 0.000000  2015.32740000
 QHME        -0.00990 0.00224         0.17477 0.00253         0.02045 0.00809 0.000000 0.000000 0.000000  2015.33010000
 QHME        -0.01042 0.00218         0.17417 0.00243         0.02259 0.00769 0.000000 0.000000 0.000000  2015.33290000
 QHME        -0.01041 0.00205         0.17319 0.00220         0.02074 0.00733 0.000000 0.000000 0.000000  2015.33560000
 QHME        -0.01115 0.00224         0.17293 0.00246         0.02134 0.00812 0.000000 0.000000 0.000000  2015.33840000
 QHME        -0.01292 0.00227         0.17287 0.00253         0.02355 0.00829 0.000000 0.000000 0.000000  2015.34110000
 QHME        -0.01145 0.00220         0.17433 0.00248         0.01524 0.00799 0.000000 0.000000 0.000000  2015.34380000
 QHME        -0.01313 0.00218         0.17590 0.00241         0.02067 0.00784 0.000000 0.000000 0.000000  2015.34660000
 QHME        -0.01190 0.00231         0.17730 0.00253         0.02157 0.00839 0.000000 0.000000 0.000000  2015.34930000
 QHME        -0.01400 0.00224         0.17611 0.00242         0.03479 0.00812 0.000000 0.000000 0.000000  2015.35210000
 QHME        -0.01325 0.00216         0.17235 0.00233         0.01010 0.00802 0.000000 0.000000 0.000000  2015.35480000
 QHME        -0.01128 0.00210         0.17564 0.00245         0.01192 0.00755 0.000000 0.000000 0.000000  2015.35750000
 QHME        -0.01460 0.00214         0.17193 0.00242         0.01884 0.00803 0.000000 0.000000 0.000000  2015.36030000
 QHME        -0.01335 0.00215         0.17471 0.00241         0.02349 0.00794 0.000000 0.000000 0.000000  2015.36300000
 QHME        -0.01300 0.00225         0.17582 0.00248         0.02415 0.00842 0.000000 0.000000 0.000000  2015.36580000
 QHME        -0.01372 0.00227         0.17605 0.00247         0.02004 0.00809 0.000000 0.000000 0.000000  2015.36850000
 QHME        -0.01287 0.00222         0.17590 0.00248         0.02954 0.00813 0.000000 0.000000 0.000000  2015.37120000
 QHME        -0.01261 0.00238         0.17588 0.00266         0.02337 0.00886 0.000000 0.000000 0.000000  2015.37400000
 QHME        -0.01425 0.00231         0.17687 0.00249         0.02457 0.00863 0.000000 0.000000 0.000000  2015.37670000
 QHME        -0.01035 0.00222         0.17429 0.00252         0.01818 0.00809 0.000000 0.000000 0.000000  2015.37950000
 QHME        -0.01266 0.00214         0.17588 0.00227         0.02336 0.00801 0.000000 0.000000 0.000000  2015.38220000
 QHME        -0.01289 0.00219         0.17652 0.00239         0.02193 0.00823 0.000000 0.000000 0.000000  2015.38490000
 QHME        -0.01216 0.00233         0.17454 0.00241         0.02434 0.00873 0.000000 0.000000 0.000000  2015.38770000
 QHME        -0.01396 0.00230         0.17560 0.00247         0.02592 0.00867 0.000000 0.000000 0.000000  2015.39040000
 QHME        -0.01566 0.00221         0.17559 0.00235         0.02944 0.00822 0.000000 0.000000 0.000000  2015.39310000
 QHME        -0.01342 0.00219         0.17529 0.00237         0.02938 0.00798 0.000000 0.000000 0.000000  2015.39590000
 QHME        -0.01127 0.00230         0.17523 0.00239         0.02077 0.00866 0.000000 0.000000 0.000000  2015.39860000
 QHME        -0.01229 0.00219         0.17617 0.00232         0.03239 0.00772 0.000000 0.000000 0.000000  2015.40140000
 QHME        -0.01155 0.00225         0.17729 0.00243         0.03174 0.00825 0.000000 0.000000 0.000000  2015.40410000
 QHME        -0.01328 0.00222         0.17780 0.00240         0.03224 0.00845 0.000000 0.000000 0.000000  2015.40680000
 QHME        -0.01399 0.00237         0.17746 0.00251         0.02754 0.00898 0.000000 0.000000 0.000000  2015.40960000
 QHME        -0.01309 0.00222         0.17688 0.00246         0.02596 0.00829 0.000000 0.000000 0.000000  2015.41230000
 QHME        -0.01363 0.00214         0.17726 0.00238         0.02264 0.00805 0.000000 0.000000 0.000000  2015.41510000
 QHME        -0.01323 0.00220         0.17811 0.00246         0.02687 0.00788 0.000000 0.000000 0.000000  2015.41780000
 QHME        -0.01456 0.00247         0.17738 0.00264         0.02618 0.00859 0.000000 0.000000 0.000000  2015.42050000
 QHME        -0.01423 0.00218         0.17782 0.00237         0.02469 0.00810 0.000000 0.000000 0.000000  2015.42330000
 QHME        -0.01445 0.00229         0.17888 0.00245         0.02263 0.00848 0.000000 0.000000 0.000000  2015.42600000
 QHME        -0.01168 0.00237         0.17875 0.00253         0.02121 0.00905 0.000000 0.000000 0.000000  2015.42880000
 QHME        -0.01389 0.00228         0.17761 0.00249         0.01533 0.00841 0.000000 0.000000 0.000000  2015.43150000
 QHME        -0.01111 0.00237         0.17739 0.00250         0.02218 0.00900 0.000000 0.000000 0.000000  2015.43420000
 QHME        -0.01255 0.00247         0.17670 0.00270         0.02151 0.00930 0.000000 0.000000 0.000000  2015.43700000
 QHME        -0.01218 0.00240         0.17737 0.00262         0.01830 0.00881 0.000000 0.000000 0.000000  2015.43975000
 QHME        -0.01177 0.00233         0.17804 0.00254         0.01509 0.00833 0.000000 0.000000 0.000000  2015.44250000
 QHME        -0.01205 0.00237         0.18017 0.00258         0.02240 0.00819 0.000000 0.000000 0.000000  2015.44520000
 QHME        -0.01256 0.00236         0.17788 0.00260         0.01729 0.00811 0.000000 0.000000 0.000000  2015.44790000
 QHME        -0.01170 0.00249         0.17797 0.00280         0.01764 0.00883 0.000000 0.000000 0.000000  2015.45070000
 QHME        -0.01235 0.00240         0.17730 0.00254         0.01963 0.00882 0.000000 0.000000 0.000000  2015.45340000
 QHME        -0.01221 0.00212         0.17808 0.00229         0.01802 0.00765 0.000000 0.000000 0.000000  2015.45620000
 QHME        -0.01148 0.00215         0.17991 0.00240         0.01443 0.00766 0.000000 0.000000 0.000000  2015.45890000
 QHME        -0.01149 0.00229         0.18010 0.00250         0.01433 0.00797 0.000000 0.000000 0.000000  2015.46160000
 QHME        -0.00980 0.00238         0.18113 0.00257         0.02148 0.00837 0.000000 0.000000 0.000000  2015.46440000
 QHME        -0.01329 0.00229         0.17891 0.00249         0.02100 0.00821 0.000000 0.000000 0.000000  2015.46710000
 QHME        -0.01068 0.00241         0.18032 0.00254         0.01540 0.00865 0.000000 0.000000 0.000000  2015.46990000
 QHME        -0.01051 0.00220         0.17693 0.00236         0.01862 0.00766 0.000000 0.000000 0.000000  2015.47260000
 QHME        -0.01146 0.00228         0.17902 0.00243         0.02250 0.00821 0.000000 0.000000 0.000000  2015.47530000
 QHME        -0.01232 0.00224         0.18070 0.00240         0.02226 0.00794 0.000000 0.000000 0.000000  2015.47810000
 QHME        -0.01161 0.00232         0.18050 0.00244         0.01942 0.00838 0.000000 0.000000 0.000000  2015.48080000
 QHME        -0.01167 0.00232         0.18062 0.00244         0.01983 0.00840 0.000000 0.000000 0.000000  2015.48353846
 QHME        -0.01172 0.00232         0.18072 0.00245         0.02023 0.00841 0.000000 0.000000 0.000000  2015.48627692
 QHME        -0.01180 0.00232         0.18083 0.00245         0.02062 0.00843 0.000000 0.000000 0.000000  2015.48901538
 QHME        -0.01185 0.00232         0.18095 0.00246         0.02103 0.00844 0.000000 0.000000 0.000000  2015.49175385
 QHME        -0.01193 0.00232         0.18105 0.00246         0.02144 0.00846 0.000000 0.000000 0.000000  2015.49449231
 QHME        -0.01198 0.00232         0.18119 0.00247         0.02185 0.00848 0.000000 0.000000 0.000000  2015.49723077
 QHME        -0.01204 0.00233         0.18128 0.00247         0.02223 0.00849 0.000000 0.000000 0.000000  2015.49996923
 QHME        -0.01212 0.00233         0.18140 0.00248         0.02267 0.00851 0.000000 0.000000 0.000000  2015.50270769
 QHME        -0.01216 0.00233         0.18150 0.00248         0.02306 0.00853 0.000000 0.000000 0.000000  2015.50544615
 QHME        -0.01224 0.00233         0.18161 0.00249         0.02346 0.00854 0.000000 0.000000 0.000000  2015.50818462
 QHME        -0.01230 0.00233         0.18174 0.00249         0.02387 0.00856 0.000000 0.000000 0.000000  2015.51092308
 QHME        -0.01235 0.00233         0.18186 0.00250         0.02424 0.00857 0.000000 0.000000 0.000000  2015.51366154
 QHME        -0.01242 0.00233         0.18196 0.00250         0.02466 0.00859 0.000000 0.000000 0.000000  2015.51640000
 QHME        -0.01340 0.00226         0.18491 0.00240         0.02148 0.00822 0.000000 0.000000 0.000000  2015.51920000
 QHME        -0.01204 0.00230         0.18392 0.00245         0.01582 0.00860 0.000000 0.000000 0.000000  2015.52190000
 QHME        -0.01478 0.00227         0.18015 0.00244         0.01628 0.00831 0.000000 0.000000 0.000000  2015.52470000
 QHME        -0.01377 0.00273         0.18211 0.00291         0.02526 0.01026 0.000000 0.000000 0.000000  2015.52740000
 QHME        -0.01305 0.00277         0.17959 0.00299         0.01411 0.01052 0.000000 0.000000 0.000000  2015.53010000
 QHME        -0.01402 0.00242         0.17872 0.00267         0.01454 0.00941 0.000000 0.000000 0.000000  2015.53290000
 QHME        -0.01364 0.00224         0.18074 0.00242         0.01415 0.00833 0.000000 0.000000 0.000000  2015.53560000
 QHME        -0.01463 0.00242         0.17826 0.00261         0.01911 0.00896 0.000000 0.000000 0.000000  2015.53840000
 QHME        -0.01156 0.00240         0.17971 0.00261         0.01825 0.00872 0.000000 0.000000 0.000000  2015.54110000
 QHME        -0.01356 0.00243         0.18090 0.00252         0.02371 0.00924 0.000000 0.000000 0.000000  2015.54380000
 QHME        -0.01310 0.00236         0.18010 0.00255         0.01249 0.00881 0.000000 0.000000 0.000000  2015.54660000
 QHME        -0.01407 0.00231         0.18003 0.00241         0.01568 0.00833 0.000000 0.000000 0.000000  2015.54930000
 QHME        -0.01203 0.00254         0.18024 0.00266         0.01342 0.00905 0.000000 0.000000 0.000000  2015.55210000
 QHME        -0.01386 0.00238         0.18242 0.00269         0.01210 0.00844 0.000000 0.000000 0.000000  2015.55480000
 QHME        -0.01289 0.00268         0.18214 0.00281         0.01088 0.00957 0.000000 0.000000 0.000000  2015.55750000
 QHME        -0.01250 0.00231         0.17979 0.00251         0.01582 0.00826 0.000000 0.000000 0.000000  2015.56030000
 QHME        -0.01356 0.00238         0.18179 0.00247         0.01314 0.00859 0.000000 0.000000 0.000000  2015.56300000
 QHME        -0.01468 0.00245         0.18173 0.00260         0.02418 0.00907 0.000000 0.000000 0.000000  2015.56580000
 QHME        -0.01399 0.00251         0.18215 0.00260         0.01807 0.00899 0.000000 0.000000 0.000000  2015.56850000
 QHME        -0.01284 0.00251         0.18138 0.00265         0.01207 0.00927 0.000000 0.000000 0.000000  2015.57120000
 QHME        -0.01349 0.00243         0.18055 0.00252         0.01020 0.00869 0.000000 0.000000 0.000000  2015.57400000
 QHME        -0.01336 0.00285         0.18321 0.00294         0.01595 0.01038 0.000000 0.000000 0.000000  2015.57670000
 QHME        -0.01249 0.00263         0.18007 0.00270         0.01522 0.00917 0.000000 0.000000 0.000000  2015.57950000
 QHME        -0.01171 0.00265         0.18056 0.00278         0.02080 0.00940 0.000000 0.000000 0.000000  2015.58220000
 QHME        -0.01189 0.00262         0.18119 0.00265         0.02016 0.00930 0.000000 0.000000 0.000000  2015.58490000
 QHME        -0.01271 0.00251         0.18109 0.00255         0.01883 0.00922 0.000000 0.000000 0.000000  2015.58770000
 QHME        -0.01426 0.00251         0.18325 0.00263         0.02155 0.00904 0.000000 0.000000 0.000000  2015.59040000
 QHME        -0.01353 0.00237         0.18287 0.00250         0.01761 0.00818 0.000000 0.000000 0.000000  2015.59310000
 QHME        -0.01312 0.00236         0.18308 0.00248         0.02129 0.00825 0.000000 0.000000 0.000000  2015.59590000
 QHME        -0.01261 0.00226         0.18208 0.00229         0.02233 0.00772 0.000000 0.000000 0.000000  2015.59860000
 QHME        -0.01312 0.00238         0.18194 0.00242         0.02484 0.00864 0.000000 0.000000 0.000000  2015.60140000
 QHME        -0.01215 0.00240         0.18204 0.00253         0.00935 0.00863 0.000000 0.000000 0.000000  2015.60410000
 QHME        -0.01355 0.00243         0.18285 0.00246         0.01339 0.00857 0.000000 0.000000 0.000000  2015.60680000
 QHME        -0.01353 0.00260         0.18336 0.00283         0.02090 0.00927 0.000000 0.000000 0.000000  2015.60960000
 QHME        -0.01079 0.00254         0.18391 0.00262         0.02448 0.00880 0.000000 0.000000 0.000000  2015.61230000
 QHME        -0.01411 0.00254         0.18216 0.00261         0.01645 0.00923 0.000000 0.000000 0.000000  2015.61510000
 QHME        -0.01379 0.00243         0.18223 0.00251         0.01715 0.00886 0.000000 0.000000 0.000000  2015.61780000
 QHME        -0.01348 0.00231         0.18226 0.00242         0.01783 0.00848 0.000000 0.000000 0.000000  2015.62050000
 QHME        -0.01127 0.00237         0.18218 0.00256         0.02339 0.00813 0.000000 0.000000 0.000000  2015.62330000
 QHME        -0.01198 0.00247         0.18379 0.00255         0.01538 0.00888 0.000000 0.000000 0.000000  2015.62600000
 QHME        -0.01250 0.00247         0.18541 0.00246         0.01434 0.00888 0.000000 0.000000 0.000000  2015.62880000
 QHME        -0.01349 0.00235         0.18296 0.00246         0.01288 0.00799 0.000000 0.000000 0.000000  2015.63150000
 QHME        -0.01280 0.00232         0.18326 0.00239         0.01671 0.00846 0.000000 0.000000 0.000000  2015.63420000
 QHME        -0.01301 0.00222         0.18445 0.00234         0.01913 0.00801 0.000000 0.000000 0.000000  2015.63700000
 QHME        -0.01325 0.00231         0.18433 0.00253         0.01759 0.00824 0.000000 0.000000 0.000000  2015.63970000
 QHME        -0.01401 0.00227         0.18247 0.00237         0.01577 0.00828 0.000000 0.000000 0.000000  2015.64250000
 QHME        -0.01285 0.00220         0.18369 0.00230         0.01518 0.00805 0.000000 0.000000 0.000000  2015.64520000
 QHME        -0.01379 0.00239         0.18669 0.00258         0.01024 0.00838 0.000000 0.000000 0.000000  2015.64790000
 QHME        -0.01213 0.00242         0.18297 0.00259         0.01671 0.00900 0.000000 0.000000 0.000000  2015.65070000
 QHME        -0.01268 0.00226         0.18372 0.00239         0.01721 0.00781 0.000000 0.000000 0.000000  2015.65340000
 QHME        -0.01284 0.00219         0.18271 0.00230         0.01266 0.00792 0.000000 0.000000 0.000000  2015.65620000
 QHME        -0.01209 0.00231         0.18584 0.00242         0.01517 0.00840 0.000000 0.000000 0.000000  2015.65890000
 QHME        -0.01234 0.00230         0.18575 0.00241         0.01570 0.00837 0.000000 0.000000 0.000000  2015.66163333
 QHME        -0.01255 0.00229         0.18566 0.00241         0.01625 0.00834 0.000000 0.000000 0.000000  2015.66436667
 QHME        -0.01279 0.00228         0.18557 0.00240         0.01678 0.00831 0.000000 0.000000 0.000000  2015.66710000
 QHME        -0.01198 0.00220         0.18436 0.00227         0.01471 0.00770 0.000000 0.000000 0.000000  2015.66990000
 QHME        -0.01292 0.00229         0.18459 0.00239         0.02294 0.00852 0.000000 0.000000 0.000000  2015.67260000
 QHME        -0.01382 0.00248         0.18753 0.00270         0.02648 0.00902 0.000000 0.000000 0.000000  2015.67530000
 QHME        -0.01268 0.00218         0.18273 0.00224         0.01993 0.00809 0.000000 0.000000 0.000000  2015.67810000
 QHME        -0.01461 0.00232         0.18508 0.00250         0.02574 0.00882 0.000000 0.000000 0.000000  2015.68080000
 QHME        -0.01158 0.00217         0.18458 0.00225         0.01690 0.00810 0.000000 0.000000 0.000000  2015.68360000
 QHME        -0.01212 0.00221         0.18493 0.00227         0.02118 0.00841 0.000000 0.000000 0.000000  2015.68630000
 QHME        -0.01128 0.00205         0.18482 0.00217         0.01284 0.00772 0.000000 0.000000 0.000000  2015.68900000
 QHME        -0.01233 0.00209         0.18656 0.00218         0.00586 0.00812 0.000000 0.000000 0.000000  2015.69180000
 QHME        -0.01347 0.00223         0.18447 0.00231         0.01553 0.00810 0.000000 0.000000 0.000000  2015.69450000
 QHME        -0.01382 0.00222         0.18575 0.00240         0.00757 0.00820 0.000000 0.000000 0.000000  2015.69730000
 QHME        -0.01316 0.00211         0.18634 0.00225         0.01513 0.00761 0.000000 0.000000 0.000000  2015.70000000
 QHME        -0.01367 0.00209         0.18523 0.00219         0.01144 0.00770 0.000000 0.000000 0.000000  2015.70270000
 QHME        -0.01098 0.00216         0.18524 0.00227         0.02077 0.00787 0.000000 0.000000 0.000000  2015.70550000
 QHME        -0.01240 0.00212         0.18747 0.00228         0.01736 0.00764 0.000000 0.000000 0.000000  2015.70820000
 QHME        -0.01448 0.00218         0.18456 0.00230         0.00517 0.00763 0.000000 0.000000 0.000000  2015.71100000
 QHME        -0.01340 0.00220         0.18669 0.00226         0.00384 0.00795 0.000000 0.000000 0.000000  2015.71370000
 QHME        -0.01194 0.00236         0.18789 0.00272         0.00677 0.00841 0.000000 0.000000 0.000000  2015.71640000
 QHME        -0.01365 0.00235         0.18684 0.00246         0.01184 0.00863 0.000000 0.000000 0.000000  2015.71920000
 QHME        -0.01421 0.00217         0.18599 0.00221         0.02170 0.00787 0.000000 0.000000 0.000000  2015.72190000
 QHME        -0.01297 0.00227         0.18747 0.00238         0.01751 0.00799 0.000000 0.000000 0.000000  2015.72470000
 QHME        -0.01296 0.00220         0.18558 0.00232         0.01489 0.00800 0.000000 0.000000 0.000000  2015.72740000
 QHME        -0.01278 0.00232         0.18875 0.00245         0.01650 0.00846 0.000000 0.000000 0.000000  2015.73010000
 QHME        -0.01360 0.00224         0.19061 0.00234         0.01019 0.00817 0.000000 0.000000 0.000000  2015.73290000
 QHME        -0.01491 0.00222         0.18964 0.00235         0.04297 0.00825 0.000000 0.000000 0.000000  2015.73560000
 QHME        -0.01214 0.00219         0.18760 0.00234         0.01587 0.00789 0.000000 0.000000 0.000000  2015.73840000
 QHME        -0.01445 0.00225         0.19134 0.00234         0.01926 0.00794 0.000000 0.000000 0.000000  2015.74110000
 QHME        -0.01269 0.00231         0.18754 0.00239         0.01245 0.00841 0.000000 0.000000 0.000000  2015.74380000
 QHME        -0.01070 0.00234         0.18730 0.00249         0.01055 0.00848 0.000000 0.000000 0.000000  2015.74660000
 QHME        -0.01191 0.00227         0.18956 0.00236         0.01159 0.00781 0.000000 0.000000 0.000000  2015.74930000
 QHME        -0.01301 0.00222         0.18795 0.00227         0.01216 0.00768 0.000000 0.000000 0.000000  2015.75210000
 QHME        -0.01208 0.00221         0.18915 0.00237         0.00813 0.00778 0.000000 0.000000 0.000000  2015.75480000
 QHME        -0.01340 0.00229         0.18907 0.00237         0.01207 0.00811 0.000000 0.000000 0.000000  2015.75750000
 QHME        -0.01318 0.00229         0.19044 0.00234         0.02133 0.00801 0.000000 0.000000 0.000000  2015.76030000
 QHME        -0.01407 0.00221         0.18746 0.00227         0.01196 0.00798 0.000000 0.000000 0.000000  2015.76300000
 QHME        -0.01240 0.00226         0.19070 0.00235         0.01610 0.00820 0.000000 0.000000 0.000000  2015.76580000
 QHME        -0.01251 0.00217         0.18940 0.00230         0.01121 0.00788 0.000000 0.000000 0.000000  2015.76850000
 QHME        -0.01361 0.00221         0.19082 0.00240         0.00959 0.00783 0.000000 0.000000 0.000000  2015.77120000
 QHME        -0.01184 0.00218         0.19138 0.00225         0.00513 0.00785 0.000000 0.000000 0.000000  2015.77400000
 QHME        -0.01124 0.00213         0.19009 0.00223         0.01147 0.00774 0.000000 0.000000 0.000000  2015.77670000
 QHME        -0.01496 0.00219         0.19047 0.00234         0.01434 0.00777 0.000000 0.000000 0.000000  2015.77950000
 QHME        -0.01424 0.00212         0.18848 0.00221         0.01035 0.00764 0.000000 0.000000 0.000000  2015.78220000
 QHME        -0.01353 0.00211         0.18869 0.00211         0.01399 0.00781 0.000000 0.000000 0.000000  2015.78490000
 QHME        -0.01189 0.00211         0.18815 0.00225         0.01664 0.00768 0.000000 0.000000 0.000000  2015.78770000
 QHME        -0.01229 0.00210         0.19077 0.00217         0.01441 0.00750 0.000000 0.000000 0.000000  2015.79040000
 QHME        -0.01175 0.00218         0.19037 0.00227         0.01429 0.00781 0.000000 0.000000 0.000000  2015.79310000
 QHME        -0.01352 0.00223         0.19053 0.00230         0.02119 0.00804 0.000000 0.000000 0.000000  2015.79590000
 QHME        -0.01332 0.00222         0.19176 0.00226         0.02051 0.00798 0.000000 0.000000 0.000000  2015.79860000
 QHME        -0.01208 0.00224         0.19004 0.00226         0.01903 0.00821 0.000000 0.000000 0.000000  2015.80140000
 QHME        -0.01230 0.00216         0.19011 0.00235         0.01702 0.00784 0.000000 0.000000 0.000000  2015.80410000
 QHME        -0.01328 0.00210         0.18996 0.00211         0.01291 0.00766 0.000000 0.000000 0.000000  2015.80680000
 QHME        -0.01309 0.00211         0.18831 0.00222         0.01607 0.00778 0.000000 0.000000 0.000000  2015.80960000
 QHME        -0.01215 0.00219         0.19044 0.00227         0.01833 0.00804 0.000000 0.000000 0.000000  2015.81230000
 QHME        -0.01144 0.00229         0.19089 0.00250         0.01444 0.00797 0.000000 0.000000 0.000000  2015.81510000
 QHME        -0.01378 0.00216         0.19150 0.00227         0.02104 0.00802 0.000000 0.000000 0.000000  2015.81780000
 QHME        -0.01261 0.00208         0.19186 0.00220         0.02380 0.00756 0.000000 0.000000 0.000000  2015.82050000
 QHME        -0.01326 0.00216         0.19161 0.00229         0.01639 0.00775 0.000000 0.000000 0.000000  2015.82330000
 QHME        -0.01240 0.00216         0.18978 0.00219         0.01681 0.00813 0.000000 0.000000 0.000000  2015.82600000
 QHME        -0.01388 0.00205         0.18937 0.00210         0.01124 0.00746 0.000000 0.000000 0.000000  2015.82880000
 QHME        -0.01246 0.00200         0.18981 0.00207         0.01237 0.00708 0.000000 0.000000 0.000000  2015.83150000
 QHME        -0.01273 0.00207         0.18852 0.00215         0.01296 0.00743 0.000000 0.000000 0.000000  2015.83420000
 QHME        -0.01467 0.00216         0.19219 0.00233         0.01339 0.00771 0.000000 0.000000 0.000000  2015.83700000
 QHME        -0.01426 0.00209         0.19122 0.00221         0.01722 0.00777 0.000000 0.000000 0.000000  2015.83970000
 QHME        -0.01332 0.00206         0.19098 0.00225         0.01639 0.00750 0.000000 0.000000 0.000000  2015.84250000
 QHME        -0.01163 0.00210         0.19192 0.00225         0.01452 0.00759 0.000000 0.000000 0.000000  2015.84520000
 QHME        -0.01326 0.00197         0.18924 0.00201         0.01384 0.00729 0.000000 0.000000 0.000000  2015.84790000
 QHME        -0.01223 0.00202         0.19072 0.00213         0.01339 0.00740 0.000000 0.000000 0.000000  2015.85070000
 QHME        -0.01350 0.00204         0.19221 0.00209         0.01593 0.00742 0.000000 0.000000 0.000000  2015.85340000
 QHME        -0.01406 0.00203         0.19169 0.00216         0.02149 0.00735 0.000000 0.000000 0.000000  2015.85620000
 QHME        -0.01409 0.00208         0.19100 0.00222         0.02015 0.00763 0.000000 0.000000 0.000000  2015.85890000
 QHME        -0.01330 0.00205         0.19142 0.00214         0.01153 0.00758 0.000000 0.000000 0.000000  2015.86160000
 QHME        -0.01449 0.00209         0.19335 0.00223         0.01978 0.00751 0.000000 0.000000 0.000000  2015.86440000
 QHME        -0.01388 0.00203         0.19345 0.00208         0.01709 0.00737 0.000000 0.000000 0.000000  2015.86710000
 QHME        -0.01423 0.00199         0.19190 0.00211         0.01710 0.00729 0.000000 0.000000 0.000000  2015.86990000
 QHME        -0.01454 0.00210         0.19168 0.00238         0.01729 0.00770 0.000000 0.000000 0.000000  2015.87260000
 QHME        -0.01496 0.00215         0.19172 0.00254         0.01724 0.00773 0.000000 0.000000 0.000000  2015.87530000
 QHME        -0.01219 0.00207         0.19168 0.00225         0.01628 0.00754 0.000000 0.000000 0.000000  2015.87810000
 QHME        -0.01424 0.00208         0.19424 0.00237         0.01591 0.00751 0.000000 0.000000 0.000000  2015.88080000
 QHME        -0.01374 0.00214         0.19359 0.00240         0.01224 0.00773 0.000000 0.000000 0.000000  2015.88360000
 QHME        -0.01466 0.00208         0.19359 0.00220         0.02377 0.00754 0.000000 0.000000 0.000000  2015.88630000
 QHME        -0.01411 0.00206         0.19407 0.00220         0.01674 0.00737 0.000000 0.000000 0.000000  2015.88900000
 QHME        -0.01301 0.00198         0.19443 0.00212         0.01388 0.00732 0.000000 0.000000 0.000000  2015.89180000
 QHME        -0.01253 0.00213         0.19617 0.00225         0.01290 0.00785 0.000000 0.000000 0.000000  2015.89450000
 QHME        -0.01363 0.00209         0.19545 0.00225         0.01383 0.00772 0.000000 0.000000 0.000000  2015.89730000
 QHME        -0.01301 0.00208         0.19514 0.00228         0.01848 0.00764 0.000000 0.000000 0.000000  2015.90000000
 QHME        -0.01329 0.00206         0.19545 0.00216         0.01648 0.00734 0.000000 0.000000 0.000000  2015.90270000
 QHME        -0.01487 0.00197         0.19754 0.00204         0.01018 0.00712 0.000000 0.000000 0.000000  2015.90550000
 QHME        -0.01318 0.00201         0.19573 0.00206         0.00948 0.00726 0.000000 0.000000 0.000000  2015.90820000
 QHME        -0.01462 0.00201         0.19613 0.00209         0.01230 0.00743 0.000000 0.000000 0.000000  2015.91100000
 QHME        -0.01493 0.00211         0.19373 0.00236         0.00984 0.00773 0.000000 0.000000 0.000000  2015.91370000
 QHME        -0.01474 0.00223         0.19559 0.00237         0.00841 0.00776 0.000000 0.000000 0.000000  2015.91640000
 QHME        -0.01361 0.00214         0.19625 0.00224         0.01087 0.00747 0.000000 0.000000 0.000000  2015.91920000
 QHME        -0.01342 0.00209         0.19563 0.00224         0.01448 0.00753 0.000000 0.000000 0.000000  2015.92190000
 QHME        -0.01625 0.00196         0.19657 0.00209         0.01167 0.00711 0.000000 0.000000 0.000000  2015.92470000
 QHME        -0.01609 0.00199         0.19713 0.00223         0.01391 0.00744 0.000000 0.000000 0.000000  2015.92740000
 QHME        -0.01673 0.00207         0.19780 0.00226         0.01216 0.00764 0.000000 0.000000 0.000000  2015.93010000
 QHME        -0.01612 0.00202         0.19618 0.00222         0.01168 0.00728 0.000000 0.000000 0.000000  2015.93290000
 QHME        -0.01670 0.00203         0.19774 0.00216         0.01572 0.00710 0.000000 0.000000 0.000000  2015.93560000
 QHME        -0.01776 0.00207         0.19983 0.00221         0.01235 0.00743 0.000000 0.000000 0.000000  2015.93840000
 QHME        -0.01527 0.00207         0.19745 0.00220         0.01497 0.00743 0.000000 0.000000 0.000000  2015.94110000
 QHME        -0.01540 0.00211         0.19716 0.00242         0.01348 0.00753 0.000000 0.000000 0.000000  2015.94380000
 QHME        -0.01505 0.00211         0.19854 0.00231         0.01091 0.00765 0.000000 0.000000 0.000000  2015.94660000
 QHME        -0.01369 0.00197         0.19752 0.00214         0.01261 0.00720 0.000000 0.000000 0.000000  2015.94930000
 QHME        -0.01456 0.00196         0.19734 0.00222         0.01429 0.00715 0.000000 0.000000 0.000000  2015.95210000
 QHME        -0.01454 0.00200         0.19716 0.00227         0.01007 0.00727 0.000000 0.000000 0.000000  2015.95480000
 QHME        -0.01414 0.00200         0.19833 0.00208         0.01301 0.00728 0.000000 0.000000 0.000000  2015.95750000
 QHME        -0.01327 0.00203         0.19803 0.00209         0.01470 0.00741 0.000000 0.000000 0.000000  2015.96030000
 QHME        -0.01436 0.00193         0.19793 0.00199         0.01120 0.00729 0.000000 0.000000 0.000000  2015.96300000
 QHME        -0.01457 0.00186         0.19652 0.00200         0.01490 0.00694 0.000000 0.000000 0.000000  2015.96580000
 QHME        -0.01318 0.00194         0.19894 0.00218         0.01389 0.00717 0.000000 0.000000 0.000000  2015.96850000
 QHME        -0.01498 0.00195         0.19714 0.00214         0.01339 0.00740 0.000000 0.000000 0.000000  2015.97120000
 QHME        -0.01420 0.00195         0.19868 0.00214         0.01281 0.00729 0.000000 0.000000 0.000000  2015.97400000
 QHME        -0.01480 0.00193         0.19885 0.00205         0.02857 0.00735 0.000000 0.000000 0.000000  2015.97670000
 QHME        -0.01460 0.00191         0.19922 0.00203         0.02670 0.00731 0.000000 0.000000 0.000000  2015.97950000
 QHME        -0.01525 0.00200         0.20110 0.00208         0.02708 0.00741 0.000000 0.000000 0.000000  2015.98220000
 QHME        -0.01444 0.00197         0.19803 0.00210         0.02621 0.00708 0.000000 0.000000 0.000000  2015.98490000
 QHME        -0.01600 0.00190         0.19882 0.00201         0.02780 0.00721 0.000000 0.000000 0.000000  2015.98770000
 QHME        -0.01465 0.00197         0.19927 0.00213         0.02895 0.00737 0.000000 0.000000 0.000000  2015.99040000
 QHME        -0.01362 0.00195         0.19728 0.00210         0.01589 0.00716 0.000000 0.000000 0.000000  2015.99310000
 QHME        -0.01042 0.00210         0.19686 0.00221         0.02810 0.00722 0.000000 0.000000 0.000000  2015.99590000
 QHME        -0.02183 0.00375         0.18870 0.00461         0.05951 0.00908 0.000000 0.000000 0.000000  2015.99860000
 QHME        -0.01575 0.00190         0.19951 0.00208         0.03176 0.00723 0.000000 0.000000 0.000000  2016.00140000
 QHME        -0.01666 0.00187         0.19919 0.00217         0.03066 0.00707 0.000000 0.000000 0.000000  2016.00410000
 QHME        -0.01504 0.00191         0.19905 0.00212         0.02627 0.00717 0.000000 0.000000 0.000000  2016.00680000
 QHME        -0.01463 0.00197         0.19965 0.00215         0.02988 0.00740 0.000000 0.000000 0.000000  2016.00960000
 QHME        -0.01568 0.00192         0.19780 0.00209         0.01980 0.00724 0.000000 0.000000 0.000000  2016.01230000
 QHME        -0.01499 0.00197         0.19865 0.00215         0.01794 0.00734 0.000000 0.000000 0.000000  2016.01500000
 QHME        -0.01359 0.00201         0.19934 0.00218         0.01758 0.00720 0.000000 0.000000 0.000000  2016.01780000
 QHME        -0.01565 0.00198         0.19915 0.00205         0.02640 0.00718 0.000000 0.000000 0.000000  2016.02050000
 QHME        -0.01444 0.00204         0.20118 0.00230         0.03335 0.00748 0.000000 0.000000 0.000000  2016.02320000
 QHME        -0.01349 0.00198         0.20286 0.00215         0.03039 0.00729 0.000000 0.000000 0.000000  2016.02600000
 QHME        -0.01338 0.00199         0.20009 0.00220         0.02123 0.00715 0.000000 0.000000 0.000000  2016.02870000
 QHME        -0.01035 0.00196         0.19896 0.00224         0.02341 0.00721 0.000000 0.000000 0.000000  2016.03140000
 QHME        -0.01341 0.00198         0.20173 0.00240         0.02838 0.00720 0.000000 0.000000 0.000000  2016.03420000
 QHME        -0.01274 0.00206         0.20107 0.00221         0.03862 0.00732 0.000000 0.000000 0.000000  2016.03690000
 QHME        -0.01331 0.00198         0.20160 0.00212         0.03512 0.00719 0.000000 0.000000 0.000000  2016.03960000
 QHME        -0.01134 0.00200         0.20069 0.00217         0.03169 0.00723 0.000000 0.000000 0.000000  2016.04230000
 QHME        -0.01246 0.00203         0.20183 0.00226         0.02769 0.00753 0.000000 0.000000 0.000000  2016.04510000
 QHME        -0.01348 0.00191         0.20042 0.00215         0.02954 0.00693 0.000000 0.000000 0.000000  2016.04780000
 QHME        -0.01276 0.00194         0.20094 0.00213         0.02955 0.00722 0.000000 0.000000 0.000000  2016.05050000
 QHME        -0.01602 0.00202         0.19935 0.00231         0.03189 0.00715 0.000000 0.000000 0.000000  2016.05330000
