 QHYS        -0.01113 0.00223         0.22148 0.00248         0.14570 0.00882 0.000000 0.000000 0.000000  2015.00140000
 QHYS        -0.01227 0.00223         0.22195 0.00247         0.14606 0.00884 0.000000 0.000000 0.000000  2015.00410000
 QHYS        -0.01214 0.00224         0.21995 0.00237         0.14532 0.00888 0.000000 0.000000 0.000000  2015.00680000
 QHYS        -0.01098 0.00218         0.22061 0.00240         0.14607 0.00881 0.000000 0.000000 0.000000  2015.00960000
 QHYS        -0.00982 0.00214         0.22246 0.00227         0.14000 0.00855 0.000000 0.000000 0.000000  2015.01230000
 QHYS        -0.01068 0.00212         0.22207 0.00237         0.14211 0.00851 0.000000 0.000000 0.000000  2015.01510000
 QHYS        -0.00864 0.00208         0.22152 0.00221         0.13904 0.00830 0.000000 0.000000 0.000000  2015.01780000
 QHYS        -0.00911 0.00210         0.22062 0.00226         0.13532 0.00843 0.000000 0.000000 0.000000  2015.02050000
 QHYS        -0.01006 0.00213         0.22261 0.00225         0.13583 0.00847 0.000000 0.000000 0.000000  2015.02330000
 QHYS        -0.00878 0.00214         0.22183 0.00234         0.14020 0.00857 0.000000 0.000000 0.000000  2015.02600000
 QHYS        -0.00939 0.00205         0.22048 0.00218         0.13785 0.00831 0.000000 0.000000 0.000000  2015.02880000
 QHYS        -0.00944 0.00206         0.21954 0.00223         0.13117 0.00845 0.000000 0.000000 0.000000  2015.03150000
 QHYS        -0.00945 0.00205         0.22136 0.00222         0.13135 0.00842 0.000000 0.000000 0.000000  2015.03420000
 QHYS        -0.00803 0.00214         0.22074 0.00235         0.13031 0.00870 0.000000 0.000000 0.000000  2015.03700000
 QHYS        -0.01004 0.00214         0.22036 0.00234         0.13063 0.00879 0.000000 0.000000 0.000000  2015.03970000
 QHYS        -0.01130 0.00212         0.22224 0.00228         0.13160 0.00863 0.000000 0.000000 0.000000  2015.04250000
 QHYS        -0.01058 0.00209         0.22163 0.00225         0.13354 0.00852 0.000000 0.000000 0.000000  2015.04520000
 QHYS        -0.01081 0.00208         0.22188 0.00228         0.13323 0.00865 0.000000 0.000000 0.000000  2015.04790000
 QHYS        -0.00962 0.00212         0.22059 0.00233         0.13282 0.00876 0.000000 0.000000 0.000000  2015.05070000
 QHYS        -0.00892 0.00217         0.22114 0.00231         0.13252 0.00903 0.000000 0.000000 0.000000  2015.05340000
 QHYS        -0.00981 0.00208         0.21961 0.00222         0.13388 0.00866 0.000000 0.000000 0.000000  2015.05620000
 QHYS        -0.00844 0.00217         0.22170 0.00232         0.13678 0.00872 0.000000 0.000000 0.000000  2015.05890000
 QHYS        -0.00725 0.00220         0.22273 0.00233         0.13596 0.00900 0.000000 0.000000 0.000000  2015.06160000
 QHYS        -0.00790 0.00229         0.22189 0.00250         0.13732 0.00931 0.000000 0.000000 0.000000  2015.06440000
 QHYS        -0.00579 0.00221         0.22298 0.00230         0.13522 0.00885 0.000000 0.000000 0.000000  2015.06710000
 QHYS        -0.00791 0.00216         0.22274 0.00227         0.13705 0.00885 0.000000 0.000000 0.000000  2015.06990000
 QHYS        -0.00874 0.00221         0.22215 0.00240         0.13915 0.00914 0.000000 0.000000 0.000000  2015.07260000
 QHYS        -0.00699 0.00215         0.22240 0.00231         0.13685 0.00885 0.000000 0.000000 0.000000  2015.07530000
 QHYS        -0.00750 0.00228         0.22321 0.00257         0.13832 0.00928 0.000000 0.000000 0.000000  2015.07810000
 QHYS        -0.00857 0.00214         0.22366 0.00228         0.13570 0.00870 0.000000 0.000000 0.000000  2015.08080000
 QHYS        -0.00909 0.00209         0.22290 0.00229         0.13385 0.00860 0.000000 0.000000 0.000000  2015.08360000
 QHYS        -0.00883 0.00210         0.22274 0.00225         0.13643 0.00876 0.000000 0.000000 0.000000  2015.08630000
 QHYS        -0.00887 0.00217         0.22311 0.00248         0.12745 0.00900 0.000000 0.000000 0.000000  2015.08900000
 QHYS        -0.00920 0.00209         0.22355 0.00227         0.12833 0.00867 0.000000 0.000000 0.000000  2015.09180000
 QHYS        -0.00697 0.00222         0.22133 0.00242         0.13161 0.00906 0.000000 0.000000 0.000000  2015.09450000
 QHYS        -0.00666 0.00231         0.22098 0.00249         0.12811 0.00926 0.000000 0.000000 0.000000  2015.09730000
 QHYS        -0.00681 0.00227         0.22419 0.00250         0.13118 0.00924 0.000000 0.000000 0.000000  2015.10000000
 QHYS        -0.00838 0.00233         0.22483 0.00266         0.13564 0.00921 0.000000 0.000000 0.000000  2015.10270000
 QHYS        -0.00821 0.00218         0.22718 0.00236         0.13463 0.00880 0.000000 0.000000 0.000000  2015.10550000
 QHYS        -0.00759 0.00225         0.22540 0.00243         0.13529 0.00909 0.000000 0.000000 0.000000  2015.10820000
 QHYS        -0.00833 0.00227         0.22357 0.00254         0.13038 0.00893 0.000000 0.000000 0.000000  2015.11100000
 QHYS        -0.00778 0.00226         0.22240 0.00259         0.13805 0.00912 0.000000 0.000000 0.000000  2015.11370000
 QHYS        -0.00886 0.00222         0.22308 0.00242         0.13815 0.00923 0.000000 0.000000 0.000000  2015.11640000
 QHYS        -0.00876 0.00215         0.22092 0.00242         0.13526 0.00891 0.000000 0.000000 0.000000  2015.11920000
 QHYS        -0.00791 0.00222         0.22142 0.00245         0.13089 0.00899 0.000000 0.000000 0.000000  2015.12190000
 QHYS        -0.01142 0.00219         0.22344 0.00236         0.13615 0.00901 0.000000 0.000000 0.000000  2015.12470000
 QHYS        -0.00726 0.00219         0.22447 0.00242         0.13825 0.00877 0.000000 0.000000 0.000000  2015.12740000
 QHYS        -0.00816 0.00210         0.22454 0.00223         0.14164 0.00866 0.000000 0.000000 0.000000  2015.13010000
 QHYS        -0.00998 0.00215         0.22277 0.00230         0.14642 0.00885 0.000000 0.000000 0.000000  2015.13290000
 QHYS        -0.00854 0.00226         0.22152 0.00241         0.13482 0.00919 0.000000 0.000000 0.000000  2015.13560000
 QHYS        -0.00610 0.00230         0.22444 0.00257         0.14733 0.00930 0.000000 0.000000 0.000000  2015.13840000
 QHYS        -0.00791 0.00223         0.22429 0.00252         0.14182 0.00918 0.000000 0.000000 0.000000  2015.14110000
 QHYS        -0.00909 0.00220         0.22429 0.00247         0.14034 0.00905 0.000000 0.000000 0.000000  2015.14380000
 QHYS        -0.00658 0.00227         0.22467 0.00256         0.14356 0.00921 0.000000 0.000000 0.000000  2015.14660000
 QHYS        -0.00712 0.00224         0.22523 0.00240         0.14114 0.00907 0.000000 0.000000 0.000000  2015.14930000
 QHYS        -0.01121 0.00249         0.22480 0.00272         0.14250 0.01060 0.000000 0.000000 0.000000  2015.15210000
 QHYS        -0.01024 0.00230         0.22613 0.00253         0.13865 0.00951 0.000000 0.000000 0.000000  2015.15480000
 QHYS        -0.01134 0.00230         0.22358 0.00251         0.13732 0.00954 0.000000 0.000000 0.000000  2015.15750000
 QHYS        -0.00829 0.00220         0.22495 0.00241         0.13547 0.00910 0.000000 0.000000 0.000000  2015.16030000
 QHYS        -0.00996 0.00228         0.22666 0.00255         0.13898 0.00918 0.000000 0.000000 0.000000  2015.16300000
 QHYS        -0.00791 0.00241         0.22767 0.00263         0.13971 0.01008 0.000000 0.000000 0.000000  2015.16580000
 QHYS        -0.00863 0.00225         0.22785 0.00243         0.14694 0.00938 0.000000 0.000000 0.000000  2015.16850000
 QHYS        -0.00887 0.00224         0.22696 0.00253         0.14060 0.00935 0.000000 0.000000 0.000000  2015.17120000
 QHYS        -0.00876 0.00223         0.22657 0.00246         0.13569 0.00916 0.000000 0.000000 0.000000  2015.17400000
 QHYS        -0.00597 0.00225         0.22751 0.00262         0.13956 0.00923 0.000000 0.000000 0.000000  2015.17670000
 QHYS        -0.00624 0.00225         0.22665 0.00245         0.14098 0.00941 0.000000 0.000000 0.000000  2015.17950000
 QHYS        -0.00601 0.00219         0.22748 0.00247         0.13790 0.00921 0.000000 0.000000 0.000000  2015.18220000
 QHYS        -0.00901 0.00229         0.22681 0.00260         0.13292 0.00973 0.000000 0.000000 0.000000  2015.18490000
 QHYS        -0.00669 0.00223         0.22828 0.00243         0.13986 0.00917 0.000000 0.000000 0.000000  2015.18770000
 QHYS        -0.00645 0.00224         0.22794 0.00258         0.13490 0.00913 0.000000 0.000000 0.000000  2015.19040000
 QHYS        -0.00911 0.00220         0.22589 0.00247         0.13496 0.00925 0.000000 0.000000 0.000000  2015.19310000
 QHYS        -0.00883 0.00224         0.22786 0.00246         0.14008 0.00915 0.000000 0.000000 0.000000  2015.19590000
 QHYS        -0.00830 0.00219         0.22890 0.00249         0.13826 0.00910 0.000000 0.000000 0.000000  2015.19860000
 QHYS        -0.00994 0.00219         0.22795 0.00240         0.13691 0.00922 0.000000 0.000000 0.000000  2015.20140000
 QHYS        -0.00632 0.00237         0.22997 0.00270         0.14343 0.00991 0.000000 0.000000 0.000000  2015.20410000
 QHYS        -0.00807 0.00221         0.22811 0.00245         0.14526 0.00919 0.000000 0.000000 0.000000  2015.20680000
 QHYS        -0.00795 0.00221         0.22895 0.00234         0.14313 0.00940 0.000000 0.000000 0.000000  2015.20960000
 QHYS        -0.00497 0.00226         0.22926 0.00252         0.14044 0.00952 0.000000 0.000000 0.000000  2015.21230000
 QHYS        -0.00759 0.00225         0.22916 0.00253         0.13650 0.00938 0.000000 0.000000 0.000000  2015.21510000
 QHYS        -0.00678 0.00219         0.22870 0.00243         0.13459 0.00912 0.000000 0.000000 0.000000  2015.21780000
 QHYS        -0.00769 0.00219         0.22979 0.00249         0.13752 0.00919 0.000000 0.000000 0.000000  2015.22050000
 QHYS        -0.00815 0.00221         0.22870 0.00246         0.13409 0.00912 0.000000 0.000000 0.000000  2015.22330000
 QHYS        -0.00785 0.00225         0.23061 0.00249         0.13452 0.00927 0.000000 0.000000 0.000000  2015.22600000
 QHYS        -0.00950 0.00217         0.23039 0.00248         0.13198 0.00907 0.000000 0.000000 0.000000  2015.22880000
 QHYS        -0.01101 0.00219         0.22896 0.00242         0.13507 0.00921 0.000000 0.000000 0.000000  2015.23150000
 QHYS        -0.00955 0.00227         0.23183 0.00262         0.12895 0.00946 0.000000 0.000000 0.000000  2015.23420000
 QHYS        -0.00763 0.00235         0.23018 0.00260         0.13485 0.00962 0.000000 0.000000 0.000000  2015.23700000
 QHYS        -0.00988 0.00225         0.22967 0.00252         0.13448 0.00917 0.000000 0.000000 0.000000  2015.23970000
 QHYS        -0.00905 0.00236         0.23002 0.00260         0.13998 0.00976 0.000000 0.000000 0.000000  2015.24250000
 QHYS        -0.00836 0.00238         0.23141 0.00261         0.14149 0.00967 0.000000 0.000000 0.000000  2015.24520000
 QHYS        -0.01006 0.00237         0.23003 0.00260         0.13470 0.00945 0.000000 0.000000 0.000000  2015.24790000
 QHYS        -0.00838 0.00228         0.23024 0.00257         0.13925 0.00939 0.000000 0.000000 0.000000  2015.25070000
 QHYS        -0.00918 0.00230         0.23052 0.00260         0.14644 0.00958 0.000000 0.000000 0.000000  2015.25340000
 QHYS        -0.00650 0.00236         0.23255 0.00268         0.14761 0.00987 0.000000 0.000000 0.000000  2015.25620000
 QHYS        -0.00676 0.00227         0.23219 0.00263         0.13645 0.00935 0.000000 0.000000 0.000000  2015.25890000
 QHYS        -0.00656 0.00224         0.23060 0.00251         0.13040 0.00912 0.000000 0.000000 0.000000  2015.26160000
 QHYS        -0.00841 0.00225         0.23175 0.00245         0.13160 0.00921 0.000000 0.000000 0.000000  2015.26440000
 QHYS        -0.00695 0.00219         0.23072 0.00248         0.13417 0.00914 0.000000 0.000000 0.000000  2015.26710000
 QHYS        -0.00694 0.00220         0.23241 0.00262         0.13391 0.00932 0.000000 0.000000 0.000000  2015.26990000
 QHYS        -0.00822 0.00229         0.23454 0.00251         0.13601 0.00936 0.000000 0.000000 0.000000  2015.27260000
 QHYS        -0.00908 0.00225         0.23244 0.00247         0.12715 0.00908 0.000000 0.000000 0.000000  2015.27530000
 QHYS        -0.00999 0.00219         0.22995 0.00247         0.12661 0.00902 0.000000 0.000000 0.000000  2015.27810000
 QHYS        -0.01031 0.00235         0.23329 0.00274         0.13263 0.00946 0.000000 0.000000 0.000000  2015.28080000
 QHYS        -0.00850 0.00230         0.23264 0.00262         0.14118 0.00944 0.000000 0.000000 0.000000  2015.28360000
 QHYS        -0.01044 0.00244         0.23151 0.00278         0.13945 0.00991 0.000000 0.000000 0.000000  2015.28630000
 QHYS        -0.00926 0.00235         0.23340 0.00273         0.14836 0.00980 0.000000 0.000000 0.000000  2015.28900000
 QHYS        -0.00666 0.00238         0.23478 0.00274         0.14311 0.00995 0.000000 0.000000 0.000000  2015.29180000
 QHYS        -0.00835 0.00230         0.23304 0.00254         0.13868 0.00963 0.000000 0.000000 0.000000  2015.29450000
 QHYS        -0.00916 0.00228         0.23293 0.00262         0.14535 0.00967 0.000000 0.000000 0.000000  2015.29730000
 QHYS        -0.00905 0.00228         0.23110 0.00252         0.13464 0.00951 0.000000 0.000000 0.000000  2015.30000000
 QHYS        -0.00799 0.00236         0.23320 0.00261         0.14305 0.00996 0.000000 0.000000 0.000000  2015.30270000
 QHYS        -0.01064 0.00240         0.23044 0.00279         0.14369 0.00993 0.000000 0.000000 0.000000  2015.30550000
 QHYS        -0.00808 0.00243         0.23311 0.00293         0.13926 0.00989 0.000000 0.000000 0.000000  2015.30820000
 QHYS        -0.01017 0.00231         0.23311 0.00265         0.14160 0.00919 0.000000 0.000000 0.000000  2015.31100000
 QHYS        -0.01319 0.00239         0.23353 0.00272         0.14006 0.00959 0.000000 0.000000 0.000000  2015.31370000
 QHYS        -0.01112 0.00231         0.23226 0.00265         0.14014 0.00924 0.000000 0.000000 0.000000  2015.31640000
 QHYS        -0.01213 0.00236         0.23248 0.00267         0.13494 0.00965 0.000000 0.000000 0.000000  2015.31920000
 QHYS        -0.00906 0.00231         0.23260 0.00256         0.14591 0.00952 0.000000 0.000000 0.000000  2015.32190000
 QHYS        -0.01151 0.00235         0.23448 0.00268         0.14426 0.00965 0.000000 0.000000 0.000000  2015.32470000
 QHYS        -0.00979 0.00230         0.23236 0.00259         0.14324 0.00953 0.000000 0.000000 0.000000  2015.32740000
 QHYS        -0.00856 0.00235         0.23422 0.00271         0.14255 0.00951 0.000000 0.000000 0.000000  2015.33010000
 QHYS        -0.01020 0.00250         0.23403 0.00288         0.14171 0.01010 0.000000 0.000000 0.000000  2015.33290000
 QHYS        -0.01015 0.00230         0.23274 0.00255         0.14049 0.00947 0.000000 0.000000 0.000000  2015.33560000
 QHYS        -0.00906 0.00231         0.23141 0.00266         0.14144 0.00923 0.000000 0.000000 0.000000  2015.33840000
 QHYS        -0.00857 0.00242         0.23237 0.00277         0.14837 0.00970 0.000000 0.000000 0.000000  2015.34110000
 QHYS        -0.00890 0.00239         0.23259 0.00274         0.13914 0.00952 0.000000 0.000000 0.000000  2015.34380000
 QHYS        -0.01103 0.00236         0.23347 0.00278         0.14522 0.00954 0.000000 0.000000 0.000000  2015.34660000
 QHYS        -0.00897 0.00237         0.23571 0.00269         0.14289 0.00933 0.000000 0.000000 0.000000  2015.34930000
 QHYS        -0.01208 0.00234         0.23607 0.00258         0.15296 0.00946 0.000000 0.000000 0.000000  2015.35210000
 QHYS        -0.01185 0.00239         0.23124 0.00265         0.13787 0.00988 0.000000 0.000000 0.000000  2015.35480000
 QHYS        -0.01016 0.00224         0.23460 0.00251         0.13717 0.00914 0.000000 0.000000 0.000000  2015.35750000
 QHYS        -0.01415 0.00231         0.23302 0.00265         0.13828 0.00960 0.000000 0.000000 0.000000  2015.36030000
 QHYS        -0.01114 0.00249         0.23388 0.00282         0.15057 0.01020 0.000000 0.000000 0.000000  2015.36300000
 QHYS        -0.01189 0.00246         0.23508 0.00281         0.14208 0.01011 0.000000 0.000000 0.000000  2015.36580000
 QHYS        -0.01030 0.00244         0.23510 0.00278         0.14252 0.00972 0.000000 0.000000 0.000000  2015.36850000
 QHYS        -0.01096 0.00230         0.23654 0.00262         0.14553 0.00931 0.000000 0.000000 0.000000  2015.37120000
 QHYS        -0.01011 0.00237         0.23513 0.00271         0.14220 0.00958 0.000000 0.000000 0.000000  2015.37400000
 QHYS        -0.01002 0.00242         0.23756 0.00272         0.14114 0.00979 0.000000 0.000000 0.000000  2015.37670000
 QHYS        -0.00834 0.00247         0.23414 0.00279         0.13938 0.01027 0.000000 0.000000 0.000000  2015.37950000
 QHYS        -0.01043 0.00246         0.23555 0.00275         0.14090 0.01052 0.000000 0.000000 0.000000  2015.38220000
 QHYS        -0.01128 0.00228         0.23773 0.00253         0.14208 0.00944 0.000000 0.000000 0.000000  2015.38490000
 QHYS        -0.01143 0.00230         0.23583 0.00255         0.14546 0.00956 0.000000 0.000000 0.000000  2015.38770000
 QHYS        -0.01112 0.00232         0.23529 0.00260         0.14377 0.00962 0.000000 0.000000 0.000000  2015.39040000
 QHYS        -0.01194 0.00235         0.23735 0.00258         0.14812 0.00970 0.000000 0.000000 0.000000  2015.39310000
 QHYS        -0.01038 0.00243         0.23655 0.00269         0.14404 0.01022 0.000000 0.000000 0.000000  2015.39590000
 QHYS        -0.00943 0.00244         0.23538 0.00259         0.14049 0.01012 0.000000 0.000000 0.000000  2015.39860000
 QHYS        -0.00939 0.00247         0.23682 0.00270         0.15066 0.01029 0.000000 0.000000 0.000000  2015.40140000
 QHYS        -0.01138 0.00246         0.23772 0.00271         0.14049 0.01028 0.000000 0.000000 0.000000  2015.40410000
 QHYS        -0.00917 0.00233         0.23858 0.00258         0.13922 0.00992 0.000000 0.000000 0.000000  2015.40680000
 QHYS        -0.01133 0.00239         0.23967 0.00264         0.14413 0.00994 0.000000 0.000000 0.000000  2015.40960000
 QHYS        -0.01002 0.00248         0.23697 0.00274         0.13750 0.01033 0.000000 0.000000 0.000000  2015.41230000
 QHYS        -0.01042 0.00244         0.23774 0.00271         0.13514 0.01026 0.000000 0.000000 0.000000  2015.41510000
 QHYS        -0.01016 0.00265         0.23731 0.00304         0.14285 0.01106 0.000000 0.000000 0.000000  2015.41780000
 QHYS        -0.01119 0.00255         0.23795 0.00280         0.13743 0.00999 0.000000 0.000000 0.000000  2015.42050000
 QHYS        -0.01053 0.00232         0.24015 0.00258         0.13966 0.00957 0.000000 0.000000 0.000000  2015.42330000
 QHYS        -0.01101 0.00261         0.24180 0.00283         0.14177 0.01115 0.000000 0.000000 0.000000  2015.42600000
 QHYS        -0.00865 0.00247         0.24059 0.00273         0.13561 0.01038 0.000000 0.000000 0.000000  2015.42880000
 QHYS        -0.01144 0.00241         0.23764 0.00269         0.13333 0.00995 0.000000 0.000000 0.000000  2015.43150000
 QHYS        -0.01017 0.00232         0.24011 0.00251         0.13464 0.00955 0.000000 0.000000 0.000000  2015.43420000
 QHYS        -0.01212 0.00245         0.23927 0.00273         0.13644 0.00984 0.000000 0.000000 0.000000  2015.43700000
 QHYS        -0.01054 0.00239         0.23936 0.00267         0.13077 0.00975 0.000000 0.000000 0.000000  2015.43970000
 QHYS        -0.00930 0.00245         0.23866 0.00283         0.13300 0.00996 0.000000 0.000000 0.000000  2015.44250000
 QHYS        -0.00862 0.00250         0.24036 0.00278         0.12917 0.00996 0.000000 0.000000 0.000000  2015.44520000
 QHYS        -0.01000 0.00251         0.23981 0.00278         0.13011 0.00974 0.000000 0.000000 0.000000  2015.44790000
 QHYS        -0.01079 0.00242         0.23900 0.00275         0.13124 0.00930 0.000000 0.000000 0.000000  2015.45070000
 QHYS        -0.01021 0.00246         0.24008 0.00268         0.13656 0.01001 0.000000 0.000000 0.000000  2015.45340000
 QHYS        -0.01116 0.00254         0.24134 0.00283         0.13038 0.01086 0.000000 0.000000 0.000000  2015.45620000
 QHYS        -0.00855 0.00238         0.24026 0.00268         0.13189 0.00980 0.000000 0.000000 0.000000  2015.45890000
 QHYS        -0.00983 0.00247         0.24121 0.00277         0.12982 0.00986 0.000000 0.000000 0.000000  2015.46160000
 QHYS        -0.00806 0.00248         0.24186 0.00274         0.13373 0.00979 0.000000 0.000000 0.000000  2015.46440000
 QHYS        -0.01039 0.00250         0.24179 0.00276         0.12905 0.01028 0.000000 0.000000 0.000000  2015.46710000
 QHYS        -0.00968 0.00248         0.24177 0.00272         0.12950 0.01000 0.000000 0.000000 0.000000  2015.46990000
 QHYS        -0.00905 0.00249         0.23678 0.00269         0.13182 0.01013 0.000000 0.000000 0.000000  2015.47260000
 QHYS        -0.00880 0.00243         0.23944 0.00272         0.13423 0.00979 0.000000 0.000000 0.000000  2015.47530000
 QHYS        -0.00892 0.00249         0.24196 0.00273         0.13280 0.01025 0.000000 0.000000 0.000000  2015.47810000
 QHYS        -0.01025 0.00257         0.24272 0.00274         0.13478 0.01071 0.000000 0.000000 0.000000  2015.48080000
 QHYS        -0.01191 0.00252         0.24303 0.00278         0.14201 0.01060 0.000000 0.000000 0.000000  2015.48360000
 QHYS        -0.01014 0.00233         0.24268 0.00254         0.13878 0.00965 0.000000 0.000000 0.000000  2015.48630000
 QHYS        -0.01058 0.00246         0.24064 0.00263         0.13815 0.01030 0.000000 0.000000 0.000000  2015.48900000
 QHYS        -0.01190 0.00251         0.24242 0.00264         0.12733 0.01015 0.000000 0.000000 0.000000  2015.49180000
 QHYS        -0.01068 0.00238         0.24050 0.00255         0.12993 0.00969 0.000000 0.000000 0.000000  2015.49450000
 QHYS        -0.00895 0.00248         0.24285 0.00268         0.12798 0.01023 0.000000 0.000000 0.000000  2015.49730000
 QHYS        -0.00858 0.00240         0.24072 0.00260         0.13391 0.00962 0.000000 0.000000 0.000000  2015.50000000
 QHYS        -0.00879 0.00239         0.24347 0.00262         0.13798 0.00970 0.000000 0.000000 0.000000  2015.50270000
 QHYS        -0.00966 0.00244         0.24408 0.00267         0.13707 0.00964 0.000000 0.000000 0.000000  2015.50550000
 QHYS        -0.01159 0.00238         0.24539 0.00255         0.13659 0.00942 0.000000 0.000000 0.000000  2015.50820000
 QHYS        -0.00870 0.00236         0.24244 0.00254         0.13336 0.00973 0.000000 0.000000 0.000000  2015.51100000
 QHYS        -0.00892 0.00243         0.24361 0.00261         0.13799 0.00987 0.000000 0.000000 0.000000  2015.51370000
 QHYS        -0.00873 0.00235         0.24441 0.00256         0.13323 0.00957 0.000000 0.000000 0.000000  2015.51640000
 QHYS        -0.01039 0.00234         0.24652 0.00255         0.13106 0.00949 0.000000 0.000000 0.000000  2015.51920000
 QHYS        -0.00886 0.00235         0.24597 0.00256         0.13413 0.00934 0.000000 0.000000 0.000000  2015.52190000
 QHYS        -0.01051 0.00249         0.24341 0.00272         0.13534 0.01043 0.000000 0.000000 0.000000  2015.52470000
 QHYS        -0.01092 0.00242         0.24429 0.00264         0.13881 0.00940 0.000000 0.000000 0.000000  2015.52740000
 QHYS        -0.01078 0.00250         0.24268 0.00272         0.12669 0.01007 0.000000 0.000000 0.000000  2015.53010000
 QHYS        -0.01119 0.00223         0.24158 0.00249         0.12331 0.00917 0.000000 0.000000 0.000000  2015.53290000
 QHYS        -0.01173 0.00231         0.24449 0.00252         0.12952 0.00937 0.000000 0.000000 0.000000  2015.53560000
 QHYS        -0.01181 0.00237         0.24231 0.00257         0.13517 0.00968 0.000000 0.000000 0.000000  2015.53840000
 QHYS        -0.00877 0.00235         0.24305 0.00254         0.13082 0.00948 0.000000 0.000000 0.000000  2015.54110000
 QHYS        -0.00947 0.00230         0.24377 0.00251         0.13588 0.00946 0.000000 0.000000 0.000000  2015.54380000
 QHYS        -0.00976 0.00229         0.24325 0.00247         0.13436 0.00938 0.000000 0.000000 0.000000  2015.54660000
 QHYS        -0.01060 0.00246         0.24354 0.00263         0.12792 0.01000 0.000000 0.000000 0.000000  2015.54930000
 QHYS        -0.00813 0.00242         0.24397 0.00258         0.12967 0.00961 0.000000 0.000000 0.000000  2015.55210000
 QHYS        -0.01179 0.00249         0.24534 0.00273         0.12815 0.01020 0.000000 0.000000 0.000000  2015.55480000
 QHYS        -0.00924 0.00247         0.24487 0.00266         0.13307 0.00967 0.000000 0.000000 0.000000  2015.55750000
 QHYS        -0.01023 0.00231         0.24403 0.00250         0.13122 0.00931 0.000000 0.000000 0.000000  2015.56030000
 QHYS        -0.01094 0.00237         0.24619 0.00259         0.13349 0.00953 0.000000 0.000000 0.000000  2015.56300000
 QHYS        -0.01291 0.00238         0.24682 0.00258         0.13530 0.00953 0.000000 0.000000 0.000000  2015.56580000
 QHYS        -0.01097 0.00253         0.24717 0.00268         0.12626 0.01009 0.000000 0.000000 0.000000  2015.56850000
 QHYS        -0.01030 0.00255         0.24461 0.00274         0.13508 0.01047 0.000000 0.000000 0.000000  2015.57120000
 QHYS        -0.01064 0.00242         0.24387 0.00264         0.12734 0.00958 0.000000 0.000000 0.000000  2015.57400000
 QHYS        -0.01070 0.00257         0.24582 0.00275         0.13115 0.00997 0.000000 0.000000 0.000000  2015.57670000
 QHYS        -0.00704 0.00254         0.24439 0.00270         0.13046 0.00965 0.000000 0.000000 0.000000  2015.57950000
 QHYS        -0.00680 0.00253         0.24317 0.00272         0.12401 0.00978 0.000000 0.000000 0.000000  2015.58220000
 QHYS        -0.00906 0.00259         0.24370 0.00271         0.12564 0.01008 0.000000 0.000000 0.000000  2015.58490000
 QHYS        -0.01027 0.00256         0.24608 0.00271         0.12868 0.01039 0.000000 0.000000 0.000000  2015.58770000
 QHYS        -0.00999 0.00246         0.24650 0.00264         0.13297 0.00970 0.000000 0.000000 0.000000  2015.59040000
 QHYS        -0.00900 0.00241         0.24612 0.00263         0.13628 0.00943 0.000000 0.000000 0.000000  2015.59310000
 QHYS        -0.00965 0.00232         0.24754 0.00247         0.13436 0.00913 0.000000 0.000000 0.000000  2015.59590000
 QHYS        -0.00980 0.00244         0.24734 0.00256         0.12274 0.00977 0.000000 0.000000 0.000000  2015.59860000
 QHYS        -0.00927 0.00254         0.24651 0.00270         0.12738 0.01030 0.000000 0.000000 0.000000  2015.60140000
 QHYS        -0.01089 0.00235         0.24565 0.00255         0.12950 0.00930 0.000000 0.000000 0.000000  2015.60410000
 QHYS        -0.01119 0.00241         0.24583 0.00257         0.13363 0.00951 0.000000 0.000000 0.000000  2015.60680000
 QHYS        -0.01167 0.00243         0.24653 0.00265         0.13406 0.00958 0.000000 0.000000 0.000000  2015.60960000
 QHYS        -0.00791 0.00253         0.24852 0.00274         0.13311 0.00960 0.000000 0.000000 0.000000  2015.61230000
 QHYS        -0.01040 0.00253         0.24649 0.00270         0.12611 0.01010 0.000000 0.000000 0.000000  2015.61510000
 QHYS        -0.01073 0.00243         0.24721 0.00264         0.12841 0.00967 0.000000 0.000000 0.000000  2015.61780000
 QHYS        -0.01106 0.00232         0.24792 0.00257         0.13073 0.00923 0.000000 0.000000 0.000000  2015.62050000
 QHYS        -0.00816 0.00234         0.24719 0.00262         0.13135 0.00890 0.000000 0.000000 0.000000  2015.62330000
 QHYS        -0.00970 0.00231         0.24789 0.00254         0.12874 0.00892 0.000000 0.000000 0.000000  2015.62600000
 QHYS        -0.00926 0.00233         0.24957 0.00249         0.12504 0.00889 0.000000 0.000000 0.000000  2015.62880000
 QHYS        -0.00959 0.00242         0.24796 0.00267         0.12634 0.00906 0.000000 0.000000 0.000000  2015.63150000
 QHYS        -0.00941 0.00225         0.24991 0.00243         0.13439 0.00898 0.000000 0.000000 0.000000  2015.63420000
 QHYS        -0.01077 0.00225         0.24926 0.00242         0.13556 0.00908 0.000000 0.000000 0.000000  2015.63700000
 QHYS        -0.01052 0.00238         0.24871 0.00263         0.13546 0.00949 0.000000 0.000000 0.000000  2015.63970000
 QHYS        -0.01273 0.00235         0.24922 0.00256         0.13359 0.00945 0.000000 0.000000 0.000000  2015.64250000
 QHYS        -0.01070 0.00235         0.24888 0.00252         0.13032 0.00968 0.000000 0.000000 0.000000  2015.64520000
 QHYS        -0.01075 0.00245         0.25314 0.00265         0.13301 0.00957 0.000000 0.000000 0.000000  2015.64790000
 QHYS        -0.01124 0.00230         0.25013 0.00254         0.13138 0.00931 0.000000 0.000000 0.000000  2015.65070000
 QHYS        -0.01128 0.00237         0.25035 0.00257         0.12450 0.00929 0.000000 0.000000 0.000000  2015.65340000
 QHYS        -0.00953 0.00227         0.24779 0.00245         0.13138 0.00919 0.000000 0.000000 0.000000  2015.65620000
 QHYS        -0.00980 0.00228         0.25087 0.00248         0.13162 0.00914 0.000000 0.000000 0.000000  2015.65890000
 QHYS        -0.00909 0.00231         0.25104 0.00253         0.13180 0.00931 0.000000 0.000000 0.000000  2015.66163333
 QHYS        -0.00838 0.00233         0.25123 0.00257         0.13202 0.00949 0.000000 0.000000 0.000000  2015.66436667
 QHYS        -0.00769 0.00236         0.25141 0.00262         0.13221 0.00966 0.000000 0.000000 0.000000  2015.66710000
 QHYS        -0.00948 0.00240         0.24919 0.00258         0.13073 0.00973 0.000000 0.000000 0.000000  2015.66990000
 QHYS        -0.00833 0.00231         0.24993 0.00249         0.12673 0.00945 0.000000 0.000000 0.000000  2015.67260000
 QHYS        -0.00986 0.00244         0.25147 0.00267         0.13915 0.00951 0.000000 0.000000 0.000000  2015.67530000
 QHYS        -0.00859 0.00236         0.24917 0.00252         0.13140 0.00976 0.000000 0.000000 0.000000  2015.67810000
 QHYS        -0.01055 0.00226         0.25011 0.00250         0.13393 0.00946 0.000000 0.000000 0.000000  2015.68080000
 QHYS        -0.00853 0.00232         0.24921 0.00246         0.12761 0.00967 0.000000 0.000000 0.000000  2015.68360000
 QHYS        -0.00894 0.00226         0.25141 0.00250         0.12687 0.00941 0.000000 0.000000 0.000000  2015.68630000
 QHYS        -0.00936 0.00241         0.25093 0.00263         0.12747 0.01022 0.000000 0.000000 0.000000  2015.68900000
 QHYS        -0.00920 0.00221         0.25098 0.00241         0.12079 0.00934 0.000000 0.000000 0.000000  2015.69180000
 QHYS        -0.01068 0.00239         0.25046 0.00256         0.12871 0.00982 0.000000 0.000000 0.000000  2015.69450000
 QHYS        -0.01043 0.00232         0.25168 0.00259         0.12512 0.00950 0.000000 0.000000 0.000000  2015.69730000
 QHYS        -0.00941 0.00227         0.25191 0.00247         0.12535 0.00915 0.000000 0.000000 0.000000  2015.70000000
 QHYS        -0.00979 0.00217         0.25114 0.00238         0.12496 0.00896 0.000000 0.000000 0.000000  2015.70270000
 QHYS        -0.00721 0.00226         0.25074 0.00248         0.12970 0.00929 0.000000 0.000000 0.000000  2015.70550000
 QHYS        -0.00974 0.00228         0.25108 0.00251         0.12913 0.00924 0.000000 0.000000 0.000000  2015.70820000
 QHYS        -0.01078 0.00233         0.24987 0.00252         0.12231 0.00943 0.000000 0.000000 0.000000  2015.71100000
 QHYS        -0.00885 0.00239         0.25297 0.00256         0.12058 0.00973 0.000000 0.000000 0.000000  2015.71370000
 QHYS        -0.00781 0.00237         0.25291 0.00265         0.12404 0.00929 0.000000 0.000000 0.000000  2015.71640000
 QHYS        -0.01138 0.00241         0.25065 0.00259         0.12452 0.00985 0.000000 0.000000 0.000000  2015.71920000
 QHYS        -0.01058 0.00238         0.25406 0.00259         0.13003 0.00985 0.000000 0.000000 0.000000  2015.72190000
 QHYS        -0.00843 0.00238         0.25390 0.00261         0.13396 0.00944 0.000000 0.000000 0.000000  2015.72470000
 QHYS        -0.01124 0.00258         0.25166 0.00285         0.12745 0.01083 0.000000 0.000000 0.000000  2015.72740000
 QHYS        -0.00880 0.00252         0.25360 0.00277         0.12052 0.01026 0.000000 0.000000 0.000000  2015.73010000
 QHYS        -0.00921 0.00246         0.25648 0.00265         0.12026 0.00999 0.000000 0.000000 0.000000  2015.73290000
 QHYS        -0.01161 0.00248         0.25568 0.00280         0.14587 0.01015 0.000000 0.000000 0.000000  2015.73560000
 QHYS        -0.01016 0.00263         0.25296 0.00289         0.12189 0.01095 0.000000 0.000000 0.000000  2015.73840000
 QHYS        -0.01046 0.00253         0.25737 0.00280         0.12902 0.01021 0.000000 0.000000 0.000000  2015.74110000
 QHYS        -0.00987 0.00240         0.25464 0.00262         0.12495 0.00971 0.000000 0.000000 0.000000  2015.74380000
 QHYS        -0.01147 0.00495         0.24943 0.00504         0.12420 0.02166 0.000000 0.000000 0.000000  2015.74660000
 QHYS        -0.01129 0.00476         0.24997 0.00486         0.12482 0.02074 0.000000 0.000000 0.000000  2015.74934167
 QHYS        -0.01110 0.00456         0.25052 0.00468         0.12551 0.01982 0.000000 0.000000 0.000000  2015.75208333
 QHYS        -0.01093 0.00437         0.25105 0.00450         0.12616 0.01891 0.000000 0.000000 0.000000  2015.75482500
 QHYS        -0.01074 0.00417         0.25162 0.00431         0.12680 0.01799 0.000000 0.000000 0.000000  2015.75756667
 QHYS        -0.01059 0.00398         0.25215 0.00413         0.12747 0.01707 0.000000 0.000000 0.000000  2015.76030833
 QHYS        -0.01038 0.00379         0.25271 0.00395         0.12811 0.01615 0.000000 0.000000 0.000000  2015.76305000
 QHYS        -0.01021 0.00359         0.25324 0.00377         0.12877 0.01524 0.000000 0.000000 0.000000  2015.76579167
 QHYS        -0.01004 0.00340         0.25378 0.00359         0.12943 0.01432 0.000000 0.000000 0.000000  2015.76853333
 QHYS        -0.00986 0.00320         0.25434 0.00341         0.13008 0.01340 0.000000 0.000000 0.000000  2015.77127500
 QHYS        -0.00967 0.00301         0.25488 0.00322         0.13075 0.01249 0.000000 0.000000 0.000000  2015.77401667
 QHYS        -0.00948 0.00281         0.25543 0.00304         0.13138 0.01157 0.000000 0.000000 0.000000  2015.77675833
 QHYS        -0.00931 0.00262         0.25598 0.00286         0.13205 0.01065 0.000000 0.000000 0.000000  2015.77950000
 QHYS        -0.01041 0.00222         0.25342 0.00237         0.12542 0.00893 0.000000 0.000000 0.000000  2015.78220000
 QHYS        -0.01052 0.00219         0.25356 0.00232         0.12838 0.00889 0.000000 0.000000 0.000000  2015.78490000
 QHYS        -0.00827 0.00219         0.25507 0.00239         0.13290 0.00875 0.000000 0.000000 0.000000  2015.78770000
 QHYS        -0.00865 0.00226         0.25590 0.00238         0.12890 0.00898 0.000000 0.000000 0.000000  2015.79040000
 QHYS        -0.00786 0.00222         0.25538 0.00233         0.13514 0.00882 0.000000 0.000000 0.000000  2015.79310000
 QHYS        -0.00978 0.00230         0.25714 0.00252         0.13630 0.00911 0.000000 0.000000 0.000000  2015.79590000
 QHYS        -0.00907 0.00234         0.25709 0.00248         0.13959 0.00932 0.000000 0.000000 0.000000  2015.79860000
 QHYS        -0.00893 0.00231         0.25644 0.00239         0.13399 0.00937 0.000000 0.000000 0.000000  2015.80140000
 QHYS        -0.00818 0.00230         0.25558 0.00256         0.13612 0.00928 0.000000 0.000000 0.000000  2015.80410000
 QHYS        -0.01015 0.00221         0.25589 0.00233         0.13099 0.00908 0.000000 0.000000 0.000000  2015.80680000
 QHYS        -0.01005 0.00224         0.25573 0.00241         0.13102 0.00925 0.000000 0.000000 0.000000  2015.80960000
 QHYS        -0.00891 0.00241         0.25782 0.00258         0.13094 0.00967 0.000000 0.000000 0.000000  2015.81230000
 QHYS        -0.00750 0.00244         0.25672 0.00270         0.12990 0.00950 0.000000 0.000000 0.000000  2015.81510000
 QHYS        -0.00994 0.00227         0.25840 0.00245         0.13871 0.00918 0.000000 0.000000 0.000000  2015.81780000
 QHYS        -0.00998 0.00236         0.25827 0.00256         0.14368 0.00959 0.000000 0.000000 0.000000  2015.82050000
 QHYS        -0.00978 0.00227         0.25868 0.00245         0.13275 0.00921 0.000000 0.000000 0.000000  2015.82330000
 QHYS        -0.00894 0.00220         0.25553 0.00235         0.13486 0.00892 0.000000 0.000000 0.000000  2015.82600000
 QHYS        -0.00962 0.00222         0.25610 0.00235         0.13617 0.00898 0.000000 0.000000 0.000000  2015.82880000
 QHYS        -0.00901 0.00223         0.25642 0.00236         0.13315 0.00889 0.000000 0.000000 0.000000  2015.83150000
 QHYS        -0.00852 0.00224         0.25615 0.00239         0.13322 0.00884 0.000000 0.000000 0.000000  2015.83420000
 QHYS        -0.01025 0.00229         0.25954 0.00255         0.13255 0.00891 0.000000 0.000000 0.000000  2015.83700000
 QHYS        -0.01078 0.00222         0.25831 0.00238         0.13690 0.00902 0.000000 0.000000 0.000000  2015.83970000
 QHYS        -0.01059 0.00229         0.25803 0.00251         0.13883 0.00939 0.000000 0.000000 0.000000  2015.84250000
 QHYS        -0.00885 0.00225         0.25822 0.00243         0.13791 0.00899 0.000000 0.000000 0.000000  2015.84520000
 QHYS        -0.01080 0.00220         0.25642 0.00233         0.13575 0.00917 0.000000 0.000000 0.000000  2015.84790000
 QHYS        -0.00848 0.00218         0.25841 0.00234         0.13511 0.00902 0.000000 0.000000 0.000000  2015.85070000
 QHYS        -0.00946 0.00221         0.25972 0.00234         0.13646 0.00883 0.000000 0.000000 0.000000  2015.85340000
 QHYS        -0.01025 0.00227         0.26059 0.00247         0.14582 0.00933 0.000000 0.000000 0.000000  2015.85620000
 QHYS        -0.00980 0.00224         0.25992 0.00250         0.13361 0.00931 0.000000 0.000000 0.000000  2015.85890000
 QHYS        -0.00954 0.00220         0.25865 0.00242         0.13206 0.00897 0.000000 0.000000 0.000000  2015.86160000
 QHYS        -0.01001 0.00221         0.26106 0.00244         0.14105 0.00914 0.000000 0.000000 0.000000  2015.86440000
 QHYS        -0.00990 0.00220         0.26165 0.00237         0.13943 0.00910 0.000000 0.000000 0.000000  2015.86710000
 QHYS        -0.00982 0.00217         0.25969 0.00239         0.13597 0.00901 0.000000 0.000000 0.000000  2015.86990000
 QHYS        -0.01090 0.00217         0.25957 0.00242         0.13487 0.00872 0.000000 0.000000 0.000000  2015.87260000
 QHYS        -0.01091 0.00227         0.25972 0.00261         0.13783 0.00903 0.000000 0.000000 0.000000  2015.87530000
 QHYS        -0.00816 0.00218         0.25802 0.00240         0.13395 0.00905 0.000000 0.000000 0.000000  2015.87810000
 QHYS        -0.01006 0.00219         0.26098 0.00246         0.13085 0.00892 0.000000 0.000000 0.000000  2015.88080000
 QHYS        -0.01028 0.00225         0.26036 0.00251         0.13287 0.00906 0.000000 0.000000 0.000000  2015.88360000
 QHYS        -0.01022 0.00221         0.26227 0.00240         0.13904 0.00893 0.000000 0.000000 0.000000  2015.88630000
 QHYS        -0.01072 0.00221         0.26053 0.00242         0.13705 0.00888 0.000000 0.000000 0.000000  2015.88900000
 QHYS        -0.00918 0.00218         0.26200 0.00243         0.13695 0.00891 0.000000 0.000000 0.000000  2015.89180000
 QHYS        -0.00871 0.00221         0.26463 0.00241         0.13405 0.00897 0.000000 0.000000 0.000000  2015.89450000
 QHYS        -0.01038 0.00221         0.26135 0.00249         0.13334 0.00904 0.000000 0.000000 0.000000  2015.89730000
 QHYS        -0.00902 0.00221         0.26429 0.00245         0.13973 0.00914 0.000000 0.000000 0.000000  2015.90000000
 QHYS        -0.00909 0.00219         0.26317 0.00236         0.13923 0.00891 0.000000 0.000000 0.000000  2015.90270000
 QHYS        -0.01089 0.00218         0.26553 0.00237         0.13606 0.00892 0.000000 0.000000 0.000000  2015.90550000
 QHYS        -0.00922 0.00216         0.26353 0.00232         0.13526 0.00889 0.000000 0.000000 0.000000  2015.90820000
 QHYS        -0.01044 0.00215         0.26404 0.00236         0.13254 0.00888 0.000000 0.000000 0.000000  2015.91100000
 QHYS        -0.01042 0.00225         0.26139 0.00263         0.13510 0.00896 0.000000 0.000000 0.000000  2015.91370000
 QHYS        -0.01050 0.00234         0.26313 0.00250         0.13065 0.00902 0.000000 0.000000 0.000000  2015.91640000
 QHYS        -0.01021 0.00232         0.26336 0.00247         0.13399 0.00906 0.000000 0.000000 0.000000  2015.91920000
 QHYS        -0.00953 0.00227         0.26326 0.00251         0.13604 0.00903 0.000000 0.000000 0.000000  2015.92190000
 QHYS        -0.01209 0.00214         0.26474 0.00230         0.13694 0.00867 0.000000 0.000000 0.000000  2015.92470000
 QHYS        -0.01152 0.00216         0.26488 0.00240         0.13878 0.00894 0.000000 0.000000 0.000000  2015.92740000
 QHYS        -0.01232 0.00222         0.26603 0.00254         0.13401 0.00907 0.000000 0.000000 0.000000  2015.93010000
 QHYS        -0.01146 0.00223         0.26542 0.00247         0.13678 0.00906 0.000000 0.000000 0.000000  2015.93290000
 QHYS        -0.01172 0.00223         0.26490 0.00244         0.14352 0.00886 0.000000 0.000000 0.000000  2015.93560000
 QHYS        -0.01304 0.00222         0.26856 0.00247         0.13605 0.00875 0.000000 0.000000 0.000000  2015.93840000
 QHYS        -0.01186 0.00226         0.26574 0.00253         0.13902 0.00921 0.000000 0.000000 0.000000  2015.94110000
 QHYS        -0.01315 0.00229         0.26612 0.00254         0.14032 0.00936 0.000000 0.000000 0.000000  2015.94380000
 QHYS        -0.01237 0.00232         0.26605 0.00256         0.13727 0.00966 0.000000 0.000000 0.000000  2015.94660000
 QHYS        -0.01049 0.00214         0.26567 0.00237         0.14256 0.00891 0.000000 0.000000 0.000000  2015.94930000
 QHYS        -0.01009 0.00216         0.26449 0.00239         0.13784 0.00897 0.000000 0.000000 0.000000  2015.95210000
 QHYS        -0.01125 0.00216         0.26486 0.00243         0.13755 0.00893 0.000000 0.000000 0.000000  2015.95480000
 QHYS        -0.01038 0.00214         0.26598 0.00229         0.13705 0.00885 0.000000 0.000000 0.000000  2015.95750000
 QHYS        -0.01007 0.00218         0.26671 0.00232         0.13970 0.00895 0.000000 0.000000 0.000000  2015.96030000
 QHYS        -0.01114 0.00217         0.26599 0.00236         0.13432 0.00913 0.000000 0.000000 0.000000  2015.96300000
 QHYS        -0.01113 0.00205         0.26522 0.00227         0.13507 0.00862 0.000000 0.000000 0.000000  2015.96580000
 QHYS        -0.01079 0.00216         0.26745 0.00251         0.13611 0.00891 0.000000 0.000000 0.000000  2015.96850000
 QHYS        -0.01202 0.00209         0.26424 0.00235         0.13330 0.00868 0.000000 0.000000 0.000000  2015.97120000
 QHYS        -0.01146 0.00219         0.26697 0.00252         0.13736 0.00908 0.000000 0.000000 0.000000  2015.97400000
 QHYS        -0.00997 0.00213         0.26646 0.00237         0.14528 0.00913 0.000000 0.000000 0.000000  2015.97670000
 QHYS        -0.01004 0.00205         0.26662 0.00227         0.14340 0.00870 0.000000 0.000000 0.000000  2015.97950000
 QHYS        -0.01033 0.00213         0.26801 0.00232         0.14595 0.00878 0.000000 0.000000 0.000000  2015.98220000
 QHYS        -0.01105 0.00214         0.26630 0.00236         0.14392 0.00881 0.000000 0.000000 0.000000  2015.98490000
 QHYS        -0.01052 0.00205         0.26686 0.00224         0.14236 0.00868 0.000000 0.000000 0.000000  2015.98770000
 QHYS        -0.01024 0.00212         0.26689 0.00242         0.14896 0.00899 0.000000 0.000000 0.000000  2015.99040000
 QHYS        -0.00963 0.00209         0.26477 0.00230         0.14005 0.00866 0.000000 0.000000 0.000000  2015.99310000
 QHYS        -0.00687 0.00226         0.26404 0.00248         0.15161 0.00893 0.000000 0.000000 0.000000  2015.99590000
 QHYS        -0.02221 0.00395         0.25411 0.00495         0.18462 0.01052 0.000000 0.000000 0.000000  2015.99860000
 QHYS        -0.01164 0.00203         0.26736 0.00227         0.14983 0.00850 0.000000 0.000000 0.000000  2016.00140000
 QHYS        -0.01223 0.00203         0.26666 0.00230         0.15078 0.00857 0.000000 0.000000 0.000000  2016.00410000
 QHYS        -0.01110 0.00217         0.26591 0.00244         0.14962 0.00916 0.000000 0.000000 0.000000  2016.00680000
 QHYS        -0.00990 0.00211         0.26787 0.00232         0.14835 0.00883 0.000000 0.000000 0.000000  2016.00960000
 QHYS        -0.01110 0.00210         0.26693 0.00234         0.14213 0.00885 0.000000 0.000000 0.000000  2016.01230000
 QHYS        -0.01085 0.00214         0.26686 0.00239         0.13901 0.00899 0.000000 0.000000 0.000000  2016.01500000
 QHYS        -0.00921 0.00223         0.26846 0.00247         0.13712 0.00886 0.000000 0.000000 0.000000  2016.01780000
 QHYS        -0.01083 0.00220         0.26844 0.00240         0.14902 0.00898 0.000000 0.000000 0.000000  2016.02050000
 QHYS        -0.01018 0.00220         0.26953 0.00248         0.15093 0.00927 0.000000 0.000000 0.000000  2016.02320000
 QHYS        -0.00818 0.00221         0.27038 0.00244         0.14912 0.00916 0.000000 0.000000 0.000000  2016.02600000
 QHYS        -0.00880 0.00216         0.26828 0.00242         0.14327 0.00896 0.000000 0.000000 0.000000  2016.02870000
 QHYS        -0.00599 0.00216         0.26645 0.00246         0.14608 0.00908 0.000000 0.000000 0.000000  2016.03140000
 QHYS        -0.00745 0.00213         0.26968 0.00248         0.14840 0.00868 0.000000 0.000000 0.000000  2016.03420000
 QHYS        -0.00761 0.00226         0.26953 0.00262         0.15696 0.00927 0.000000 0.000000 0.000000  2016.03690000
 QHYS        -0.00855 0.00217         0.26910 0.00251         0.15595 0.00907 0.000000 0.000000 0.000000  2016.03960000
 QHYS        -0.00652 0.00218         0.26790 0.00246         0.14906 0.00897 0.000000 0.000000 0.000000  2016.04230000
 QHYS        -0.00761 0.00216         0.26904 0.00248         0.14973 0.00888 0.000000 0.000000 0.000000  2016.04510000
 QHYS        -0.00819 0.00212         0.26735 0.00243         0.14997 0.00866 0.000000 0.000000 0.000000  2016.04780000
 QHYS        -0.00783 0.00214         0.26869 0.00244         0.15084 0.00894 0.000000 0.000000 0.000000  2016.05050000
 QHYS        -0.01419 0.00230         0.26620 0.00262         0.15487 0.00889 0.000000 0.000000 0.000000  2016.05330000
